011010101
0110101
0101010
0100010010
00100101010
01010110
0101001001
010101001
010101010
10101010
10010100010
01010000010
0100101010
0010010010
100101010
1001010010
1001010
10101010
01010101
001010101
10001001010
10010010010
0100101010
010010010
010101001
01000101
10001010010
10101010010
100100101
000110101
1010101
010100101
01010101
010100101
01010101010
001010001010
010101010
010101010010
0101010010
10101010
100101
1010101
0110010010
010101010
100101001
010010101
01001001010
100100101010
0101010010
1000100101010
010001010
01011010
0010101
0101010001
