10110010
010101010
01010010
010101010
01010011
001101
01000110010
10101010
01010101001
1010001
0101010010
1010101
10101001
01001101
0101010
10101010
01001010010
11001010
0101010
010100110
010010000010
0100010010
01010101
10100101
100101010
01001010
100010101
0010101
101001001
1010101
01011
0010101
10101010
010001010
0101001
1010101
10010101
010101001
010100101
0101001
10010010
0101001010
1010101
01101001
0101001
0010101
01010100010
0101010
010101010
010011010
10001010
010001010
0111001
001010101
001010101
0100101001
1010101
10000010101
01010101
01001001
10010101
100010101
00101001010
01011010
1001001001
01001001
010101
1010101
111010
00101010
100100010
010101010
1010101
1001001
0010001010
0100101010
1010010101
01010101
01010010
10101010
01010101
100010101
01010101
10010101
100010010
100101010
010101010
100100101010
00100101
1010101
01010101
010010101
001001010010
010101010
0101010
10101010
010010101
0010101
10101010
00101010010
10101010
0101010
10101
1001101
0101001010
100101010
00100001001
1101001
0010110010
10001010
10001001
01010101
10010101010
00101010
1000010010
101001010
100101010
10101010
10101010
000110
0010101
010010101
1010010
1010010
101010
0100000
01010100
0101001
01010101
0110101
0110101
101010010
0010101010
00100101010
010101010
10100101010
10100101
010101
0101010
01010010
100100101
10100101
101010
1010101
010101
100101001
01000101
01000101
101010
00100101010
00010001010
010101010
10101010
10101010
010101010
01011010
011101010
0010101010
01010101
01010101
010101010
010101010
01010001010
011001010
0101001010
010101010
00010101010
101001010
001101
01100101
0100010010
100001010
01001010
10101010
1001010010
101001010
00100101010
00101010
01001101010
101010
010010010
0101010
010101010
001010010
0010101001
0100101
100101001
0100101
01001010
01010010
10010110
010110010
101010
01010101010
010101
0111001
01001010
010101010
010100010
10101010
10100101
001010101
100101001
1010001
010101010
1001010
0101001010
0100101010
10001010010
0101010010
00101001
01010101
1000101010
101001010
010101
001010101
010110010
01101010
10101001
1010101
1010010
01010010
0101010
00101010
00101010
10101010
0010101
101100101
1010101
0110101
010101010
0110010010
1010101
01010101
10010010
101010
010010101
010101
010010101
0100101
00101010
0100101010
0111001
10010101
01101010
01010010
10001010
01001010
1001001001
0101001
1001001010
101001010
101001
100101
00101010
01001010
01001010
001001010
0101001010
0110010
00100110
01001010
10010101
010100101
00101010000
010101010
00101010
10101010
01010101
101001
1001001010
0101010
0101010
01001010
10101001
010101001
0010101010
0101010
101101
010011
010101010
00010101010
010101010
0010001010
01010101
01010101
0010101
1000101
010101010
010101010
01010101
0101000101
01010101
0101010101
010010101
1010101
0001010010
10101010
01001010010
0100011010
0100101010
100101010
010101010
100101010
0010101
10100101
01010010
011001010
0101010010
10101010
01010101
110010
101000101
010101101
0010101010
001010010
10100010
1000101010
1010101
00100101
001001001
01010101
10001010
010101010
01010100010
1010001010
01011010
0101001010
1010101001010
101010010
010100010
10101010
011010010
100001010
0100101010
0100101010
0100101
1000100101
010011
01001101
0100101010
001001010
1000101
00101101
1001001
100101
0101010
1001010
010101
1010010
010101010
10010010
100101010
110110010
010101
1100101
01011010
1010010
010101010
1001010010
0100101
01010101
01001010
01010010
10010010010
010101010
10000101010
010010010
00101010
100010101
01101001
0100101001
0010100001
1010101
00101010
01001010
0010010101
100100100
01001101
01010101
110001010
100010010
0101101010
010101010
1001001010
10101010
101010101
01100101
010010101
01010101
010100101
0010010001
01010101
0101010101
10101001
10010101
10101
010100101
10100101
010010101
0001010010
010101010
101010010
01010010010
1010101
1010101
100101010
001010100010
010101010
0101010
0101001010010
101010010
1010010101
011010101
0101000010
010010010
0000101001
101010
1001010010
010010010
010101010
010101010
0101001
01101001
0101001
10100101
010000101
0100101
01001010
01010001010
001001010001
00100101
101010010
10000100010
0101001
1010101
01001010
010010010
0100101010
0100110010
0100101
0100101
0100101
01001001
01010010
0101010010
0100110101
00100101
01010101
010101001
0101010010
1001001010
010001010
1010010
01001010
010010010
1010001110
10010001010
010100101
10010101
100101
0010101
00100101
01001001
1010101
0010100101
10010001
011001001
01010010
10001011
010101010
01001010
101010010
00101010
01010101
1000100101
00100101001
10100101
10001001010
010001010
0100100101
001010101
010101000010
0100101010
10100101
0100010101
101010
10101010
0100101001001
100100100101
01001010010101
1000101001
10000100010
000000101010
00101010010
000101010
0101010010
0000101010
101101
01010101
010101010
000100101010
101010010
0101010
0110101
0100101
0010101
0100101
001001010
10101010
0110101
0101101
010101010
101001010
0101001
0101001
01010010010
010101010
100010101
10100001
01011010
000010010
101001010
00101010
101001010
0010010010
10101
01010101
001001001
00101001
010001010
10101010
100101
01010101
000101010
010101010
01010010
01010010
0101010
1010010
0101010010
0011010
010101010
00101010
010101010
01001010
0100100101
1010101
010010101
001010101
10010010
10101010
001010010
010101010
0101001010
1010010
010100010
01001010
1010101
100100101
01101010
00101010
1010001010
0101001010
0100010010
10100101010
00101010
10101010
001001010
1010001010
100100110
001010010
10010101
0100100101
00101010
00010100010
0101101010
010101010
001010101010
0101010010
01010010
01010110010
01001001010
1001001010
000100101001
1001001001
10001010000
01001001010
0100101
100101001
10100000101
1001001
1011000010
010101010
1000101010
101010010
010010101
001000101
0101101010
01010010010
010101010
1001001010
0010100101
01010101
01010101
1000101
010001010
101010010
001010101
0100101
010101010
0101010
00110010101
1010101
101001010
10101010
10001001010
000101010
00010101
0101001001
10101010
10101010
01010101
1010101
01010101
010010101
0100101010
010010010
0010101010
010101010
010101010
001001010
101001
101001
010101010
10010010
010101010
101001010
01010001010
01010010010
1010101
10100101
0100010010
100101010
0100101
1010101
010101010
010010010
01010101
01001000101
101001010
0101010010
010101
010010101
01001010
010101001010
10000101
010100101
001010001
1010101
01010101
10100101
0100101010
101010100
010101
100101
01001001
0110101
00101001
100101101
010010101
1001001
101101
0100101
1010010
10101001
1000101001
01010001
10010101
0100101
1010001001
01100101
0100101010
0101010
010101010
0100101010
00101010
10101010
1001010101
010101101
10101010
10101010
00100101010
0010101010
0010101
010101001
001001010
01001010
0100101
01010101
0101001
10101001
10010001
1010101
010101001
0100101
01010010
1010010
0100101010
0101001010
01001010
10010010
1001010010
0010101010
01010101
1010101001
01010101010
1001001010
0010101010
1011001010
011001001
0100101
010101010
0100101010
1010101
01010101
0101010001
010101
0100010101
1010101
0010001010
00101010
1001001010
0010001010
100100101
1000101
1001001
101000101
010101010
00101001010
100100101
0010101011
01101
0011
01001010101
010100101
0010101010
01010010
01010010
010101010
00101010
00101001010
010101010
1000100010
01001010
001001001010
01010101
1001010001
1010010
100101010
1000000010
0010001010
0101010010
10010010
0100010100
101010101
010101010
010101010
1001001
1010101
1010101
10100101
10111
01010101
0101001
10010101
1000101010
0010010010
000101001
10101000101
010101010
11001010
0100010101
0100101
01010010
1010100101
1010101
101001001
10100101
101010
0010101
0100101001
1010101010
0101010010
010101010
0101010
101001010100
1001010011
1000101010
101010010
010101010
0101001101
010001001010
01001010
100100101010
10001010
010010101
001100101
010101010
00101010
0010001010
0101010
001000000101
001010101
10010100100
1010010
00101001010
01001010
01010101
100101
100101010
010101010
1001010010
0010101010
01010101
1010101
10010011
101001
010101010
0101001010
100010010
100101010
01010101
1011001
10010100
0101001
11010010
010101010
000001010
101001010
0100101010
100001001010
010101010
1001010010
0101010010
101010010
001001010
100010001010
101001010
010101010
0010010010
00101010
100101001
0100101
011010010
1010101010
10010100
010010101
0101010010
101001010
0100101
10101
1010101
10100101
010101001
010101011
10101010
1000101010
01010010010
101010
010011010
01001010
010110010
01001010
1010010001
1010101
10101010
000101010
001010101
0101011
101010010
010101010
01001010
0011001010
1010010101
0010000101
01011010
00101010
10100101
01001101
101010
101001010
1001001010
101010
1001001010
101001010
01010010010
01010010010
00100100100
100000101
100101010
00010010010
01001001010
010001000010
0101010010
010101010
1000101010
010101010
0101010010
01011010
1001001010
0101001010
0101010010
101010010
10010101010
1010100010
00101010
010100001001
01010101
101010101
101010
010101010
1001001001001
01001001
01010010010
10100110
0101001
01010101
1001001010
0101001010
010000101
1010101
0100101
01010101
0010101
10100101
101001010
01001010
101001001010
10101010
1001001
10101001
010010010
000101010
01001001010
010101010
01010101
0100101
010101010
10101010
1010010
10010010
01000010
1001010
01001101
10010101
100010101
1010101
001010010
010101010
01010010
10001010010
010101010
010101010
10101010
100101010
100100101
1010101
01010101
01010101
010101010
0010101010
001010101
10101001
1010010001
1010001
011010
00101010
10010101
01010101
10100101
01010100
01001001010
0101001010
10101001010
00101010
010010101
0100101
110010
10001010
1001001010
010101010
0101010
10100010
011010010
101001010
000101001010
10011001010
0010010010
001001001010
101001010
10010010
01010101
10001010000
0101001010
100010010
10010101010
010101010
001010010
100101010
01010101
10101001
10101010
00101010
101010
010101010
01010110
0100110010
1010101
0101001
10100101
010010101
010100101
100101
01011010
0001010
0111010
001001010
01001001010
00100010010
100001010
101001010
01010101
010100101
10101010
010101010
10001010010
0101001010
0101101001
010101010
010100101
00100101
010101010
0101010010
010101001
010010101
011101010
010101010
0100101001
01001010
0101010
0100101010
01010101
1010101
0100100101
10100101
00101001010
01010010
1001100101
0010100101
101000001
010101001
0101001010
0100010
10010001001
101001
1001010010
01010010010
1001001010
101010
0101000010
0101001010
0100101010
010011
101001010
0101010
01010001
1010101
010100101
1010101
10100101
101001
01010101
1010101
01001010
0101010
100101010
001001010
1010100101
0101001001
00101010
101000101
010101010
101001010
100101010
1001001010
01010101
0101001
0101001
1001001
0101001010
10101010
0101010
101001010
101000110
0101010
0100101
01010101
010101
010100101
0101001010
101010010
0101001
100001101
1011001
1010101
100101010
01010010
00100101
101001
1001010010
01001010
010000101
01010101
001010010
010010
0101011
1001001001
0100101
01010101
0100101
0101001
00101010
00101010
010101
1010101
0000101010
01010010
0100111
0101010
010010101
010101
100101010
0010101010
0101010010
00101000010
10101010
010101010
101001010
010101010
1010101
1000101
00101001010
10101010
010101
0100101
1010010
0101010
00101001001
00100101
000101010
001010010
0101010
0010101010
100101010
0100101010
0101010101
1101001
10101010
10010010
10001010
0010100010
0101001
1010101
0101010
0101010
1010101
1010011
000101010
10010010
10100100010
0110001010
0110101
10101001
0100110
001010101
1001001
1010101
100001010
10101010
10101
00101010
10101001
01001101
