010101010
010101010
010101010
01010010
0101010110
010101010
010110010
010100010
01001001
100101010
100101010
00101101
01010101
01010100
010010100
01010101
01010101
010001010
100101010
000101010
010101010
1010101010
010101010
101001010
010101010
010101010
010001010
010101010
010100010
010101010
010101010
1010101
01010101
01010101
010001010
010101010
01011001
01010101
010101010
010101010
01010101
010100101
100101010
010101010
01010101
01010101
010001010
01101010
01010101
01010101
0100101
01010101
0110101010
010101010
01010101
01010101
01010101
10010101
010101010
101001010
01001010
010101010
01010101
01010101
01000101
01010101
0101001010
010101010
0101001001
010100101
01010101
00010101
010101010
010101010
100010101
01010101
010101010
010101010
010101010
011010010
1010101
11001001
1010001010
010101010
01010101
01010101
01010101
0010101
10000101
01010101
01010101
010100101
00010101
01010101
010101010
010100110
010101010
010101010
010101010
010011010
010101010
010101010
010101010
010101010
010100010
0101001010
1010010
010101010
010101010
010101010
010101010
011001010
010101010
010101010
001001010
0100000010
010101010
101001010
01010101
1010101
1000101010
010101010
01010101
00101001
10010101
10010101
1011001
01001001
01010101
01010101
01010101
01010101
010101010
010101010
010000001
01010101
010101010
010101010
01010101
01010101
10101010
010001010
010101010
1001010
010101010
010101010
01010101
01010101
1001010010
001010010
01010101
01001101
01010101
01010101
01010101
01010101
0101001010
010101010
010101010
101000110
010101010
010101010
010101010
0101010010
010101010
010101010
01001010
010101010
100101010
010101010
010001010
010101010
100100010
010101010
010101010
010101010
010101010
010101010
10010101
01010111
010101010
1001001010
010101010
00101010
010100010
010101010
010101010
011010
010101010
10011001
101000101
010101010
1000101010
010101010
010101010
010101010
010101010
010101010
010001010
100101010
10101010
100101010
0101010101
101001001
0101011
01100101
010101010
001001010
0011001010
010100100
01010101
01010110
010101010
1010101
010100101
010101010
010101010
01010101
010101010
01010101
0100101
010100011
10010101
01010101
010101001
0100101
01010101
010101010
100101010
010101010
010110010
01100101
01010101
010101010
010101010
001011010
010101010
0100101
01010101
010101010
010101010
010101001
0101101
010101010
010101010
0101010010
100010010
010101010
100101010
010100010
010100010
01010101
10010101
010101010
000101010
0100101
01010101
01110010
100101010
010101010
101001010
1010101
0100101
010101010
100101010
010101010
010101010
001101010
101011010
01010101
10100101
01010101
00101001
01010101
010101001
1010101
01010101
01010101
01010101
010011001
01010101
01001001
001000101
010101010
010100110
010101010
010101010
001010101
01010101
0100100100
011001010
010110010
010101010
010101010
010101010
0101001010
0101001010
010101010
010101010
010101010
010101010
000010010
010101010
010101010
010101010
0101010010
01001010
10010101
001010101
01010101
010101001
01010101
01010101
01010101
01010101
01010101
01010101
1010101
01010101
010011010
010101010
10010101
01010101
01010101
001010101
01010101
01010101
000001010
01010101
010101
0100101
100101010
010101010
01010101
01010101
010100010
010101010
010101010
100101010
0110101
010101000
10101010
010101010
01010101
01010101
01010101
01010001
01001101
01010101
01010101
01010101
0101001010
010101010
01010101010
010101010
010101010
001101010
010101010
010101010
01010101
1010001
010101010
010101010
010101010
010101010
01010101
01010101
01010101
0010101
010010010
010101010
011010101
01010101
01010101
010101001
001001010
010100110
01010101
01010101
01001010
010101010
001001001
00100001
010101010
1000101010
010101010
010101010
010101010
001010010
010100100
10101010
010101010
010101010
011001010
001101010
1010010
010101010
01001010
010100010
101001010
01010101
01001101
010101010
010101010
010101010
000101010
010101010
010101010
01010101
01010101
010101010
010010010
010101010
010101010
10010001
01010101
010100101
01010101
10010101
01010101
10101010
010101010
010101010
010101010
010101010
010101010
01010110
01001011
01010101
00100101
01010101
01010101
010100010
010101010
10010110
01010101
100101010
010101010
010101010
010101010
10010101
01011001
010101010
010101010
01010101
01010101
100101010
010101010
01010101
01010101
000101010
010100010
01010101
01010101
01010101
10010101
01010101
10010001
010101001
01010101
01010011
10010101
010101010
010101010
01010101
01010101
010100010
010101010
01000001
01010101
01010101
01010101
01100101
01010101
01010101
010101010
01001010
010101010
010101010
010001010
10101010
01010101
01010101
10010101
01010101
0101010
01010101
100010101
01010101
01010101
01010101
01010011
01010110
010101010
10100101
01010101
010101010
010101010
010101010
010101010
01010101
01010101
01011010
000101010
01010101
01010101
100001010
01010110
10010101
01010101
010101010
100101010
10100101
010101010
01010101
