010100101
101010101
1001001000101
0110101
010010101010
0110010
01010101
0001010101
01010101
01010101
010010010
001001001010
01010010010
100101010
01010101
01100101
010010001
00101010101
0101001010
1001010101010
0010101
001001001
1010101
1010101
100011010101
0100101
0010100010
10101010
0101011
010101010101
10101010
10101010
1001001010010
0100101010
10010010010
01001010010
01011010
010101010
0100100101
01010101
01010101001
0101000101
010101001
010101001
0101001010
100100101010
1010101
0101010101
0010101010
1000001010
0100100010
0100101010
1000101010
01001010
001001010
010001010
10010101010
0010010010
1001010101
10100101
10101010
101001010
010101010
01010100010
01010101010
01001101010
1010101010
010101010
01010101
10100101
00010100101
11011001
10010011
01010101
010100101
01010101
001000101
01010101
01010101
01010101
0101101
010100101
1010101
01010101
001010101
0101001001
1010101
01010101
010101010
10010010
010101
10101001
0100101
1010101
010010101
0110101
10101010
011010010
1010101
10010101
0100101
01010101
100010011
010010100100
0101000101
0100101
100100101
001010101
0100110010
100001010
0100101
0101001
101001010
01010100010
10101010
01001010
1010100110
001010101001000
00110101
01010101
00001010101
10010100100
0010101010
0101010
01010101
001001001
0010101
10101001
010100101
010001010
0101010
101001010
10001010010
01001010
010001010
10101010
10010001010
10110010
100010101
01001010001
1001010
01001001010
10101010
0100101010
00100101010
0101010
0100101010
0101010
010101
1000101
0010101
101000101
0010001010
00100100010
0010101001
010101001
101000101
01010101
001100101
100001010100
0101100101
010100101
01010010
101001010
1010101
0101000101
1010101
100100001
10001010101
010101010
