1000101010
1000101010
100100101
10100101
0101001010
0010101010
10001001010
1010010010
100101010
00101010
00010101010
0010001010
0100010010
0010101010
010101010
00100101010
1010101
10010101
01001100010
00101001010
100110010
00010110
010101001
010100101
101101
01001001
1001001010
0001101010
0010101010
10010101010
0100101010
1001010010
010100101
1010101
00010101010
00110001010
10100001010
0101010010
010101001
01010101
0101010010
00101001010
00101001010
010110010
0100100101
0101010101
00110101
01010101
010100101
0010100100
0101001010
00101010
100000001
011001011
010101001
0101001
1010101
01010101
0100100100
010101010
0100100101
010011001
1010101
0110101
0101010
01010101
0100101010
010101010
10010100
101001001
100110010
0101001010
001101010
01001010010
100010
010010010
10101010
10011010
1010101
010100101
010101010
001001001010
1010101
1010101
1000101010
10100110010
01001010
01001010
101001
00100101
100101001
01010101
01010101
01010101
01001010
010011010
010101010
01010101010
0010101001
01010101
0100100100
01010010
10100110
0010010010010
01001001010
0100101010
00101010010
0100101010
010101010
101010010
00101001010
00010101010
101000101
01010101
000100010
01001010010
0100101010
010101010
010101
0010101
1000010010
001010001010
010100101
1000101
0101010
01001010
0101010001
0100101
0010110
01001010
0010101
0100101
01001010
0100100010
1001010001
1000010101
01001010101
100100101
10101010
1001001010
1001000101
10001001
01010101
001010101
01010101
10100101
010101010
101010010
010010101
1010001001
100101010
00100101010
01010001010
00101010
0101101
1010101
0100100101
10100101
0101010
01010100
0010101010
0100101010
1000101010
010001010
010100101
0010100101
01000101010
010101010
010010101
001010101
10101010
01001001010
00101010
001001010
01010101
10010101
10010101
01010011
00101001010
0100101010
10010010
01010101
1010101
00100101
10010101
100100101
101010101
010100010
0010100010
01010010
0101001010
10101010
10000100101
1010101
100101
1000101011
010100010
1001010100
100100010010
10101010
10010101
01110101
0100101
0000111
1010101
01010101
1001010101
010101010
101001010
10000101010
10010101010
01001010010
10010101
01010101
00101010
1010100000010
0010101010
0100101010
10100101
1010101
01001001
1001001001
0101010
1010101
00100110010
0101001010
100101010
1000101010
001000101
010010101
01100101010
1000101010
00010101010
00101010
01010010
00101010
01010010
010101010
010101001
001000101
00101010
010101010
1010101
0101101
100101
10100101
0101001010
0101000110
01010010
0101001010
1010101
010101101
01001010
0010001010
010101010
0010100010
010101
10001001
