101001
010010001
1010101
010101
1001010
010101
0101010
1010010
01101010
10100010
100100101
0010101
100100010
100101010
1000100010
0101010
1010110
0101010
1010001
101010
101010010
01001010
1010101
0010101
100101010
010101010
010101
01010101
0101000010
01001010
011011010
010101010
01011000
0100010010
101010010
01100010
1010101
01010010
0100101
010010101
100101010
001010010
10010101
0100101
00101001001
0100100101
01010101010
010101010
010010010
001010001010
101001010
010010010
000110101
10101000001
101000101
1010100001
010101010
10011010
101010001001
01010101
