010101010
010101010
10101010
1001001010
010100101
101001
10101001
100001001
1001010010
0101010
1000101010
001001001
010101010
1001001010
010101010
0101001010
00101010
10101010
010010101
1010101
11010010
1001001010
10101010
0010101010
010100100011
1010101
1010101
01010100101
001001010
00101010
001010101
1001010101
100101010
010100101
10101010
00101010010
0100101010
010101010
1010101
0001101
0000101010
010101010
01010101
10010101
011010010
10101010
100101010
010101010
100100101
10100101
001010101
010100101
10101010
10001010
01010101
01010101
01010001
10100101
01001001
101000101
1010101
1010101
100101010
100100101
01010101
100100101
00101010
10001010
10100101
01010101
010101010
10010010010
0100101010
1000101010
10101010
10100101
011010
010101010
01010101
001010101
01001001010
0101001010
1010101
100010101
0101010101
1000101
010011
001010101
1010001010
10101010
01010101
01010101
0010001010
1000101010
10101010
010101010
0101001010
010101010
010100101
101001000
1010101
010010100
0101001010
010101010
11010101
01010101
10010101
0101101
101010010
001101010
010101010
010101010100
01001010
10101010
100000101
010100101
001001001010
10101010
01010101
010101001
1010101
010100101
0101011
01010101
101010001
01010101
0101010
101001001
10101010
0100101010
01010101
01010101
10101010
0101001010
10010101
010010101
010010101
1010101
001010101
10010101
001010101
00101001
010101001
010101
01010101
01010100
100100010
1001001010
00101010
1000001010
101001010
0010010101
1101010101
01010101
1000101010
101001010
1010001001
1010101
01010101
100010101
011010001
101010101
10101010
10101010
010110010
10101010
01010101
0100110
101010
1000101010
001001010
1010001010
10100101
0100101
10101010
0000101010
10010101
00101001
010101001
10101001
011010010
00101010
01010101
0100101
010100101
1010101
010100101
010010101
101010010
101001010010
101001010
010101010
101010010
101001010
1001010010
1000011010
0010101010
00010100010
0100101
001010101
101000101
100100101
1010101
1010101
01010101
10101
01010101
010010000
0101001010
10101010
1010101
01010101
0101100101
10010101
10010101
0100110
01101001
0100001001
00000001010
10101010
1001001001
100100101
1001000001
010101001
10010101
0101010100
010101001
001010001
101001010
10101010
0101010010
010101010
001001010
10101010
010010101
10101010
101001010
011001010
001011001
1010101
100001010
010101010
010110010
01010010
1010010
00101010
01001010
0010101010
011010010
010110
1001010010
0000101010
10101010
0100101010
011010010
10100010
010100101
100101101
0101010
010101010
00101010
00001010010
001010010
1010010010
010101010
101010010
01000101
100100101
01010101
0100100101
001010010
0101010010
0010100101
1101001
10100010010
0101001010
100100101
010100001
01010101
1010101
00100010010
100001010
01101010
00001010010
0010101010
0101001010
01010101
101010001
010101010
10101010
00101010
010110010
00101010
0010101
01010101
10101010001
0100101
001001001
1010101
001010011
1001001010
01010101010
01011010
000101010
010010101
0101001
10001010100
01001010
0101001
1010101
100010101
10010100
00101010
0101010010
01001010100
0100101010
01001001
010101001
10100101
0011101
1010101
001010100101
01001001
10101001
010110010
00100100010
0010100010
0101001010
1001010
010101010
10000101000
00101010
10010101
10100101
01010101
010010101
