01010101
0101010100
10010101
100100101
100101010
1101001010
001010101
001010001
01010101
10010101
0101010010
010101010
0101001
000101001
101010101
010100101
010101010
101001010
000101010
0101010010
101010010
100101010
01001010
010101010
10100101
0100100101
100010101010
0101001010
0100101010
101001010
0010010010
10101010
1010101
01010101
101010010
01001001010
010101010
01001010
01010011
001010101
0100101010
100001010
100101010
01010100010
1001001001
01010101
01001001
1010101
010100101
0101001001
0101010010
0101001010
10010101
1010101
001010010
0101010000010
0100010001010
0101010010
01001010010
01010001010
101001010
1001001010
010101010
10010010010
00001010010
0001010010
101010010
1001001010
00100110
01010100010
010101010
010101010
000101010
010101010
01010101
10010101
01010100
100101001
010100101
1010001001
01001010
100101010
