10010101
10110011
0100100110
00101010
010100110
101010010
01010010
10010010
01011001
01010101
1001010010
0100101010
10100101
101010101
1000101010
101010010
010101010
001101010
010101010
100101010
1001001010
1001000010
10100110
0101001010
101010001
01010100100
01001010
10010001010
00101010
010101010
01010101
010100101
10000011
00100101
001010010
00101010
010010010
100100010
001001010
1000001010
0101001010
0101001
0100110010
0100101010
1010000010
0101001010
10101010
010101010
10101010
001010010
010101010
001010010
101001010
001010010
101010010
100101010
1010101
1010101
010101010
10100101010
101011000
01001010
0100101010
00010101010
0101010100
10010010
010101010
010101010
1000101010
001001010
10000101010
01001010
01010101
010100101
0101010101
0100101
000101010
1010001010
00001010
010101010
100100110
10101010
01010101
1010101
010100010
00100010010
10001001010
10010101010
0010101010
011001010
