010101010
0101001010
0010101010
01010010
0101010010
10010010010
101010110
1001010010
01001001010
001001010
0101001010
1000101010
010100010
00101010
1010101
1100101
01010101
01010101
01001001010
0110010
0101010
010100010
001001010
10100100
00101010
01001001010
01010101
01010101
100101
01010101
1001010
10101010
01001010
0101001010
0010010101
101001001
1001001010
0101010
10101010
01010010
1010101
01010101
01010001
01010101
010101
01100101
10101010
00100010
10010101
1010001
1001010
010101010
1000101010
010101010
00101010
010101010
00101010
101010010
01010101
0100110101
10101010
0100101010
01000101001
01010101
10100101
0100010100101
010010101
0101001
0101001010
00100101010
010101010
100010010
010101010010
01001010
010101001
0101001
0101010
010101010
101001010
00110010
1010101
10010101
000101010
010101010
00101010
010101010
0100101010
0100101
10101010
0101001010
0100101
01011001
1010101
00100101
0101010
01001010
00100101
00101001
0100101
010010101
011010010
01010101010
01010010
00101010
0001010010
010011010
010101010
100101010
0100100101
101001
01010101
01010101
1010101
100110101
010101010
00101010
10101010
100101010
0100010
01010010
001010010
1001010
0010101010
00101010
10101010
001001010
1001010010
00101010
101010010
100101010
1000101010
10010000010
010101010
0101010010
101010010
100010010
1000101
001010101
101001010
10101010
1010010
010101010
010100101
10001101
01010100101
1010101
01010110
0101010
0101001
1010101
1010101
001010100
0100101
0010101
01010101
01010101
100010010
000010010
10100100
0101100100
010100101
0100101
1000101
0101001
01010101
101000101
010110010
0110010
01010010
1001001
10010101
1001001
101010010
01010010
00100100010
10001010
101010010
00101010
0101010010
0010110010
010101
100010101
101010010
010101010
101001
1000101001
00101001
1010101
00001001
100010101
10101010
00100001010
10100100010
0101001010
001010010
1001010010
0010101
000101001
00101010
00101010
10010010
010101010
0101001
1000101
101101010
00110010
010101010
01001010
0101010010
0100110010
100101010
00101010
1010101
01010101
01010001010
101010010
100100010
1001010010
01010101
01010101
0010010010
010101010
010001010
10101010
1010010010
01011010
001010010
01000101010
01010101
1000010101
010010101
10100101
010101001
00100101001
010010101
001001
0100101010
001010100
10000101
010010101
010011010
010101010
0010101
010100101
01010001
001010101
10101010001
0101001001
01010101
010101
1001010
1001010
00101010
10101001
100110010
010100010
010100101
1010101
101001010
001010010
01001011
101010
010010010
10101010
10010001010
10001010
01001010
01001001010
10100001
0101001
0101010
10101101
1010101
10100101
01010101
00101001
0101010
10001010
01010010
01010010
01001010
10100010
101010
10100101
10100101
01010101
101010
1010001010
0100001010
01001010
010101010
1001010010
001010001
010010101
0101010
0101010
10010101
010101001
00101010
001001010
01010010
010101010
01010101
0101011
010101010
010010
10101010
010101010
0101010
0101010
010010101
00100101
010101
00010101
01010101
1010101
010101010
0101010
01001010
101001010
01001010
0101010010
010101
01011001
010101010
10100101010
10101010
010101010
100101
00100101
0100101
0010101
001001010
01010110
10101010
01010001010
01001010
010101010
10101010
01010001010
010101010
01010101
01010001010
01001010
10100101
01010101
101001
011010010
101010010
100101010
00100101
10010101
010010010
1010010
1101010
10001001010
0010100010
010101010
0101001
1010101
1101101
10010101
00101010
010101010
010101001
01010101
0100101010
100101010
01000101
01010101
01010010
1000101010
100001010
011100010
01010010
0101010
001001010
010101010
001010010
1001010010
10010100
010101010
00101010
001010010
0101001010
0101010010
01010101
1010101
0100101010
01010010
0010101
10010101
10010101
0100101
1000101010
1001010010
010010001010
01001010
01010101
0100101
010011
1010101
010101010
0101010
0101001010
0010101010
00101010
001001010
0101010
1011000110
100101010
00101010
10101010
010101010
10000101
10100101
001010010
1001010
010101010
01001010010
1000101010
001010010
010010101
00100101
001010101
100100101
000011010
010101010
1000101010
0010010110
01001010
010101010
0100101
001010101
010101010
01001010
01010101
101100001
010010100100
0010100100
01011001
001010101
010110010
1011000010
01010010
0101010
101001
010101
000101
00100100101
01101010
0101010
0101010
010101010
1010101
0010101
01010101
001001001
10101010
011010010
0010010101
110000101
10010101
10101
01010101001
10010101
010010101
1010101
1001010010
01001001010
01010101010
01010010
00101010
0011010
1010011
0100101
01101001
101000101
1001010
101001010
010001001
01010101
0101011001
10010101
01010010
000101001
10100101
001101001
010010101
0100101
101010010
010101010010
010101010
10101010
100101010
00101010
1000101
010100101
01010101
01010101
010100110
10101010
010101010
1001010010
00100101010
00010101010
10101001
0100101
01001010
0101010010
00100010010
0010001010
1010101
01010101
01010101
101100010
010101010
010110010
101010101
010101001
00100101010
10101010
1001001
100010001
01010101
10010101
1010101
1001001
10101010
010101010
001001010
0010100010
0101010
01011010
0010101
10100101010
01010010
01001010
010101010
100001010
101001
010100101
010101010
10101010
01010101
010010101
1010101
010101
10100101
01001001
010101010
1001010010
10010101010
001001010
01010101
1010101
0010010010
101001010
0101000101
01010101
00100010
1000101010
010010010
0011001010
00101010
01010010
010100101010
00001010
1010010
0101010
01011010
010101010
01001010
0010101010
0101010
10101010
01010010
00101010
10101010
10101010
0101001010
0101010
101010
00101010
010101001
01010101
010101010
0100101010
010101010
01011010
00101010
0100101001
0010101
0100101
010100101
0010101
001001010
101010010
0100101010
01001010
01010001
011001
100101010
01010101010
00101101
01010101
10010101
0100101
0100101010
0100101010
011010100010
0100010010
010010101
001101001
10101001010
0010100010
010101010
010101010
0100110010
0010010
10101010
01000101010
10101010
0101010110
0101001
1010101
10101010
0010101010
0101010
100101010
1001010010
10101010
000010101
010011
100101010
001010100
00101001
001010101
1001010010
100101001010
0101010010
01001010
001010
010100101
01010101
0101010
010010010
10101010
01010110
0110010
10101010
01010110
01001010
010101010
01010101
100010101
000101010
00101001010
10101
010100101
001001010
00101010
1000101010
01001010
0100101
01010101
00101010
00101010
000101010
01001010
1010101
100101
1001001001
0101001
1001010
0101001010
010101010
0101001010
010100101
0010100
01011010
10100110
10100100
10010101
101010100
0100101010
010101
01011
01011010
101001010
1010010
10101010
10100001
01010101
10101010
0101001010
1000101
01010101
001101010
101001010
0100101
000101001
010101010
0010101010
0101001001
010101
000101010
01001010010
0100101
01001001
01001010
010001010
1010101
10100101
001001010
00101010
0010101010
1000101010
0100101
10010101
01001010
001001100
10110010
01010010
00101010
100101010
01001010
1010010
10101001
010100101
0010101010
01010010
000000101
01010101
01010101
00100101
101010
010101010
0100110101
10010101
10010101
0010101
010101010
101000010
010101001
10001001
01001001010
01010010010
01010101
0100101
010101010
001010010
001010101
001010101
101001
01010101
010100101001
0101001
0011010
100100110
001001001
0100100101
010101001
010101001
10101010
00001010010
01001010
01010010
1010010
0100101010
010101010
00101010
00100101010
010101010
0101010
0101001010
010010010
10100100010
0100100101
01010101
10101010
100101010
001001010010
001001010
1001010010
0101010
01001010
01001010
00110010
1001001010
0100101
101000
00101010
0100101010
00110010
010101010
0010011
1010010
0100100010
0010010010
10100101
0100101001
010101
1010101
0101010
101001010
010101010
00100110
0101010
0010101010
10101100
0101001
00101010
010101010
10000101
010010101
010101010
0010101010
100101010
1000110010
01001010
101010010
1000101010
0101010010
0101010
01001010
01010101
01001101
1010101
1010101
0101001010
0100101010
10100101
01010101
010010010
1000101010
1000001010
0101010
0010001010
101001010
0001010100
0100100101
10010101
001010101
10010101
10101001
10101010
01001010
00100001010
001001010
010101010
00101010
1010010
1010001010
000010101
10101001
1011001010
01001010
01010101
001010101
01001010
00101010
1010010
100101010
100100010
010010101
10100101
00100101
001010101
0010101
0101010
100101010
010101010
0010101010
010101010
01001010010
1010010
001001010
100101
1001010100
0100101
01010101
01010010
01010010
01101010
100011010
001001
01010101
010010101
1010101
10101010
010101010
01001010
010101010
010010
001010010
0010101010
01001010
101001
1010101
01010010
001001010
0101010010
001001010
101010
0101001010
0100101
01001001
10101010
0101010
010101010
00101010
100101
010100101
0101010
001010010
10101010
10101010
0010101
0010010101
01010010
010101010
001010010
001001010
010010101
00100101
100101
01010101
01001001010
000101010
0101001010
10010010
10101001
010101001
01010101
0101001
0101001010
1010101010
0010101
1010101
10010101
01010101
1000100010
0101010010
010010101
0101011
0010101
100101011
01010101
1010101
00001010
1010010
0101001
010100101
010101
1010101
0101010
0101010
01010101
01010101
101010
01001010
1001010
10010010
01001010
010101010
10101010
10101010
001001010
0101001010
0101010010
0010010010
00100101
1010010
001001010
010010010
0101010
010101010
1010101
01101001
010101010
000101010
110001010
1001001010
100101010
100101010
01001010
00101010
00101010
0101010010
101000100101
101000101
0110101
1010101
001010101
1010101
010110010
01010010
100101010
10101010
0100101
01100101
1010010
010101010
00100101
010010101
010101010
10001010010
001001010
10101010
101001010
0100110010
0100101010
100101010
01010101
01010101
11100010
0010101010
01010101
0011010
01010101
010101
00101010
0101010
010101010
1001001010
1011001
000100101
0101101
010101
00101010010
001010010010
0100101
01001010100
0100101010
0101010
10100101
01010101
