010001010
010101010
10001010010
101010
10101010
001010010
1010101
0010100101
010101010
01001010
010101010
10101010
01010101
01010101
0001010
010010010
10101001
01010101
0101001010
010101010
00101010
101001010
010101010
1010010010
010101010
10101010
000011
1000101
01011010
01001010
10100101
10010101
00101010
0101001010
01010101
00100101
0101010
01000101
100101010
1001010
0101010
01010010
01010010
010101010
001010101
1010010
000010101
01010101
01010101
0101001
100101010
1001010010
001010101
0001010101
00100010
010101010
10010101
010101001
01001010
010001010
10101010
10101010
01010
001010101
01011010
010101010
0101001
1001001
10100101
10101001
0100101001
0100101
01010101
01010100
0101001001
0010100101
010101010
1000100110
10101010
0101010
01010101
0110101
0100101
01010101
01010101
0100101
010101010
100101010
10100101
01010101
0100101
01010100
0101000010
010101010
01001001
1010101
10101001
101010001
0010101010
000101010
001010101
0001010101
010011010
101010010
10000110
01010010
01010101
10110
0100101
1010101
1010101
01010101
001101001
100001101
1001001
0100101
1001010010
10010010
1001001
0101011
01010110
1001010010
1000101010
101010010
0100110
1010011
01010101
1001010010
1000101010
0101010
01010101
0010001001
0010101010
010101010
01010101
10001000101
010010101
1010101
01001001
1010101
010101
010010101
0100101
01011001
01010101
10100101
010101
0101001
00101010
010011010
010110010
01001010
01010101
01010101
001100101
010101001
10101010
00101010
00101010
010101010
10100101
001010101
010101010
100001010
0110101
1010010
01001001
010011
00101101
10100001
0100101
01001010010
01010010
10101010
1010101
101010101
11001010
10101010
01010101
01010101
0100101
00101010
10101010
01001010
010101
101001
101001010
10101010
01001010
01001010
0100010
010010010
010101001
0101001
01001010
001010010
0010010010
10100010
010101
10101010
1010101
1010101
0101010
00101010
101001
1001001
01010101
10100101
01010101
010101000
010101010
101001010
0101001010
100101010
00101010
0101010
01010101
1010101
1010010
0101001010
010100010
01001010
010101010
101010010
1010101
1000011
00101010
010101010
1010101
1010101
0110101
01010010
00101001010
10001010
101001
10101010
10100101
010111
0101010101
00010101
0100101010
010101010
1101001
00101010
0101101
100010011
00101000
011101
10101010
010101010
101001010
1001001010
01101010
10101010
01010101
0010101
01010010
01011001
01010011
010101
101010010
00101010
01010001
0100101
010110
10100101
0101101
100010011
0101101
100100101
001001000100
010101010
010100101
1010001001
01010
00100101
0100110
010010100
1010110
0101010
0011010
01010010
010010010
01010010
1010101
010101
0101001
1010101
100101001
1010101
0101001
100100101
1100101
01100101
0010010
00101010
010100101
010100101
