1010101
00101001
0010101
010101
100100
01010101
1001010
00101010
10100101
100101
10010010
101010
10100101
010101
10010010
010010
10100101
1010001
100001
1010101
0101001
001000101
1010010010
10101010
1000101
0010101
10010101
1000100
0010101
101000001
01010101
010101
1010110
01001001010
010101010
0101001010
1010101
1010101
100101010
10101010
010101010
01001010
1001101
0010101
01001010
0000101010
01001001
00101001
1010101
1000101
1001010
0101010
1010101
10000101
1010101
010001001
0101010
0011010
1010101
1000101
1001010
00101010
0101010
1001010010
00100101
010101
1010101
1010101
00101010
10101010
01010010
0001001010
010101
0010101
0110101
1000101
1010101
0100101
010110010
01010010
101010010
01001010
10010101
0010101
1011001
010101
101001
010101
0101010
10100010
01010010
10101010
0101001001
1001010
01010010010
1010010
0100101
1000101
0110101
1100101
001010010
01101010
100101010
10101010
00101010
00101010
0100101
010101
0101010
010101010
00101010
010101010
01001101
100100
1010101
0010101
0101010
10001010
10010010
10001010
0101010010
10001010
1010010
1010011
00101010
0010100100
00101010
1001010
10010001
1010010
1001010010
0101001010
010101
01010101
00101010
00101010
10101010
01001010
110001010
01001010
10101001
010100101
10101010
10010010
100001
00100101
00101010
010010010
100101
1001001
10101010
1001010
1010101
1010101
001010010
10010010
00101010
00101010
10100101
001101
0101010
0101010
0010010010
10101010
101010
01001010
10101010
00100110010
10010101
10101010
0010010000
0010101
010101010
010101010
010101
010101
01001001010
00101010
01010101
101001
1010101
1010101
1000101
0010101
101001010
101010010
01001010
10010010
01010010
0001010010
01010101
1010101
01010010
10101010
010101
10100101
01001001
0101001
100101
01010101
1010010
1001010
10010
1000101
1010101
010101
0101001
010101
00101010
00101010
1001010010
100101010
0000101
01010101
0100101
01010110
100101010
10101010
1001001
1010101
001001010
0101100
0101010
1010101
100101010
01011010
100101
1010101
100101
1010101
1000100001
100101
1010101
100010001
1010011
01010101
001000100
0010101
100101010
0101010
1010010
101001010
100110
10101010
010101010
10101010
10101010
0101010
010101010
00101000010
10010101
1010100
010101001
10101001
01001010
1001010
1100101
11001
1000101
0101010
10010101010
0100101
10101010
101001010
010101
1010101
10010010
10101010
100101
10010101
1000101
1010101
00101010
10101010
00101010
1001010
0100101010
010101010
000101001
0010101
0101010
01001010
101001
010101
010001010
1010110
100101
0101101
101000101
01010101
01101010
10101010
001000010
1000100010
1010010
10101010
10101010
101001010
0101010
01001010
0101001
100010101
00101010
1001010
0101010
0101010
10100100
100101010
00101010
10101010
0010101
10010101
0101010
00101001
0101010
1010010
1001010
1010010
001101
10010100
10100010
000101010
10101010
00101010
0010101
1010100
1001010
0110001
010101
1010001
100110010
101001010
00101001
00100101
10101010
0101010
1010011
10010101
01001010
001001010
1010001
10010001
0101001
10100101
100001010
100101010
1011010
0010101
10010010
10000001010
1010101
01010110
01100101
100010101
101001010
0101010
000101010
101010100
101010
00101010
001010101
01001010
1010101
100101
0110110
1010101
010100101
100100101
010101
0010101
10001010
0000101010
1001010
0101010
001101
01001
010101
010101
1001010010
10101010
0010101
01010101
1001010
100001010
010101
10010101
0100101
01010101
0010001010
001010010
1010101
01010101
1000101
001010101
0101010
00101010
01010101
100101
1010010
100101010
10010101
101011
1010010
1010010
1010101
01010101
0100101
010101001
1010101
00100101
100010010
1001001010
1100101
0010101
00101010
010101010
10010101
0100101
00101010
110010
1001010
10100101
001001010
010010010
10101010
1001010010
0110101
001011001
00101010
001010010
1010010
011011010
1001010
10010010
10100101
010101
1001001
1011001
00101001
0100101
0101010
10101010
100101
0101001
10010101
0101001
1001010
101001010
010101
10010101
101010
10101
10101010
01010010
0101001
10010101
1010101
1010101
1010101
010101
00100101
1000100100
0001001010
01010010
01010101
10101010
100101
0100101
1001010
100101
1001010
1001010010
010101
1001001
1001010
101001010
010101
1000101
010000101
10010101
100101
1001001
01101010
01010010
1010101
00101001
0100101
100110
0100101
101001
10101010
1001010
01010101
010101
00101010
100101010
1001010
101010
10100101
1010101
1010010
00101010
1010101
1010101
100111
010010101
01001001
011001001
011001010
101010010
00101010
10101010
0100001
01010101
00101010
0010010
1010101
10100101
1010010
0010010
1010010
1001010010
