0101001
1010101
1010101
0010101
0101101
010101
10101010
010110010
0101010
01001010
00101010
01010101
0101010
1001010010
010101
101010
00101010
1001010
0010101
1010011
1000100
10101010
1000101
1010101
0101010
00101010
0110101
0010100
0101010
1001010
01001010
00101010
010001010
10101010
0100101
1001010
001010010
010101010
10101010
010101010
0100101
01010101
010101010
01010010
01001010
10101010
001001001
1001001
101001
010111
010001010
00101010
01010101
010101
0110101
101001
00101010
100101010
1010101
1010101
10101010
10101010
010010101
1010101
1010010
01010010
100100010
01010010
01001010
010101010
10101010
101010
1010101
10010101
101001010
101001010
0100101
01001001
101001
010101
0100101
0010101
0110101
0010101
101001
00101010
01101010
0110101
10100101
00101010
1000010
1010101
01010001
1010101
1010101
001101
0100101
01010101
010101
0100101
010011
00101001
00100101
101001010
10101010
0110100
0110101
010011
000101001
01010101
100101
0000101010
10101010
101001110
1000001010
100101
0110101
01010101
1010101
01010010
01001010
01010010
0101010
101001010
10101010
01011010
10101010
010101
101001
010101
10010101
010101
100101
01010101
001010101
0100101
001101
10101
1000101
100101
00101001
010101
1010110
0100101
10101010
10011010
100101
101001
1010101
100101
10011010
1010010
001011001
10100101
1010101
100010101
010101
1010101
01010101
0100101
011001
0110101
0110010
10101010
1001010
0110110
1010101
0101001
10101010
011010010
01010101
0100101
1010101
1000101
00100101
101010
0101010
10010010
0100101
101001
1010101
010101
1010101
0101001001
00101010
1001010
100101001
010100101
0101010
010010010
1001010001
010101001
0101010
0101010
01010101
01010101
1010101
010101
1001001
10001001
10010101
10100101
10101010
1010010
01000011
00100101
01010101
100101
010101
00100101
0101010
1001010
100101010
1101010
0101001
0100101
1010101
01010101
001001001
1010101
01001010
10101010
010101
0101001
01010101
01010101
1000101
100101
1010101
1010101
1010101
10101
010101
101010
1001010
10101010
0010101
0010101
010101
100101
1010110
00101010
1000101
10101001001
101001010
0101010
10010101
100101
01010101
10010101
1010101
010101
0100101
101001
01001010
010101010
1010001
010101
1010101
1010101
100101
0100101
0011010
1010010
10101010
10010010
100010010
00101010
1010101
001010101
010101
010110
0101010
00100110
10101010
10101010
100101
010101
0101010
0101010
010100010
10100101
00100010
10001010
101001010
010101010
101010001
10010101
101001
1010001
0101001010
00001010
0100001
1000101
010010101
100010101
010101010
10000110
1010010
101010010
001010001
1010101
0101001
1010101
010101
100100101
1000101
100101
10000101
01010101
011001010
10010010
0101010
101010010
010101
010010101
101101
010101
0101010
00101010
100100010
10101010
00100101
010010101
10010001
10100101
1000101010
0101001010
01010101
0100101
00101010
10100110
01101010
010101010
1010101
1010101
1010101
010101
010101010
001001010
