01010101
010101001
001100010
00101001010
1001001010
000010100010
0010010010
001001010
010100101001
0010101001
101000100010
001010010010
011010100
1001010100
010010101
10001001
10101010
10101010
00010101
101010101
101010001
01010101
0100101010
101001010
0100100101
0101010101
100110101
1010101
1010101
01101
00101010
01001010010
0100101001
0000101001
0100100100
0101010101
01010010
0110010
1001001010
0101010
10010110
001010010
01001010001
0100101
0101001010
1001010010
010010010
0101001010
000101001
010010101
0100101000
00100100101
01010011
10111
10001001001
010100001
100101010
10001010
1001010010
101000010
01001010
0101010
1010101
1010011001
10001010010
10101000101
01010101
01001001
0101010
010101
0100101010
010010
10010101
101001001
1010000
1001001001
0101010010
010101
0101000101
01001010010
00010100101
0100101
0010101010
1010010
01010101
0101000101
1010101
01010101
10010001001
10100101001
1010101
1010101
0101010101
0010010101
1010101
0000101010
1010100001
0010010101
1000100101
010101000101
000101001010
0101001010
01010101
010101010
10101000101
0010101001
010101010
010101010
0100101010
100011010
1000011001
0111
101010010
101001001
0010010010
000110010
111010
101010101
0100101
1001010101
101001100
000101001010
01010101
01010101
001010101
100101001
100001010
010101010
101010101
0100010101
01001001
0101010101
01100101
01010101
0101010101
1001000101
100101101
010010101
100100010
01001010
0101010100
10101001010
101010010
1001001010
010101010
0010101010
01010101
01010101
0100101
10010101
010101
1010101
10101010
101001010
10101010
10010010010
010100101
0101010101
1001001
1100100101
010010101
10010101
010001010100
0101001010010100
00100000010
0101101010
10101001
101001
1001001010
01010101
010101001
01010100101
0101001
10101001
0010101
0110101
100101010
0100101010
0010010010
00101010010
1001001000010
010101010
00101010
0100101010
101001001
010010101
0101010101
0101001100
1001010101
010101001
01010101
0100100101
1010100010
010010010
0010010010
001010010
001010101
1000110101
0100101010
010100101010
0101010101
010100101
1000100101
10101010
101001010
010110010
010101001
0010101001
10010011
10101001
00101001010
1010010010
01010010
100001010
10010010101
0101010101
100010010100
00101100100
0101010101
100010101
0101010
010101
010010101
010000011
1010100101
01011000001
0100101010
100101010
10010101
0101101
01001001010
10010011010
101001001
10101101
1010001010
0110101010
10101010010
100101010
010010010100
101101010100
0010101010
01010101010
01010100100
0010100010100
0101101
01000101
010100111
0010100001
01010101
011010
001001100
0010101010
01010110
10010101
0010101010
10100010
1010010010
0100101010010
01001010
010101010
11001010
101001010
100101010
010101010
10010101
0101000101
0011001010
00010101010
0010101010
100010101
01010010
01010110
1010010010
010010100010
011001
1010101
10010110
01100010
1010100101
0100101
01000101
0101010101
0101010
10011001
10101010
0101001001
010001010
010101010
0000110010
0011001010
01010101010
0101000101
10001110010
010101010
0101010010
0010101010
1010010100
0101011010
01001010101
0110100101
0100101010
0100101010
