010101010
1010101010
010110010
10101010
101010100
0010101010
10101010
1001010100
101010010
10100100
101000101
1010101
01001010
10101010
01010101
010101
101010010
00110
10101010
00110010
01010101
10101
010010101
1010101
0010100010
1001010
10101010
10101010
101001010
10101010
10110010
1001010010
101001010
100101010
010101
010101001
1010010
00101010
010110010
1001001
0101
010101
01010010
10100100
010100101
0101001
10001010
010100101
1001010010
10101010
100100011
1001001
0110101
10010101
0101011
00101001
101001010
0010010010
10010100010
10001010010
10010001
10100101
01010010
10001010
1010101
010100101
010101010
010101010
0010101010
0101010
101110010
101001010
0101101
100100001
001010011
0101001
0100101010
0010100010
1010010
1010101
101001001
1001001
100101010
0010101010
1010101
000010101
0010101010
0010010010
010100101
000000101
0101101
0100101
010101010
0101010
1000100010
00101010
01010101
0010010101
011010010
1000101010
1010001010
1010010010
001010101
11010101
0010100010
101010010
0101101
01001001
1010010010
01010010
100101010
10001010
100001010
0101010110
00100101010
1010101010
1001010001
0101010001
0100101
10010101
1001010
1000101010
10010010
011001010
000101010
10101000010
01001010
01010010
101001
0100101
001010010
010101
101001
1010001
100000101
01011001
010101010
010101010
10000001010
001001010
100101010
10010010
0101010
0101001010
100101010
00101010
01010100010
010101010
01100101
1010101
0101001010
0101001010
10101010
01001010
00101010010
001100010
110101
010101
100010100
0100101
001010010
101010010
011010010
01010010
0100010001
001000101
01101
10100101
10001010
001001010
0101010
1010101
001001000010
010101010
10101010
10000010
00101010101
1001010101
1010010100
1010010001
010101010
00101010010
101000101
010101
101001010
1010010
10100101
101001
100100101
10010101
1001001010
10010100010
0101010
00101001
10101010
01010010
010101
010101
01001010
100101
01010101
0101001010
010010010
010101010
001010101
010101
00101001010
0010010010
010110010
01001010
001010001
1010101
00101000010
10010010010
10001010
0001001010
0101001
010101
101001
0010101000
0010101010
001010101
101010
10010010
1010010
10101010
100000101
01101
0010010010
010010101010
10100101
10100101
100100101
1010101
0101010
01001010
01001010
101001010
001100101
0101001
010100101
10100101
0010011010
01010100010
100101001
101001
1010010
1010100100
010010010
010100010
0000001010
000101010010
10010101
0110101
010101010
001010010
100101010
1010001010
101010100010
10101010
010010010010
01010110
0101010
10100010
010010010001
001010101
01010101
101010001
1010010
0101001010
00101001
10110101
1000100101
010010101
0101001
011001
10101010
1001001010
00101010101
0100110101
0101001010
0100100010
10101010
100100010
001010010010
1001010
110101
01001
001001001
01010101
00100101010
0101001010
01010101
1010101
010101010
00101010
10100101
01001001
1000101010
0100101010
0100110
01010010
01010101
1000100001
1000101
1001001
00101010
100101010
100110010
1010010
1010101
0110101
0101010
0100010
01010010
0101010
01000101010
00101010
0101001
010101
01010101
01010101
01010010
101010010
01001010
1001010
100101010
01001010
010100111
1010101
001010
101001010
010101
01010001
10001010010
00101001010
100010001010
0101001010
010101
1001001
101010101
1000100101
01010010
1001010010
100101001
010100101
001010101
101010101
0100110010
100101010
001010101
01100101
0101010
1010010
000101010100
010010101
00100101
0100101
101010010
0101010
0010001010
10101010
010010
0100101010
01010110
0101010010
0001010010
1010100
0101010100
1001001010
0101001
1001101
010010
0100101010
