10101010
101001010
010110010
1010010
01010010
100101010
10101010
01010010
10101010
1010010
001000101
1010101
01001010
10101010
01010101
0110101
101001010
100101010
10101010
00110010
010101
10101
01010101
1010101
0010100010
0010101010
10101010
001010010
10101010
10101010
011010010
1000001010
10101010
100011010
0101010
10101010
0010101
0100101
01010010
10101010
1010101
010101001
010101010
010101010
1000101
101010110
01000101
101000101
10101010
0101010
010101
00101010000
010101010
101010010
00101001
101001
010110
010010010
010100101
1010101
0100101010
0100101010
101001001
1010101
0101010
10101010
1000101010
01010010
001010010
10101010
001001010
010101010
10010010
10101010
010010010001
0110101
010101
01010101
001000101
10100101
1010101
001010101
001101010
100001010
010110010
1001010
100101001
010101
10010101
010101001
1010101010
101100010
00101001010
10101010
001010010
101001010
010100110
010101010
1010101
1010101
0101001
1010101
001010101
10101001
10101010
00100101010
1010110101
100101001
01010011
100100101
1001001010
0100101010
0101010
1000100101
1001010010
0101001010
001001001
10101
0110101
10000101
01011001
00101001
01001010
0010010000
10010100010
1000101010
0101001010
1010101
1010010010
10101010
01010010010
00101010
01011001
001010101
10101010
100101010
10010001
10100101
01010010
010101010
100101010
010101010
01010011010
00100110
0100101
00101001
10101100
10100100
1001011
01011001
010101010
100101010
1010010010
010001010
100101010
10101010
00101010
010101010
010101001
1010101
0101010010
01101010
0101001010
01001010
01001001
10100101
010101
10101001
1001100010
1000101010
01010010
100101010
010101
100101001
010101001
1010101
1100101
010010101
0010001001
00101010
010101010
0101010010
01010101
010011001
1010010
101010010
010100101
10100101
101001010
010101010
10010110
001010100
01010101
101001
0100101
010100101
010001
101001
10001001010
10101010
00101101
0010101
01101010
10100010
01010101
1000101
01001010010
10101010
10101010
10010010
01010101
1010101
010101010
101010010
10001001
100101
001010010
10101010
1010010
0010110
010101010
0101001010
010101010
01001010
101010
1010101
101001100
10100110
1010101
10101001
101011010
1010010010
000010001
01010101
0100101
01010101
100011010
00101010
01010101
1010101
0010101010
10101010
101011011
01010101
10100101
1010101
0101010010
0100101010
10010101
001010101
0100010101
001001010
010010101
001001001
1000101001
010101010
10010101
0010001001
001000101
1010101
001001010
01010110
010101010
0101010010
10101010
00101001010
01101000
01010101
010100100
000101010
01010001010
101001010
10101010
00101010
10010010010
100101010
010101010
010101010
0100101010
010101010
010101010
00101010
01011010
101101010
1010101
001010101
010110010
001001010
1010101
10101001
01001010
0010110
001001010
01001010
00100101
1010101
0101010001
100010101
10101001
0101011
10100101
010010101
01010100
10101010
10001001
01010101
010101010
010101010
0100101
01010101
010101010
1010010
100100101
10010101
10101010
10101010
101010010
10010010010
00101001
00100101
010101
1010101
1010011
001010101
0100101010
001001010
10101010
1010100
0101001010
010101010
010100101
100010101
101000101
1010101
100010010
1000101010
1010001010
101001010
00101001
100101
100101010
10101010
0100101
0101001
10010010010
1010010
010101010
01101010
001100101
10010101
10001010
1000101010
010101001
0101010001
010101001
01010101
0101001010
010101010
100101
01010101
10011010
01101010
1000101001
1010101
001101010
10101010
101001010
010101010
1010010
000101010
10001010
1001010
100101011
1010101
001001010
100001010
0011001010
0101010
01011001
00101000
101010010
00101010
01001101
01010101
0101010
01011010
01001001010
100100010
010101001010
010101010
101001010
001011010
00101010
010101
01011001
010010101
010101010
00101010
01101010
101001010
1001011
10101001
1011001
0101001
10101010
1001010010
01010101010
01001010
111010
00101010
01010101
01010101
1000101001
010010111
00100101
010101001
1010010010
1010100010
01001010
010100110
1001001010
0101010010
010101010
10011010
10010101
1010101
010010101
001010101
101010010
10101010
010101010
100101010
010101010
10100101
0100101
011001010
000101010
101001010
0101010
00101010
101001010
1010101
010010010
010101010
10010110
0101100
1000101
0100101
0010000101
010010101
00101101
1001010101
1010101010
100100100
000101010
101010010
100101010
0100101010
1010101
1000100101
010101001010
100010010
101010010
0101010010
10010001010
01001010
0101001
10100101
01010101
100010101
010101010
00100100010
10101001
1010101
010101010
10001010
10010101
0100101
101010010
010101010
010101010
01011010
01010101
10010101
010101010
1001001100
00100100010
0110010010
01010101
010010010
10100001010
101001010
10101010
0100101010
00100010
0101010010
001001010
1010001010
001001010
001001010
01001010
10101010
00101001
00010101
100001010
010101010
10101010
1001001010
1000010010
0110010
0010101010
0101010
0010101
0101010
01010101001
10100101
10100100010
10011010
0101000010
101010010
101001010
00101010
0101001
100010101
10010001
010010101
010101010
1000010010
001010101
010101001
010001010
1000101010
10100110
01001000010
001001001
10101001
1001001001
101000
101000100
1010101
1010010
101001010
010001010
001001010
0010101010
0100101010
1010101
01100101
100101010
10011010
10010010
1001010
10001001
00100101
0010101010
01101010
10010101000
010101001
10100110010
01001010
010010110
00101010
1010101
101000101
0010101010
001001010
1010001010
0100101010
1001010010
01001010
01010101
000101
1010101
10001001
10100101
0100101
101001010
00111001
010101010
0010011001
010010101001
01010101
100001010
100100010
10001001010
010101010
010110010
0101011010
0101101
100010101
100101010
10010110
100101010
10101010
001010001010
1001001010
1010100101
010010101
0101100010
010101010
010100101
01010101
101001010
10101010
0100100101
10010101
00100101010
00101001010
1001001010
011001010
010101010
0100101010
1001001010
101001010
0101001010
01010010010
01010101
010100101
10001001010
0010101010
10101010
010101010
000101010
100101010
101001010
0101001010
10100110
010011010
100010101
010101001
0101001
10010101
1010101
100101
10101010
00101001010
0101001010
001010010
010101010
010101010
0001010010
010101010
10010101
100010101
01010101
010101001
1000101001
01010101
1010101010
10100110
00100101010
001010010
10001010
001001010
01001010
0010001010
0101001010
010101010
10101010
010101010
1011001010
01001001010
1010010110
010101010
010010101
1010010101
0010010110
010100100
0101010010
10001000010
10100110
01011010
100001010
001010101
1010101
0101101
01010101
0101101
010101010
10101010
1000101010
001001010
1010101
0101011
1001100010
100101010
1001010010
10101010
1000101010
010101010
101010010
100010010
010101
10101000
10001001
001100101
010101001
0010101
0101010
010101010
10011010
011001010
10101010
0010010010
0001010
00101010010
0101001010
1001001010
0100101
00100100101
001010100
10100110
10101001
10101
10101010
01010010100
100101010
101010010
10101010
1010010
1010101
010101
100101001
0100101
0100101
1010001
100101001
01010101
10010010
10001010
010110010
0100101010
1010101
10101000
010010010
10010001010
010101010
0100101010
10100101
10100110
01010101
001100101
10000101010
01101010
0010001010
101010010
0101010
010110010
010010101
1010101
010101010
0101001010
101001010
01101010
010101010
1001001010
010101010
00101010
10100101010
0101010
010010010
10101010
101010010
10010001010
001001010
01010101
10100010
10010001010
00101010
00100000001010
00101010
0100011010
0101001010
0000101010
0100100100
010001010
1010101
1000101
10001010
0101010
10010001
1010011
10001
1010101
1000101
1000101
100010101
101001010
0111010
0110010
0010101010
01011010
1001001
1010101
0101000010
00101010
1010101
10101010
01001001010
0101010
01010101
10010111
10010101
0101010101
1010101
0100111
010101010
0110101010
01010001010
010100100
10010101
00100010101
100001010
01001010
100101010
100010000010
0100101010
010101010
0101001010
001001010
1010100
10101010
1010101
0100101
0100101
010100101
01010101
10010101
10101010
010010010
0001001010
10101010
11010010
01001010010
10101010
1000101010
001010010
101010010
010110010
0101010010
0010001001
001000101
1010010010
010101010
0101010010
10101010
100101010
01001010010
1010101
01001101
10101010
010101010
010101010
10001010
10101010
0000100010
1010001010
01001010
1010101
1010101
00100101
10010101
101001010
1000010
1000010101
001010001
01010101
010010101
01010101010
01001010
0010001010
01001010
001011010
00101010
10010010
100100010
000101010
00100100100
00101010
0010010010
010101010
10101010
1010010
0010001010
00101010
101001010
001001010
0101001010
10100110
10101010
001010010
0101001010
100101001
1010011
010101010
100100010
0101010010
10010101010
100010000
1010101
1010101
1010101
01101010
01001010
10101010
010101010
010101
001010001
01110101
0100101
1010010
0010101010
0101001010
010010010
0100110010
010101010
01100101
0110101
01010010
101001010
001001001
01010101
0101001
001010100
01010101
1010101
010101010
11001010
10101010
00101010
01010101
10100101
100010101
010100001
100101010
010101010
0101001010
100010010
100101010
001010010010
1010101010
000101010
101010
01010101
10100010010
0001001010
0001010010
01010010
011010010
010101010
01001010
01010101010
01010101
01010101
0101011
01010101
0101001010
01101010
1010101
01010101
1000100101
101010101
101010010
01001010
100100011
1010101
0100001
001010001
010010101
1010101
1010101
1010101
0101001010
010101010
01001010
010101010
01100101
100010101
1010101
10001001
0010101010
00101010
10101010
010101010
010100011
101001001
10001010
001010010
010100101
010100101
00101010
001000110
10101010
101001010
0101001010
0101010010
10101010
00100110
00100101
010010101
100101010
0100101100
0010101
01010101
00100101
100100101
10101010
0100100010
010010001010
0111010
0010101010
101010010
01010101
001001001
1001010
010101010
100010101
010100101
01010010
010101010
0110101
01100101
1001100100
01011010
01010010
01011010
010001010
100011010
01010101
00101001
01010101001
001010100
000101010
100101010
1010101
0100101
01001010
10101010
010101010
1010001010
101001001
001001010101
1010101
01100101
1000101
0101011
01010101
10010101
01010010
10101010
01010101
01001001
000101010
10010010
0101010010
010101010
01001010
010001010
0101001010
1001010
10010100101
100101001
010101010
00010001010
0100101
01010101
010010101
00101000
001001010
01010010010
01101010
01010001010
10101010
10101010
01010101
010101
010100101
00101001
01010101
10010101
10100101
01010101
001010101
01010101
010101010
100101010
010101010
10101010
101011
101001001
010101001
101010010
01001001010
010011010
001001010
100101010
010100101
10010101
101010010
010101010
001101010
101001010
010010010
010101010
000010100010
1000010010
10101010
000101010
01001001010
0101010
101001010
1000000100010
01011101
01000101
101010
01001010
101010
010101110
100101010
010001010
10101010
010110010
00100101001
010100101
01011001
100101001
100100101
10100101
01010101010
1010010010
010101
00101010
01001010
010101010
010010101
00100101010
010010010
0101010010
10010010
010101010
010101010
10101010
10001001010
10101010
1010101
001010001
010010101
101001010
00010101010
01010010
1010101
0101010101
10001010
00010110010
10101010
01001010
01001010
0100101010
0010101
01010101
01001010010
1001001010
1001010010
10101010
1010101
0101001
010100010
1000101010
010101010
00100101010
101011
100101
0010101010
010011010
0110101
0110101
0010101010
01001010
0101010
0101010
010100101
1010101
10101010
10101010
10101010
010101010
01010101
101001
0101001010
010001010
1001001010
0010010010
101101
01001101
010001010
010010010
0100100101
01010101
01100001010
100101010
010101001
0111001
000101010
10010010
000101001
100010010
010101001
010101
010101001
0010101
10010100
10101010
1010101
1010101
10010100
00101010
10101010
001001010
10010110010
100101010
100101010
010100101
00001001010
000101010
010101010
10101010
010100101
10100101
1000101010
00101010
0101010010
010101010
0010001010
01001010
101010010
01001001010
100101010
10001001010
010010101
01000101
01010101
010010100
010010101
1010101
1010101
10000101
100001010
01010101010
0101010
10101010
10010010
010101010
010101010
1010100010
1000101
101010001
010000101
01101001
010100101
010100100
1001000010
1001010
100101010
10101010
00100101
01010101
0101010010
1001001010
10101010
101010110
010010100010
001010010
10000101010
0010010010
100101010
011001010
001010101
01010101
010101010
10001001010
0100100100
0101001010
1001011
1010101
100001010
10101010
01001001010
00101001010
1010101
100010101
10101010
010101010
001010010
00101010
101001010
0010101010
0101001010
101001010
10101010
10001001010
100101010
10001010
01010010
10010010
00100100010
10101010
010101010
0100100010
10101010
101010010
0100101010
10101010
1010010010
0101001010
100101010
1010100010
01010011
10010101
010101010
0010010010
110100010
100101010
00101001
10010101
10010101
1010101
001101010
01001001010
010010110
1000101
01101010
10101010
1000100101
00100100101
0101001010
00101010
00101010
00101010
01010101
1000101
100100101
001010001
001010101
0010101
1010101
010101001
01010010010
100101010
10101010
1000101010
0100001001
10100101
10100101
001010101
01001001
01010101
1010100
00101010
1010101
01010101
001010001
10010101
01010101
1010101
010101010
100101001
0101001010
100010010
10101010
01010101
0101101010
0100101010
0100010010
010100010
10010010
0010100010
1010010010
1001001010
001010100
01010101
100101010
0101010
0101001010
10101001
01010011010
0010010010
10101010
01001010
10100101
010101
10010101
01010101
01001010
010101010
01010101
1000101
101010101
01010101
00101010001
100101
0010001010
010100010
1010101
10101001
0010101
01001001
10010101
010001001
0001001010
100101010
101001010
0100101010
001010010
10101010
10101010
01011010
00100101
0110101
0010010010
0101010010
0100111
1010101
100100101
1010101
0101010
01001010
101010010
101001010
10010101
100010101
101001010
0101001010
10010101010
10101010
10001010
0101010
010010010
010101010
0100010010010
01010010
010101010
101001010
010101010
10101010
0001001010
1010101010
0100010010
001010010
010101001010
10101010
100100110
001001010
001010001
10100101
10001001
101001001
1000101001
0101010
1010101
1010101
0101010
010101010
01010001010
00101010010
00101001
0010101
001001010
10101010
0101101010
101001010
010010110
10101010
1010101
00101001
0010010010010
001001010
01010110
0101010
010010101
1010001
0101010
0101010100
1010100010
10101010
001001010
1001001010
101010010
001101010100
01001001010
01101010
010101010
010101010
010010101
10010101
100101010
10001001010
10101010
10101010
10101010
010001001010
0010010101
0100101010
010010010
0101001010
100101010
10101010
10001010010
0100101010
01010101
0100101
10101010
101010
0010101
0100101
00101010
1000101010
010101010
1000001000
010101010
10101010
01100101
01100110
0100100100
010101010
1010010010
10010101010
01010101
100100101
10101010
1000100010
010101010
0101010010
01001010
0100101010
01010101
10100101
10010101
00100101
100101000
0100101010
0010010101
1010011
010010101
10010101
01100101
001000101
1001010010
0100101010
0100101010
100010010
10010010
010101010
100100000
01101010
1010100101
01010001
100101010
010101010
01010010
100101010
0100010010
001001010
100101
10101001
0101010
010101010
01001010
101010010
011010010
01011010
0010010101
01100101
001001010
10100110
10100101
01010101
1010101
01010101
0101010
110110010
1001001010
1010100100
100101010
1010100010
01010101
01010101
1001001010
001010100
10010010010
0010100010
10101010
100010001010
0101011001
10010101
010101010
100101010
0101001010
10101010
01010011
010101001
0110100010
100101010
10100101
0110011
10101010
00101010
1001001
10101010
10101010
101001010
100010010
01010110
10101010
1001001010
001001001
01010101
01001001
01010101
1001000101
010010101
10010101010
1011010010
01010010010
0101001010
001011
1010101
01001010
010101010
01001010
00101010
10100101
1010101
010101010
01010010
01010101
010100101
1001001010
010001010
001010010
010101010
01001010
001001010
001010010
010101010
0101001010
1010010
01010101
100010101
0101001
1010101
10001001
1010101
01010010
100101010
1010101
1001101
01110101
001001011
10010101
1010101
10101010
010101010
010101010
01001010010
00100101
01010101
10101010
0100110010
00010011
10101
0001010
00100110
00101010
010001010
1010101
1010101
010101010
01010010
0010101
10100101
001010101
01010101
010110010010
10010010010
01010010
010101010
01010101
10010101
1010101
01010101
0010101
010100101
010101010
10101010
1001001010
0101001010
0010101010
0101001010
1001001010
010001010
1010101
1010101
0010101010
0101010
101001010
1001001010
01001001
1010101
100010000010
100101010
10010101
010101101
01010110
0010010100
0100100
0100100101
0101010010
010100101010
001000001010
010001010
0010001010
1001001010
10101010
10101010
001001010
0010101010
100101010
01010100
010100101
101001001
1001001
1010101
001000001010
010011010
001001010
100100100010
0101001010
0101010
10100001
00010101
001010010
10101010
10101010
01010101
010101001
10100100100
01010010010
00101000110
101010101
00101001000
101010101
010010101
01010101
010101001
10010101010
10100101
01010101
00101101
00100101
1010101
0110101
101001
010101
01010101
1000100101
1010101
10101010
100101010
1010101
10101001
01010101
100100101
0110010
010011010
100100101
0100101
00101010
0100101010
1010101010
000001010010
001010101
010101
01001010
010101010
0101010
010010110
0101001
01010111
1001010
01001010
001010100
1010101
100101010
100101010
10001010010
00101010
100010010
01010101
0101010
01101010
010001010
1001010
010101010
0101010010
0101010100
10010010
101001010
01001010100
001001010
0101001010
01010010
001010010
010101010
00101001010
10101011
01010101
010101010
10001001010
000100101
101001
0101101
00101011
100101010
010101010
10010101
10101010
010101010
10101010
10001010
1010010
01010100
010101010
100100101
1010101
0110101
1010101
10100101
10100101
00101001
0010101
0010101110
0100001010
0000100101
010101
010010101
10010101
0100101
0101011
010101001
1010101
10010101
01010101
00101010
100101010
0010010010
1010010
1001001
1010101
0100101
1001010100
01001010
01010010
001001010
0010001010
10101010
10001001010
100101
01010101
101010
101011
1000100010
010101010
01001010010
01010010
1010101
0101101
100101001
101001001
100101010
10100010
10101010
010101010
01011001
100101010
100010010
010110010
010101001
10010101
01010101
011011
010100101010
10101010
1010101
010100101
01010101
01010101
01010010
010101010
010101
1010101
010101010
10101010
0101010
101010010
1001001
01101001
01000010
001101010
00101010010
010101010
1010101
0101001001
101001010
10101010
1001101
100101010
01001010
0101010
10001001
100101
100010010
10100010
10101010
010101010
11001010
01001010
1001010
01001010
01010001
101010011
10010101
010100101
010101
0101011
01010010
01010010
10010101
010100101
010101010
01010010
10010010010
0101001010
00010101010
101101010
1010101
01010101
0001010010
1010101010
00101010101
1010101
10101001
01010101
0001000101
0101001
01010101
001010101
10001010010
010101010
1001010
010100001
010100101
001010101
0100100100101
10101001
0100110010
010101010
010010101
01100101
010010010
101010
010101001
010010101
01100101
01010101
10101010
010101010
0010001010
100010010
001010010
01010010
01010010
010101010
0001010010
1010100
1010101
100101010
0101001
100101001
001010010
010101010
