1010101
0100101
0010110
10101001
1010010
010010010
01001010
101010010
010101
010101
1010101
0101001
100101
0010101
0101001
0100101
000010101
1010010101
01010101
1011001
01010101
01010101
01010101
01100101
01010010
1010010
10101010
01001010
010100010
1010010
1010010
0101010
1001010
0101010
010101001
0010110
0101010
00101010
0101010
1001010
10101
010100101
01010101
01011001
010101010
0101010
01010101
0101010
010101010
0000101010
1010010
001000010
0101010
00101010
010010101
1000100101
00101010
0011010
00101001
0101010
010101
01010101
01011010
01001010
001010010
0101010
01010100
001101
101010
101010
010101001
01010101
00001010
010101010
10101
1001011
1010101
1001001
10101001
0101001
0101001
01010101
10001010
0101010
101010
010101010
100010010
0010010010
010101
10101
101010010
1010010
010110
01100101
01010010
0110010
01001010
101010
101010
01010110
01010001
01010101
0101001
1100101
1010101
100101001
0100101
0100101
101001010
010010
10001010101
1010101
01001010
011010
10101001
10100101
0100110
0101010
1010101
010101
010101010
101001010
010010101
01010101
01010101
1001001
0101001
100010011
101001
10100101
101010
0101010
010101010
01010010
1001001001
010101001
01010101
001010101
1010001
01101
010101
1010101
001101
101011
1010010
0101010
0101001
1010101
0100101
0010010101
010101
1010101
010101
01010101
10100101
100101
010101
100100101
01010101
10100101
0101110
0101010
01010101
0011001
01010101
01001101
00100101
00010101
001001010
01001010
01010101
100101
10010010
1010010
1000101010
10010010
1000101
1011001
00101010
0101010
010101
10101
10100101
010101101
10101
10101001
001001010
001001010
010101
0100101
010101
1010101
1010101
1010101
010101
010101001
1010101
0010001101
0100101
010100101
0101001
01101001
0001001010
01010001010
0101010
101010010
1010101
010101
10101001
100101
0101001
01010101
100010101
0010101
101001
1010101
01010010010
101000010
01010
00011010
00101001
0110101
1001010
1001010
001011
010010101
10101001
001010101
01010101
001010101
0101010010
1000010
1010101
1010101
00101010
001010010
101010
00101001010
0010101010
1001010
01010101
100010101
10100010
100101001010
01010
00101010
001101
01001001
0101010
0101010
101010
0101010
100101
00100101
010101
010101
0101010
10111010
0100101
01001001
0101010
1001010
010101010
1001010010
01010010
01001010
01001010
00101010
1010101
01000101
01010101
1011001
10010101
0010101001
100101
010101
01000101
01010101
010010101
10010101
01001010
0101010
010101
01010101
0101001
10101
00101001
10001101
1010101
0010101001
001010101
01010101
01001010
101010
1010101
101001
01001010
00101010
01001001010
0101010
01010100101
01010101
0100101
1010101
0101101
10101
100101010
001010010
1010010
0101010
010101010
010101010
10010010
101010
10101010
0100100010
1010110
1010101
0101001
010100101
01001010
0101010
0101001010
01100010
0101010
0101010
101010
0101010
101010
0100100010
0010101
0100111
0101010
0101010
100101
101001
0101010
1001010
101010
0101010
0101010
0010010010
01010010
10010010
1010010
100010010
010101
010101
1001001
1000101
10101
00100101
10101010
10101010
0101010
0101001
1010101
1010101
010101
100100101
1000101010
00100101010
10101010
0101010010
0010101010
01000010
0101010
010011010
01001001010
100011
10101010
101010010
1000100101
1010101
0101001010
10101010
00100001
1010101
010101010
0100001010
1001000010
100010010
010101010
010001010
0100101010
0010101010
0010101010
0101010010
10001010010
0010101010
010010101
100100101
010100101
1100101
0101010
10101010
0101010
0101010
0101010
0101010
1101010
01001010
00010101010
01010010010
010010001
1000101001
1010101
01001001
010010010
1010010
110010
10001010
010101
1010001
111010
01010010010
1010101
100101
100101
00100101
01001010
10101010
0100110
010010
010101
001101
10010010
1010010
010100101
01010101
1010101
101011
100100010
11001010
01001001
0100010101
01001010
101001010
10001010
010001010
01010101
10001001
01001010010
1000101010
100101010
101001010
101010
1010100
010101
1010101
0101010
01010010
001001101
010011
1001010
1101010
01010101
0100101
01010
001001010
100101
10010101
010101010
101010010
010101
010101001
10101010
10010100
0010101010
10101010
010010010
01010010
010100010101
1010101
0101010
0100110
0100010
101010
001010101
010101
101010
01010010
0101010
01001010
1000110
100101010
01001001010
100010010
1010010
01010010
0101001001
10101010
01010101
0100101
0100101010
0101010
0101010
10101010
0010101
010101
0101010
010010010
010101010
10101010
1001010
10101010
01001010
01010010
101010
01010010
001001010
101010
10101010
0101010
10101001
1010010
1010001
0101101
0101101
0100101
1010010
1010100
0100101
0100101
101010
10100010
10101010
0101010
0101010
0010001010
0101010
00101010
1010101
01010101
100100101
01101010
010010010
0101010
0110010
0101010
1010010010
010101010
10101
01010101
010101
10010101
100101010
0101010
01010101
1010101
0101010
0101010
0100110
0101010
10101001
01010101001
0110101
010101001
00101010
0101010
10010101
010101
010010101
010101
010101
010010101
01010101
10100101
0100101010
0101010
10001010
1001010
10101010
1000100010
0010101010
10010010
01010101
0110101
01001010
0010101010
0101010
0101010
00101001
0010101
010010010
01010010
0101010
01001010
101010
0101010
0100001
1010101
01010101
0100101
0101010
01010010
0101010
0010100100
01001010
1010010
101010010
10101010
010101010
010101010
001001010
01010010
00101010
01010010
0101010
010101
01010101
10001001001
1000101010
10101010
001001010
01001010
0101010010
0101010
01010010
0101010
0010101010
0101010
010101010
01001010
10011010
010010
101010
01001010
10101010
1001010
01001010
101010
01010101
010101
001010101
10010101
01010010
01001010
10101010
10101010
10001010
0010010010
00101001
010100101
0101010
01010010
00101010
1001101
0010101
1010101
01010010
01001010
01010110
00101001010
110010
100101010
100101010010
010010100
01001010
0101010
101000100
010010100
1010010
01001010
0101001
010101
0101010
101011010
0101010
00101010
0001010
01001010
01001001
1010101
0101010
101010
01100101
101010
10010100
10100010
1010001
0100101001
01011001
0101001
01001010
0110010
1010010
0101010
0101010
0101010
01010010
010101010
001010101
001010101
010101
00111001
1010010
001010010
01010101
01010101
100100010
0101001
0101011
001101
10101001
010101
010010010
0101010
01010010
0101010
1001010
010001010
01010010
0101010
10100101
010011
001010101
0110101
010101
1010101
101010
1010010
1010010
1010010
01001010
00101
01011
0100101
0100101
100010001
10010101
0000101001
10010010
101001010
010101
0100101
01001001
1010101
101010
0001010
001010101
001010101
0101001
10101001
1001001
010101
01010101
0100101
01110001
0100101
10101010
0110010
010101010
01001010
0101010
1010010
100110100
0010000010
100100010
00101010
100101010
0011010
01011001
10010101
01010010
01010101010
0010010101
0101001
100101
10100011
101010100
0101010010
10101001
0010101
10101010
000101010
01010101
0010101
001001010
101010110
1010001
0010101
0101010
010010
101010
01001010
01001001
010101
01001010
001010010
0010001010
0101010
010010100
10110110
0101010
0101010
010101
1010001
1001001
01010101
0010101
001010001
01011010
01100010
00100010
100101010
1010101
001010101
010010101
1010101
0100110
010100010
01010101
0101001
1010101
001010101
100101001
010011
101010
001010
10101
10101
1010010
00101010
10101001
0101001
10001010
0101010
001010101
01010101
0101001
01010101
100101
00100101
01001010
1001010
010101
0010101
001001010
0101010
101001010
0010101010
1010000110
01010010
0101000
010010101
100101
10100101
0101010
010010
0101010
0101010
100100010
1000010010
10100010
010010010
10100010
001001010
1010001
010100101
010101
01010101
0101010
1001010
001000010
10101010
001101
10101010
010010010
0010101010
10101010
0001001010
101001
010100101
101010
100100010
10010110
1010010
01001010
0100100010
10100010
01011010
1010101
001000101
0100101010
010010010
1001001
00100101
1010101
00100101
0101010010
000001010
1010010
0101010
0101001010
01110010
010101
0010101
100101
1001000001
101001010
001001010
0101010
001010010
100011
0100011001
10101010
001001010
01010010
1010010
110010
10100010
0010101010
000101010
100100
0100100
1001010
10001001
1001010
01010010
0101010
1010010
0101010
0101010
0100101
101001
0010010
0101010010
010101
0010101
01010001010
10001010
01100101
01010101
1000101
01010101
0101001
01011
01010101
00100101
100010010
100101010
0110001
010101
0100010
01010010
0100010
100010010
1010010
0101010
0101001010
0101010
10001001
01001101
0101010010
1001010
10101010
010011010
00101010
01010010
0101001
0110101
01010110
01011010
0101010
1001010
00101010
001001010
01010101
000101001
1000101
10010101
00101010
010101010
10010101
00100101
0100101
01010101
010010010
000001010
01011
000010101
100001000010
010101010
0101001010
01000110
01010010
0101010010
010101001
010101
101010010
01010010
10010101
01010101
1000010101
100101001
1001010
000101010
10010010
10010010010
001001001010
001000010
10101010
0101010010
011101
001001010
01010101
11010101
1010101
1010101
011010
0101010
0101010
0011010010
1010101
010101
0101010
0101010
01010101
01010101
0101010
101010
11010101
10010001001
0101001
0101010
00001010
000101010
010101
0010101
1010100101
01001000101
101010
10101010
01010
0010010010
01010010
010010010
0101010
0101010
010101
10101
101010
100101010
101010
101010
01001010
1001010
1011001
0101010101
010010101
1010101
101001010
001001010
1010101
0101001001
0101010
1001010
001010101
1010101
0100101
01010101
1001000101
010101
101010
0101010
100101
01010101
01010101
0010101
0101010
0101010
101010
01100101
010110101
01010010
010110010
0100101010
1010101
010010101
01001010
01001010
0100001
010010101
0101010
01010010
010101
010011
001010010
0101010
1000101001
1010101
00101010
1010010
001010010
0101010
010101010
1010110
0101010
001010010
0100101010
010010010
010101
1010101
0100101010
01001010
001010101
01001001
0101010
010010010
101001
010101
01001010
0101010
0101010
0101010
10101010
010110010
01010010
101010
010011010
0101001010
01001010
0101010
101010
10001010
010101
1010101
0101010
01010010
1001010
01001001010
10101
010101
1010101
01010101
1011010
010101010
10101010
01001010
01010
0101010
10101010
1000101010
0101010
01010010
1010101
10101001
0101010
1001010
0101010010
01011010
1010101
010101
0100101
01010101
01010101
010101
010100101
01010101
0101010010
0110001010
010100101
0100001
01010001
010101
101010
0010101
0010110
1010010
010101010
10100110
0010100010
0101010
010101
001010100
1010101
1010101
01001001
10001010
01001010
0101010
10001010010
10101010
01010101
10100101
100101010
010101010
001010101
101001001
001010010
0101010
1010101
100001001
010010010
00101010
10010101
0101011
0010010010
10001010
10101010
1010010010
01010101
01001101
00101110
010010010
0100010010
0101010
101000110
0101010
1010101
1001101
01010010010
010101010
1000101
100100101
101010000
1000100101
010101
010101
010101
010101
0101010
100010010
010101001
0010101
100100101
100101
10010101
01010101
0101010
00111010
0100101
1101001
100101010
0101010
001010010
0110010
0101010
0100101010
001001010
10101010
01010101
01001001
1010010
01001010
010101
010101
00101010
001010010
01001010
0010100
01010010
010101010
011010
01001010
0001010101
0100001
101010
0101010
10101010
10001010
010010010
10010010
0101010
010010
0110101
10010101
0101010
10101010
0101010
0101010
100101
0010010101
0101010
01010100
01010101
0101001
010101
0010101
0101010
10101010
101010
100101010
1001010
0101010
0101010
01001010
10101
00100101
010010010010
0101010
01010010
001001010
001010
100101010
001010010
01001010
01010010
101010
0101010
0101010
1010010010
1010010010
010101010
1010010
01010010
10001010
1010101
01001101
0101010
01010110
010101010
00101010
1010101
010101
0101010
0100100101
001010010
01011010
1010101
101010
10010010
0101010
0101010
011001010
101010
010101010
01010101
010100101
010100010
0101010
0101010
010101010
1001010010
101001010
0101101
010101
0101010
00101010
010101
1010101
00101010
0100010010
1001010
001010010
011010
01001010
10101010
010100
0101010
010010101
01010101
01011001
0101010
0101010
0101010
10001010
1000101
000101001
010101
01010101
1001001010
0101010
0100101
010101
01001001
01010101
001001001
01010101
0010101
00101001
0010101
1010101
01100001
010101
0101010
00110101
01001101
010101
01001010
00101010
101010
101010110
0101010
0010010
0101001
0011001
0101010
0101010
001010010
0100010010
1010101
1010101
010010
00101010
0101010
00100101
01010010
10101010
01010010
0101010
0100101
0101010
00101010
01010101
010101010
0101010
010101
01010101
01011001
101001
10001010
010010010
0101010
1001010
0010000101
010101
01010010
10001100010
00101010
01010101010
101010010
1010010
101001010
0101010
1001010
010101010
10101
010101
0101010
010101010
010010
00101010
0101010
0101010
0100101
100101
0010011001
0101001001
0110010
101010
1010101
010100101
0101010010
0101010010
1010101
0100101
10101
1010101
1010101
1010101
010010
1001010
10100101
10101
0100010101
010010101
01001001
010101010
0101010
10011010
001010101
01010101
0100101
1010101
0101010101
0100101
0101010
01010010
010101001
010101
0101101
10100010
10010010
100101010
01010010
01010010
1001010
0011010
010000001010
01001010
00110001
0100101
010100101
1010101
01010010
0101010
01010010
01001010
010101
10110
10010101
01010001
101010
0101010
0010010101
00010101
000110010
10101010
01010010
01101010
101010
0101010
10010101
01010101
010011010
010010010
001001010
0101010
10010010
01010010
1001010
0101010010
0101001
00100101
010010101
001101
0011010
1010010
0101010
01001010
00101010
01001010
0101010
0101010
0101010
100101010
1001001
100101
0101010101
001011
0100001
101001
101010101
00101101
01010010
0011010
01010010
01010010
1001010
0101010
00101001
00110101
010101001
1001101001
1010101
1010010
0101010
101010
1001010
101010
0010001101
0100101
1010101
01010101
010100001
1001001
1010010
1010110
01001010010010
01010110010
01001010
010010
010100101
1010101
000101010
0101010
1010010
0101010
100110001
1010101
001001010
0101010
0010010010
001010010
1010101
01010101
0101001
10100101
0101001010
00101010
0110101
01001001
0010010101
01010101
10101010
010101010
1010101
1010101
10101010
1010001
001001101
0010101
101010010
0100101010
010101
101010
10101010
01001010
00101110
1010010
011010
0101010
101010101
0010100100
101001010
10101010
10101
010101
1000101
0011001
11001010
0011010
10101010
1000101010
0101010
0100110
010101
01010101
1010101
10010101
1010000100
0100101
101010010
100101010
0100001010
100101010
100101010
10100010
1010010
01010010
101001110
010101010
010110010
01010010
01001010
101010
1001010
1001010
011010
101001
101001
1001001
10101010
101010010
0100101010
101010010
10001010
101010
10100101
01010101
0101101
0100101
0101010
0101010
1010001
01001010
01001010
101001010
01001010
0101010
010010010
1001010
0101010
00101010
100101
0100101
0001001010
0101010010
01010010
000101010
100100101
010101
01010010
0010100010
1010101010
0101010
01001010
0101010
0100101
101001
00110101
1010101
01001010
101010
001001010
00101010
110010
0010101010
01010010
0101010
101001
010101
01010
0101010
0101010
0101101
011010
101010
1010010
10101010
101010
10101010
1010101
0100101
01001010
010010
1010010
01010010
01001010
1001010
0101010
0101010
10101010
1000110
01110010
101010
0101010
01000110
1010101
01010101
01010010
0101010
1010010
10101010
01011010
1010010
01010110
101010010
0100101
001000100101
101001010
0101010
010110010
1001010
10110010
1001010
10100110
100101010
0110101
010101
010101010
01010010
101010
101010
001010010
1010010
1010010
00101010
01001010
1001010
0101010
00101010
1010101
10111
0101010
01001010
010001010
010110
01100101
0101101
010110
1000010
1010010
0101010
01001101
0101101
0110010
0101010
010101
1010001
01001010
0101010
01011
1010101
10101
10011
010010010
01010010
101010
1010010
010101010
101010
100101
100100101
01011
010101
101010
1001010
1000101
0010101
001010101
0010101
01010010
01001010
01010101
0100101
10010010
101001010
10101010
011001
101010
0110010
010101
01010011
10101010
010010010
0101010
01010010
10010001
11110
1001010010
001001010
010101001
011010
0101010010
010101010
0101010
00101010
10001010
10101010
10100101
010010101
01010101
010101
10101010
100101010
1000101
10100101
00100101
10101001
0101010
01001010
1001010
0011010
010101
0101001
010101
1010101
101010
101010
0101010
011010
0010101
010100101
00100101
00100101
010100101
100010101
1001010
0100101010
01001010
10101010
0101010
0101010
01010101
00101001
0100101
10100101
101010
0101010
10100101
1010101
100110
1001010
1001010
01010101
0101010
010110
010101
01010101
101010
1100101
100101010
00101001
1001010
01010010
0101010
001001010
101010
101001010
100101
101010
1010010
11001010
10101001
00010101
101001
0100101
101010010
001001010
10101010
01001010
0101010010
010010010
0101010010
01001010
1010101
101000100
010101
1010101
010010010010
10101010
01010
010010
011011
101011001
01010101
1010101
10101010
0101010
10101010
0101010010
001010101
010101000
010011010
10101010
0100101010
001010010
01010010
001001010
1010101
0010001001
00101010
0101010
101010
0101010
00101010
0001010
10101010
10101010
0010100101
10101001
00100100010
1000101010
01001010
0101010
1010101
100100101
0101001
100100101
1010101
01010101
1001010
0110101
10101001
0101001
0101001
0101001
1010101
0100101
010101010
010101010
101001010
10101010
001010010
010100010100
1010101
0101001
1010110
01001010
101010
1001010
01010101
1010101
1010101
010111
01010011
0110011
010101010
101000110
01010101
01001010
10101011
010010101
00101010
0110010
01010010
0101010
01100101
0010101
00101001
01010100
010101001
0101010
01010010
000010100010
100101010
010001010
010101010
0101010
0101010
0101010
01001010
01001010
0100001
010010101
01001010
00101010
10101
1010101
01010101
1010101
0100101
0101011
0101010
0101010
10101010
001001010
010110
10101001
01010101
010101
0101010
0101010
01010101
01010101
101010
01010110
010101
01010101
1001010
101010
101010
0101010
010010101
01010101
010110010
010100010
0101010
01001010
101001010
011010
0101010
0101010
101010
101010
10010010
001010010
0101010
0101010
0101010
00101010
00101010
01011010
10101010
010010010
10101010
0101010
00100001
0010100101
1010101
010101
1001010
0101010
0101010
10010010
10100010
101010
0010001010
101010
10100101
010101
100010101
0101011
1000010
100001010
1010101
101010
01011
1010101
01010
01010010
101011
0100011
0101011
1010101
01010101
01001011
10010011
00101010
100101001
0010101
010010101
10101
01010101
01010101
01010101
01010101
00100101
101001
0101010
000101010
010111001
0110101
101010101
011001
100101010
1010010
01010010
010100010
01010101
101010101
001101
01010101
100010010
001010010
010100101
01010010
1001010
0101010
1001101
10101
01010101
1010101
010101
0100101
011010
01011001
010010101
01011001
100101
0100101
0010101
0100101
010101010
10101010
01001010
1010010
01001001
0100100101
01001010
10110100
10000101010
001001010
1010010
01001010
010001010
01010010
1010010
001001010
010101010
0101101
0010001010
001010010
101000101
010101
0101010
01001010
0101010
0101001010
101001
00100101
1010010010
010010110
010101
010101
0101010
001000110
01010101
0100101
0101010
001010010
10101010
1001010
0101010
10010010
01001010
1001010
1010010
00101010
01010010
010010010
10010010
0101010
10101
10010101
010010010
10101010
01001010
0101010
101010
0101010
0101001001
1010101
101010
0101010
100110010
01001010
00101010
1010010
01010101
0010101
10010101
0010101
010101010
0101010
10101010
101001010
101010
0101010
0100101
0010101
101001
010100101
010101001
1101
101010010
01010010
010101
010101
101010
1010010010
1010010
10101010
101010101
0100101
010101
0010101
10101010
00101010
0101010001
001010001
0010101
0110101
0110101
00100101
10100010
101010
010010
1010010
101010
010010010
10010010
101010
01001010
101001010
01010010
1010010010
0101001
100101
0101010
011001010
101000001
0001000101
00101010
00101010
100010101
0010010
001010010
11001010
01001010
01100010
010101010
010001010
1010010
1010010
10100101
0110101
0101010
0101010
010101010
0101010
011010
10101010
0010101010
10001010
1010101010
00001010
1001001010
01101010
101010100
010101010
0100101010
0101010
01010010
101010
00011010
10101010
00101010
0001011010
0101001010
010101010
