0101001
0000000010101
10101010
0101010010
010101010
0101010010
10100101
010101
00001010010
0000101010010
00101010
10101010
00101010
01001010
01010010
101010010
010101010
0100101010
0010101010
100001001010
0010101010
0101001010
00010101010
1000101010
0001001001
01001010101
0101010010
0100101010
10010101
0110100101
0010010101
10100101
10101010010
100101010
01010101
100010101
11001010
00100010010
010101001
01010101
101010010
0100100
01010101010
1001001001010
10001010010
00101001010
010010101
001010011
010101010
100101010
000101010001
00100101
010100010010
010100101010
0100101
01010101
00100101
01010101001
01001001010
010101001010010
101001010
0101010
10101010001
00101010101
0000101
01010101
0101010101
0001010101
100000101
010010101
0010100010
0110010
010101010
10001001010
100100101
100100101
010000001
0010010100
001010010
10101010
01001001
01001001
001010101
01010101
01101001
01010101
0101001010
00101001010
010010101
01010101
001000001010
010101010
01010101
001001010
0101010101
0101000000101
010010001010
010110010
01010101
0001010101
01010100101
010101001
1000101
1010101
010010101
01001001001
10000101
10100101
01010101
0100100101
101010010
010001010
01001001
10000010010001
0100101
100010101
010100110
10101010
001010101
0100101001
01010101
010100101
0100100101
1001101
00100101010
0110010
01001101
0101001
1010101
001001010001
10101010010
0010101010
1010101
10001010101
0101001010
01010101
1010101
010010101
001001010
0100010010
1011
010011001
01010101
01010101
010101010
01000100001010
0101010101
0100101001
010010101
1001101
010101010
0010101010
100101001010
1010010010
100010101
01000100101
0010101
100010000101
10101
010001101
1000011001010
01010101010
001101
10010101
001101
001010101
001010010010
1001010100010
1001010010010
0100101010
0100101010
1010010010
010101010
01010101010010
000101001010
10101010
0110010001
00001010101
010101010
0010101010
100101010
010101010
10100100101
10010101
0100101010
010010010
010101010
010101010
010100101
10010100101
00100101
001010101
010100101
01010101
01010
010101010
0101001001
01001001
010010101
0101010010
010101
1010101
10110
010100101
0101001001
01010101
0010110010
010101010
