0101010
0101010
100101
010100101
0010001010
010101010
10101000101
101010101
011010010
000101010
10010101
0100101
01010010
10111010
01100010
01010010
100101010
10010010
1010101
0001010
0010101
001010101
00010101010
0101001010
010101010
1001000100
10001010
1001010
010101001
001010101
0101010
0101010
01010101001
1010101
0100101010
01010010010
00100100100
1001001010
01001010
01010010
100010010
00110110
10001010
001001010
00101010
10110010
0100101
0010100101
01010101
001010001
0010001010
010101010
010101010
1000101010
0100100101
00100101
01010101
10010011
10000011
10100101
0100101
101001
0101010
010101010
100010101
010101
001010101
1010101
000010101
0101001
01010010
001010010
10101010
100101010
101010
00110010
0101010
010100101
0110101010
010101010
0010010101
100011
010101010
0101010
01010101
01010101
1001101
00100101
100101010
010101010
010101
01010101
00101010
0101010
010101010
010101010
0000101010
01010010
010101
100100101
01010101
0100101
0101001
0001010101
10010101
100100101
1001101
1010101
101010
1010101
0101010
10101010
1101001
0101010
0010010
1001010
10000101001
010001001
001010010
1000010010
01011010
001001010
00101010
0010101
101010101
010101001
0101010101
01010101
01010101
010101
1010101
001001001
10101010
001010100
10001010
0010100
1010101
100100101
0100101010
0010101010
0010101
01010101
01010101
1001000101
10010101
0101001001
01001010
0100110
101010
0101010
10101010
0100101010
1010101
100100101
001010101
10101
1010010010
10010010
10010101
1011001
0010101
001010101
0011001010
10101010
0010001010
001001010
100011010
100110010
100010101
0101011
001001010010
01010010
1010101
0010101
010101
00101001
101010
001010010
010101010
10101010
1001010
1010101010
001001010
01001010
00101010
0010101
0101
010101
0101
10101
0110101
010101001
1010010
010100010
1000100101
101010101
01001010
10100101
0101101
00100101
1001010010
01001010
0101010
01001010
0010010001
1010101
100101
100101
100101010
01011010
00101010
100010010
00110011
1010110
010101010
01001010
010110101
1100101
10110101
1001010100
00101001
1010101
1000101001
10101010
01001010
100100010
0101010
01001010
101001010
101001010
010101001
010111
000010101
010100101
100010101
00100101
010101
1010101
10100101
010110101
10010
010101
1010010
10101010
01001001
1010101
001001010
100101010
1010010
01010010
100100101
01010101
0101010
100101010
00100101
001011
0110101
101001
1010101
0101001
10100101
1010101
101010010
10101010
1011001
01010101
01001010
010010001010
00101001010
01001001010
01010101
01010101
011010001
001010101
100110001
01100101
010010010
1010010
001010001
00000101
0100010101
1010101
001011001
1010101
001010101
10100101
010010100
100101
010010101
010100101
01010001
1010101
101001010
01001010
10000110
10101010
010101010
1001010010
0010001001
010100101
01101010
0101001010
101001010
0101010010
0010101010
0101010010
01001010
01001010
1010101
0110101
01010010
1001001010
0101010
10101010
1001001010
01010
0101010
00101010
00010101010
00101010
10100101
0100101
0010010100
0100101010
10001010010
101001010
10101010
1010010
101010010
0010001010
101010010
010101010
010010101
1001001
1010001001
01010101
01011010
1011001010
10010101
001000101
01001010
00101010
0100101
010101
01010100
0101010
100001010
00101010
10000101
01001101
010101010
10010010
10001010
01001010
001010101
00010101
0010010101
10010101
00100101
01010011
10010011
01010101
010100101
10010101
0101101
0100101
001010100
01001010
0101001
1010101
01010101010
10101010
10010101
1000101100
101000010
10101010
01010010
010010101
100101010
0010010
10101010
0101001010
10001001010
0101010
1010010101
01010101
01010101
0101100101
10100101
0111001
10101010
001010010
100010010
01010101
101010010
100101010
0101010
011010101
01010101001
100101001
00101010
100101010
1010101
10001010
1010010
1110010
10101010
01010010
01001010
010101
010010101
100010001
10001010
01001010
100101010
01010010
0100101
00100101
1010010
0101010
01010101
100100101
10101010
10101010
010010101
1010101
10011010
01001010
100101010
110010010
00010101010
1001010
10101010
100101010
100010101
1010101
010101001
010101
1010011
01010101
1010101
01010101
101010101
0101001
1000101
010101
100010101
10100101
0110101
01010101
1010010010
00100101010
1010101
1101001
100101
1001001
101000101
0100101
101000000
010101010
0101010
01010101
010100101
0100101
01010101
01010101
011001010
0101001010
01010110
10100101
010010101
01011001
10101010
1010010010
001010010
010101010
01010101
010010101
10100101010
001010010
0101010
000100101010
01010101
1010101
0101001010
1010100
100101010
1010010010
010100101
100101001
0010001010
001010010
10001010
01010010
10101010
000101010
00101001
10000101
0010101
1010101
1001001010
10101010
10101010
010101010
0101011
101010101
000010101
100100101
01010010
100010010
1000101010
100001010
01010101
01010101
01010110
11010010
010100110
010010101
1000000101
10101001
1010101
010101010
0101001
01010101
01010101
1010101
0110101
10101
0100101010
0101010
10010101
101010
101001010
10100101
010010101
010010101
00101001
10100101
00100101
1010101
10101010
100101010
1010101
01101001
1001010
010101
001010101
01010101
01010010
0001001010
001010010
0010110
1001001010
100101010
010101
0010101
01011010
01010010
10010010
0101010
01001010
10101010
10010101
0110101
101001001
010100101
0101001
0010101
10101010
010101010
00010100101
01010101
0010010101
010010101
101000100
010101010
101010100
100101010
10101010
0100101010
1000101001
10100001
10010100
0101010010
010100101
10010101
00101010
01001010
010100100
100101010
0101010
01010101
001010010
010101010
0001010001
0110101
1001010
0000101010
0101001
10100101
010010010
101010010
010010101
01010101
001010101
01010110
101000101
10010101
0100100101
0100101001
01010101
010100101
10101010
0100101
01010010
01001001
0010010
001010100
0100101
10100101
101001010
10010010
10101010
1001001010
001011010
1001010
101010
01010010
10101010
0101010
1010101
1010101
0100101
1010101
1010101
0101001
0101010
01001010
0010000101
100100100
1000101010
011010010
100101010
010010010
01011010
0001101010
01101001
1010101
010101010
10001010
00101010
10100100
001010010
1010101
01010101
010101
010110101
10110
1000101010
010101010
1010010100
101001010
1010101
1010101
010010010
0010100010
10101010
001010010
001001010
0101010
0100010
10101010
10100101
01010101
0101010
10101010
001101
001010101
1010101
0101001010
010010010
010001010
10100101
1001010010
10101010
001001010
100010101
01010101
1010101
10100101
1001010
100010
00101001
01010101
01010101
01010101
0100101010
00110010
10100101
00110101
100101010
01001010
10101001
10001001001
0110101
1010101
010001010
011100010
1011010
00110010
100001010
0101010010
0101010
0101010110
010101010
0110010
10101010
101010010
1001010010
101001010
00001001010
10001001010
00110010
10101010
100001010
10101010
10100101
1010101
010101010
001001010
0001010010
10001010
1001010010
10010100010
10001010
010101010
101001010
1001010
0101001
0010100101
1010101
10101001
01010110
100101010
0010001010010
00101010
010001001
10101001
100110010
10101010
0111001
0100101
1010101
011001
1010101
010010101
010101
10010101
10010010
100101010
01010101
1010101
1010001010
0001010010
10010010
010101010
10100010
01010100
0101010101
01010101
101010101
100100010
101001010
0000101010
0101010
0101010
001010001
0010101
0101010
1001010010
001101001
100100101
01010101
100010101
0010101
0010010101
001010101
010100101
00101010
1010101
01101001
010101001
1000100101
10101001
1001010100
10100101
10100101
10100101
010101010
100010010
10000100101
100010101
10101010
010101010
01010101
10010101
0100101
0101001
10100101010
10101010
10101010
0101010010
101001010
010101010
0010101010
0010101010
0010010101
1010101
01010100
10101010
100100100
010101010
00101010
00101010
001001010
101001010
0101010001
0101011
01010010
1001010010
001001010
100101001
10010010
101001010
00101011
00100101
010011010
10101010
0101010
1001010
01010010
1001010
001010100
1010100
01010101
1001010101
110100
01010010
0100100101
10001001
0101010
010101010
00100101
01010101
011001010
01001010
1000100101
01010101
0101010
001001010
100101010
1001010010
0010010010
1001010010
101001001
01010101
01010110
10100101
0101010
00101010
010001010
0101010
01001010
0100101010
1010010
10101010
100101010
01010010
010100101
0100101
0101001
01001001
0101010
0101010
10010101
1010101
10101010
010101010
00101001
100010101
001010101
1010101
100101010
10001010
00100101
0101010
00101010
1001010010
0101010
010101010
010010101
1010101
010101010
01100100
1001001010
10101010
1010101
0101001
01010101
010111011
001001001010
10101010
1010101
100100101
00100101
00110101
0011001010
010010001010
01001001
10010101
00101001
001010101
010010001
010010101
101010001
1010001
010010101
01010101
100100101
01011001
1011001
10000100101
10001000
01010100101
01010101
0100101
01010101
0101010101
01101010
101010010
100101010
001010010
1000100010
01010010
00101000100
0101010101
10101010
100101010
00011010
10101010
1001010001
10101100
1000110
01001110
1010101
0110101
10010101
01010101
1010101
10010101
010101001
001001001
100100001
010101101
0101010010
001001010
01001010
1011010
100000110
00101010
010101010
10101001
100100110
010100010
000101010
10101010
0010101
0100111001
01001010
010101010
10010100101
0110101
01011010
0101000110
10001010
10010010010
10100101
1100101
1000101010
0010101010
01010011
10010101
10001010
0101010
01010010
0100101010
01010010
0101010
11010010
01001010
100101010
001001010
100110010
001001010
1010101
100101
010101
1010101
011010001
0101001
00101010001
011010101
0100001010
1010101010
0101001
00100011
001010101
1010101
01010101
10010101
0101010010
10100010
0101010
01001010
01001010
0011010
100010101
001001001
10010011
10010101
1010101
01001010
0010001010
010101010
010101010
010101010
101001001
01001001
101001010
010101010
01101010
01010101
010101010
0101001010
1010101
00101001
01010101
00010101
1010101
01010101
1001001010
0101010010
001010101
1010101
10010010
10001001010
10100101
0100101
10001001010
100101010
1010101
100100101
01010010
100101010
100110010
01010101010
010010101
0101001010
0101010
00101010
10100110
10000010010
010101010
010101100
1010010101
010100100
01010010
010010101
010101010
00101010010
0101010
101001010
01000010
010101010
010110
0101010
100100010010
0010001010
01001010
0010010010
10101010
010101010
010010101
01010101
10100101
1010101
001001010
101001010
01010101
1010001010
0110011
01010100
10101010
1001010
010011
0101011
01010010
10100101
0100101
00110101
0101001
0100101
10101010
00101010
100101010
01011010
001001010
1001001010
010010101
010010101
01010101
0100101
100101010
010100010
01010010
1000101010
0010001
10101010
1001001001
100100101
010101001
010100101
001001010
10101010
100100101
001001001
100100010
01001010
1010101
001010101
010101010
100101010
1001100
01010010
100100101
10010100
0010100010
010101010
10001010
01101010
01010010010
01001010
0101001
010100101
00101010
001101010
10100001
100101
001001010
01001010
1010101
1100101
10101001
10010101
10010101
01010110
01001010
10101010
00010101010
01010010
0011010101
10100101
010100101
011010101
01101010
101010010
0110101
100100101
001010010
01010010
01001010
0101010
01010101
1010101
1000101010
01001010
0101000101
01010100101
1010101
1001010101
0010101
010101
1010101
1010101
10100010
100101010
1000010101
0110101
00100101
100101
100101010
10001001010
010101010
010101010
010101
0100101
0101010
0101010
10001010010
001010010
10101001
0001010101
10001010100
001010010
1010101
101101
1000101010
001010010
100010100
0101010
010101001
000110101
1010011
01010110
01101010
011001010
10100001
010101010
00100101
010101
1010101
01010100
010101010
0101001010
00101010
1000101010
1010101
010100101
010001010
100101010
0101010
1000010010
1001010
10101010
010101010
10011010
0010101010
100101010
01010101
10100101
00101010010
10100010
0100100101
01010101
0101001
010100101
0001001010
001010010
100101010
1001100010
1010101
100100101
00100010010
010100110
10100101
0010101
1110010
01001010
10101010
10010101010
1000100101
1000101
010100101
0110011
0010101
01010101
01010101
01010101
0001000010
1001001010
1000100101
01001101
010101001
01010101
1001001010
1001010010
100100101
01010101
10010000101
01010101
00100101
1010001
001010010
0010011
01001001
01010101
100100101
10010101
010101010
00101010
1001010010
01001010
0101001
10010101
01010011
010101
10010101
0010101
1010101
01010101
01010101
01010101
01010101
1010101
10001010
01011010
0101010
10001010
00110101
1010100101
01010101
01010101
0101001
10110101
01010100001
10010101
1001010100
100010101
10100101
01010101
0101010
01001010
00101010001
01010101
01001010
00010101010
001010101
01010101
01101010
001001010
1001010101
01001101
010101
1010101
010001010
10101010
010101001
01001001
010000101
10001001
00100101010
0100101010
100101010
10001010
100010101
01001010
100101010
010101010
011010
00011010001
10100101
01010101
00101010
010101010
1010101
00100101001
100010101
001001000
01010010
01011010
100100101
010101
01001001
01010100001
10101010
01010010
10101010
001001010
001001010
1001010010
100010101
100010101
01010101
0010101001
100101010
01010010
0101010
1010101
10100101
010010101
10100101
10101001
101001010
100101010
10001010
10101010
010101
0100101
10101010
101001010
0101101
1010101
010010101
010010101
0101001
1001000010
100101010
100101010
0010010010
0000001010
1011001
0100101
10010010
0101010
10101010
1001010
001001010
0101010010
0110101
010100101
01001010
0000101010
00010100101
0101000000
10100011
100101001
10100101
0101001
01010101
01010101
010101010
01001010
1010101
1010101
00100101
01010101
10101010
010101010
0101001
10100101
1010101
001010101
010101010
10101010
0101010
01001010
0101010
0101010010
1010101
10100001
0101010
101010
101001010
1011010
1010001
0100101
0101001
1010011
0101010
100101010
1010101
01010101
1001010101
010011010
0110101
101010101
01000010
010001010
010010101
00100011
0101001010
10101010
001001001
100010101
1001010010
010101010
1010101
01001001
101000101
10100101
0000101010
1001001010
010100001
001010101
1001010
0101010
0101010
1001010
1000101010
0101100
1001010
010100101
01101010
10010001010
0101010010
01001010
010101
1010101
00101010
01011010
10101010
01001010
01010101
10010101
01110010
00101010
1001010010
0101010
0110101
1010101
01010101
0101001
0101010
1010010
0010010100
01010101
01010101
0010101
01010101
01011001
01001010
01001010
100101001
100011001
010001101
10010101
0101101
01010101
10100010
0101001010
101001010
100101010
0100101010
10010010100
0010001010
001010110
00101011
1001001001
1000010101
100010101
1000101010
101001010
000101001010
10010010
100101010
00101010
00101000010
10101010
100010101
100011001
0101010
010101010
1000101001
01011001
1010101
01001001
0001001010
101001010
10010001010
001010010
00101001
1000101
010101001
10010101
1010101
0100010101
01010101
010101
1010101
00101001
1001010
0010000010
10100101
01010101
0100110
0010101010
010100101
100101
10010010
10100010
01100101
101001
0100101
10100001
1010010
00101010
010010101
1010101
0101010
0101010
0010101001
01010101
01001001
10100101
0010001
010101
011001
01011001
00100100101
010101
010101
01010101
10101010
01010010
10010101
10010101
100010101
0011001
100101010
01010010
001001010
100101010
00101010
0010100010
0101001000
1010101
101001010
01001010
10101010
01010001
00101010
0101001010
0101010101
011001
1001001
01010101
01010101
10101011
1001010001
1010001
1010001001
01010001
10101010
010101010
000101010
01001010
010101010
010101010
010101
101001
1010010
100101010
101010010
1000101010
010101010
1001010010
10110101
101001
010101010
01001010
10101010
10101010
00101010
1001010
0010011010
101001010
01010011
0101001
0101101
100100001
01010010
0010101010
001010010
10101010
01010101
010101
1010010010
10100010
01011010
0101010
0101001
10100101
10100110
01010101
10010101
1010101
1010101
001010101
001001010
010101010
01010010
101001010
0101010
010101010
010011
0100101
10101010
10101010
0101010100
10101000
01010010
00101010
011001
1010101
10100101
10100101
01010101
10101001
010100010
01001010
001001001
010100101
01010101
0010101
010100101
001010101
0101010
10101010
010101
1010101
00101010
001001010
001001011
10010101
010011
01010010
1100010
0100101010
010101
10100101
0101010100
01001010
10101010
0101001010
010101010
1001001010
10101010
0010000000
100001010
110001010
10100101
01010101
010100010
00100101010
01001010
001101010
0110101
01010101
100101001
10100001
01010101
1010101
0101
0101001
01010101
001010101
1010101
101010100
100100101
01010100100
001010010
10010010
10101010
101010
01010101
100010101
10100101010
0101010
001001010
00101010
010101
101010011
010101
001010101
01010101
101010110
10101001010
1001010010
000101010
011010
100101010
010101010
01010100
10010010
00100101
0101001
0010001001
1010101
001010101
010100101
00001010
10101010
10010101
1010100
0101010
10101010
10001001010
10101010
100101001
1010101
100010101
1010101
00101010
00101010
00101001
1010101
10001010
1001010
00101001
10010101
10001010
0101010
00101001010
00100100
0010001001
001010010101
0010110010
010010010
100101001
00101001
001001010
10101010
10100101
010100101
010101001
10101010
0000100010
010101010
01010101001
010010101
010101010
0100101010
10010101
101010010
10101
0100101010
001010101
010100101
10001010
101100010
01010010
0010101010
0100101
0101011
01010101
01010101
010001101
001001001
0101010010
101001010
01010101
001010101
0110101
0100100101
10101010
0101010
01010101
10100101
1010101
01011001
0010101010
01001010
010010011
1001001
0101101
010010001
001001010
100101010
1001010001
001010101
10010101
01010101
01010101
1010101
01100101
010010101
0010010001
01001101
10001010
100100101
1000101
1001000
00001010
0101010010
01001010
1001010
001001010
00010101010
100101010
100000010
010101
1010101
01001001
1010101
100000101
1011001
01010101
1010101
0101001010
10101010
10101001
001010001
01101110
01001110
01010011
01010101
010010101
001010100
101001010
100101010
1001010010
001001010
0100100100
101001010
00101001
101001
1010101
00101001
00100101
0011001
00101010
10101010
10101010
01111010
0101010
001010101
10010001010
010101010
01001001
0010101
0110101
0101001
10101001
01010101
010101010
01001100
01010101010
0101010
00110101
001010101
0101001
010010101
01001010
100001010
00101010
010110010
1001101
0010101
101001010
10001010
0100110
01010100
10101010
0101001010
01010101
10101001
1001010010
10101010
00101010
010101010
0101010
0010001010
0010110
01001010
01010010
10011010
10001010010
1000100010
1001010
1010101
010010101
001010101
10100010
10101010
0101010
01010010
100100100
01010010
10100101010
001001010
010100101
001010001010
011001
1000101
0101001
1010101
0100101
010100101
01010101
00100101
10001010010
1001010
100100101
01011
010101
10101001
0101100
1000110
10001010
001101010
1001010101
01010101
00101001010
110010
0101010
0101010
0101001010
0010010010
010001010
10101010
1010001010
101010010
1001000110
010101010
10010100101
0010101010
100101010
000101010
001010101
01010101
0101010010
0010010010
0101010
10100110
010010
01010010
010110010
01010010
001000101
1010101
01001010
100101010
0101001
01011010
0100101010
101001010
010010010
0110010
1010101
101010010
1010101
0010101
00101101
100010101
01010101001
01101001
010101010
10010001010
100010101
0100010100
01010001001
100010011
000011010
1010010
10010010
101010
1000001010
00110010
0010101
010010001
1001010100
10001010
01101001010
0101001
0101010
010101
101001010
0101010
100010101
0101010
100101010
010101010
01010101
010101
01011010
10110010
100010101
100100001
1010010
10010010
100010101
0110101
00101010
0101010
100101
0101001
00100010
10101010
100010101
10100101
010101010
001010010
100101001
0101101
100101010
00101010
0010010010
010101010
010101
001101
1010100101
1001101
0010101010
100010010
0110110
10011010
01001010
0010100010
0101010
01010010
0101010
010010
1010101
1010101
010100101
10010101
100010101
00100010101
10101010
0010101010
10001010
001010010
1000101
10100101
10101010
10101010
0101101
0101010
0001010010
0010100010
010101010
01001010
00101010
101010
0101001
01010101
001001010
001010010
10010101
1010101
0101010
10101010
01101010
10101010
01010101
101001001
0101010010
01001010
001001010
010010010
100010101
0101011
100001010
010101
10010001
0010101
0101001010
10001001010
010101010
01001010
01010010
1001010010
11001010
1001010010
00100101
1010101
01010101
010011
1010100001
010101010
0100101010
1010001
0100101010
0100101010
001010010
100101010
0101010
010110
01010101
0101001
01010101
0110101
010101010
10101010
10101010
01010110
001010101
01001101
101001010
10101010
0000101010
10100010
00100101
010100101
010101
01010101
01010010
010101010
10010100101
10101010
10101101
101001010
01010010
001101010
0100101010
100000101
1010101
00100101
0101001
10100101
010100101
0101001010
101011010
0101010101
100101
01010101
1001011
1010101
101001
01010101
1010101
00101001
0010010010
0010101010
01010101
0100101
101010001
101010
10101010
010101010
0100101
10010001
0100101
0101010
1010101
00101001
10010010
1000101010
1010101
00100101
100101010
10010010
001010101
101001001
1010101
1010100
00101010
0010101010
1010010
10100101
1010101
10101010
101010
0101010
1010010010
0101010
010101001
10101001
10010010010
01001010
01010010
10110010
000010010
0111010
0100101
00010101
0101001
100011001
010010010
101110010
10101001
01010101
1010101
01001010
101101
101001
010010100
010100101
01010010
0101010010
0100101
010100101
01100101
010100101001
011001010
011010
10010010
01010010010
10101010
0101010010
1000101
0101001
1001010010
101001010
1001001010
0101010010
1001001010
10101010
01011010
001001010
100010110
101001010
010101001
01001101
00100101
0101101
100001010
1011010
101001
1011001
010101001
10100101
100100110
0101010
100101
1000101
100101001
00100010101
0100101
0100101
001010101
001010101
010101010
100101010
01010101
1010101
01010101
0110101
001001010
01010010
1000100101
1010001
1000100101
010100101
01010101
010101001
0101001010
0010110010
01010101
10101001
0101010
01010010
000101010
10010010
0100101
1101001
0101001
101001
0110101
010101
010101001
100101001
0010101010
1001010
000100101
001001001
1010101
010101
10101010
01001010
1000001010
0100101010
1010010
01001001
10010010101
1010101
00100101
100110000001
1001001
1010101
101010
1010010
00100101
10100101
0100101
0101001
0101010
00101010
01010100
1011010
10010101
1010011
1010011
1010101
1010101
1010101
1010101
01010101
0101010010
010100100
01001010
0101010
0010101
10100101
1010101
01011001
01010010
010101010
01010101
0010101
010101010
10101010
01010101
10010001
0101010
10101010
010100100
10100101
011000101
0101010101
10010101
10100101
00101001010
01001010
010100101
10010101
00101001
01010101
1001010010
0101010010
0100101
010111
0101001010
0100101010
101010100101
01010101
100101010
100100100
1010101
010101
101010101
100100101
0010100101
100100101
000010100
1000100101
10010101
1010101
01010101
001001001
1010010
01010010
01011001
1010101
10010101
010100101
01101010
0100110010
01100101
0101010101
101001010
100110010
10100010
101010010
01010101
0101010101
100101
01001001
10101010
0010101010
01010101
0100101001
1001010010
010101010
100101010
010101
1010101
010010101
0110101
101010
0100101010
1000100010
100010001001
01010101
0101010
1010010
100101010
010101010
010101010
1000100110
0101001
01010101
1001001010
1001001010
10101010
10101010
10100101
10101001
100101001010
10001010
10010101
1000101
10100101
010010101
1010010
101001010
0101010010
010101010
1010101
100101
10010101
01010101
100101010
0010110
010101001
00100101
01001010
01001010
0010011
001010101
01010101
010101010
010010010
10101010
1001001
1010101
0010110
010101010
01000010
10101010
10101010
1010110
101010001
010101
1001001
1010101
0101010
0110010
010001001
0110101
100101010
101001
010010010
001010010
10101010
1001010
01010101
0100101
10001010
010101010
00101000100
0101010001
0101010
1010101
1000010010
1011010010
1000101
10001001
101001001
1010101
0101010
0101010
0001010010
0101010
0010101010
0010101010
001001010
01001010
0110101
0100001010
00010101001
01010101
0101010
10101010
0100101
01010101
10101010
00101010
01010010
10101010
10010101
1010101
100001010
0101010
1010101
10100101
0100011010
01101010
010101010
0111001010
01010101
10011001
010101010
010101010
1001010010
100100110
0100100101
0101001011
010101010
001001010
010100101
00110101
0101010
001010010
0101010
1001010
10010010
1001010010
01010101
0101001
10101010
101010010
00101001
10010101
1001010
1010001010
10001010010
01010101
0101001
01010101
0010100101
0100101
01010101
1001010101
100010101
1010101
1010101
10101001
10001
10100101
0100101010
001010110
01001010
10101010
10101010
00101010
0101010
010101001
010100110
01001010
000101010
001001010
0010101010
010101010
10101010
100101010
0010101010
00101010
0010001010
01001010
0100101
1000101
1000101010
01000010
01010101
100100101
101010010
1000101010
0101010
010101010
10100101
0100101
0101101
101001001
101101
1010101
010101001
01010101
1010101
010100101
1000100101
01011001
100100101
010100101
101000010010
1000101010
0101010
10101010
000010101
10101010
10001010
00101010
011110010
01101010
10001010
10100110
01010010
000101010
10101010
1001010010
11010010
10010010
0010101010
100101010
001000101
01010101
01010010
100101001
010101
0010101
101010
0101010
10010010
10101010
1010101
1010101
0101010
01001010
01010001010
100100110
00100100010
0011010
0010101010
01010010
100010010
101010010
1010100000
101010010
1000101010
001010010
0101010
1001010010
10010010
01010010
0001001010
100100010
1010101010
010101010
0010101
0000010101
011001001
10101001
01010010
00100101010
01010100
100101010
101010101
10101001
101001010
00101010010
10101010
11001010
1010010
101001010
001010010
101010010
1010011
100110010
100100010
1001010
100101010
10010010
10101010
001010010
1000010010
010101010
100101010
1001001010
01001001
01010101
010010101
00100101001
10101010
10101010
100101010
01010010
01110
0101001
00101101
10101001
0010101010
010101010
10010010
10101010010
1010101010
101001010
1010010
0001001010
0101010
001010010
10101010
01010010
0101010
100110101
010110010
010100101
01010101
001010101
0101010
0101010
01010110
101001010
0101100
100110010
01010110
1010001010
01010010
010001010
010101010
0010110
0001001010
0101010010
0010010010
10110110
0010110010
001010110
101010010
101001010
001010101
010101001
0001001010
1010010
10001010010
0011010010
100010100
100100100
1000101010
0010010010
010100101
0100101
0101010101
1001001001
0101010
1010010
00100010010
00101010
0101001
01010101
00101001
0101001
0101001
1010101
0100101
010101001
10100101
01010101
10010010
10101010
0101010
0110010
10101010
101010010
1001001010
00101010
00100010101
100001101
010101001
010101
01010010
01010010
01010101
100101001
10001001010
010010010
01101010
100010101
10010101
001010101
0011001
1001010
0010101
0100100101
1010101
1010101
0100101
1010101
010101001
1010101
1001001010
10101010
10100101
10010101
10001001010
00101010
00101010
101010
1001010010
1001010
100100101
0101001
1010101
001010101
1010101
0101001
011001010
0100110010
10110101
010010101
1001010010
010101010
0010101001
01011010
0100101
1010101
101000001
01010101
0101001
1010101
0101010
01010101
10100100
10101010
1010010010
1001001010
01010010010
10010010
100010010
0100101
010101010
0101010010
10010101
0100101
10001001
01010101
001001010
010010010
001000101010
0010101010
1001010010
0101010
010101010
0010101010
1000101010
10010010
010101010
010101010
100010101
0001010101
10001010
0010110
010100110
0100010101
10010101
10010101
0010101
10010101
1010010
0011001010
01000010
010010010
10010010
10001010
010101010
011010010
1010101
01010101
100010100010
10010001010
01001010
010101010
010101
1010101
0101001
010101
001010010
10101010
10100101
00101010
00101010
10101010
10010010010
10011010
1011010
01010110
00011010
0101001010
10010101
10010011
101001
01101010
010100100
010001010
001001010
10101010
001101010
00101010
0010101
100100101
10010101
0101001
01010101
101001001
01011
01010011
10101010
0101001010
1000010010
001010010
001010101
1011001
0101001010
00101010
101001010
10010010
100101010010
10101010
100101010
1010010
1010101010
010101010
0010001010
10001010010
01010010
01010010
100100010
0100101
01010110
0101010
10010100
01010101
0101001010
00100101010
00001001010
1001010010
1010101
10001010
10101001
1010101
10001101
0010010101
010100010
1000101010
10100010010
0101010
1010101
0010100101
1010010010
01001010
01010010
001001010
100100101
0101001
01101010
10110010
00001001010
010001010
10101100
01010101
01010100
0010001010
1010010
01001010
00101001
10001001
0101010
01001010
00100101
01010101
010010101
101010101
001010101
10010010
00101010
0101010
10101001
0010101
010010101
010010101
1010101
001010001
0000101010
0101010
10101010
010101001
0101010
1001010010
10010001010
10101010
10101001
010101
100100101
1010101
01100101
10110101
100101001010
010101001
01010010
11001010
1010101
10010010
10100101
10010101
001101001
001010101
100100010
10001010
01010101
01010101
0010101010
10101010
0010101010
1001001010
1001001
10100101
1010101
010101
101001010
10101010
10010101
001000101
001001010
0101010010
100101010
1000101010
01000101
01010101
0010110
10101010
01010101
010101
0100101001
1010101
1001001
010101
101010
01001011001
0010010010
101010010
00100101
1010101
01010101
000010101
1001110
01010101
100101
10101
10100101
00101101
010010010
100101010
10011010
10001010
10101001
01011010
0101010
01010011
01001010
1001010
01001010
01010
01010101
10010101
010010010
10010110
0101010
01010010
10010100
10100101
01010101
001101001
01001001
0100101
100001001
0101011
011010010
100101001010
1000101010
0101010
0010100010
10101010
1001001010
10011010
10001001
010101001
1000100101
0100101
1010010
010101010
1001010001
0110101
101010
101010
01010100
10101010
10011010
101010010
01101010
100101010
10010101
01001001
1000110
010110010
1000101
1001001
010101010
01010010
101001010
001100100
1010010
0101010
10010100101
1010101
010101010
0101010010
0101010
00001010
10101010
10100110
0010101
010101
100010100
10100101
1010010010
1010100010
0101010010
001001010
00110101
1001
0101001
1010101
01001001
1010010
10100101
01010101
10101010
001010010
10001010
01001010
10101010
0100101010
10100100
001101010
1000100101
10000101
1010101
010101001
10100100
10001010
0101001010
0100101010
10100101
001010101
010101010
0101010
1010101
010100101
100100101
10100101
1010010
10101010
00101010
10010101
0101001
01010101
001010010
010101010
1011001
10100101
010110101
111010
010101001
0101001
00100101
01010101
010101
1010101
0101001001
0101010001
000110
0101010
01010101
0110101
01010110
0101001010
01010011
01101001
10010010
0101001010
001001010
100100010
01010010
10101010
100100110
1011010010
01001010
000101010
0101010
00100100100
01010010
0101010
10101001
01010101
1010101
001000101
1001001010
100101010
010101010
01001010
1010101
0100101
0010101
01010101
0010101010
111010
01001010
01001010
010101010
10101010
0100101
10100101
001101
010010101
001001010
0101010
0101001010
001001010
0100101001
1010101
0101010
01001001
101000101
0010101
1001001001
01010101
01001010010
0101010
1010101
1010101
00110010
101001010
0100101
1010101
1010010
100101010
1010101
101001
100101010
101010010
010101010
010101010
010010101
0101011001
0100001010
1001001010
010010101
001001001
0101010
0101010
10101010
1001010010
00100010100
10101010
1001001
10010100101
1010101
10010010
0101011
0010101
10101010
101001010
001101010
100101010
10100001010
10010001
001010010
01001010
101010010
00101010
01010101
010100100
10100101
01010101
010101
0101010
001001010
01010010
1010100
0100101
010101
10100101
1010101
0010101
10101010
100101010
1010101
1010101
0100101
0100101
1000101010
01101010
10101010
010101010
0110101
00101010
01001010
0101010
000101010
01010010
1001010
101001
101001
10010101
100010010
00101010
10100101
100010101
010011010
0000101010
00101001
0100101
0100101010
100101010
01001010
1000101010
0010100101
11100101
010101010
10101010
001011001
1010101
1010101
0101001
010101
010011
1010101
100010100
1010010
01010101
001000110
00101010
1010010
10001010
010110101
10000101
0101010
001001010
00101010
1010010
010010101
101000101
10010010
010101
011010100
0101010101
0010010010
10001010
01010101
10010101
10001010001
10100101
100010101
100011001
010101001
01010101
10001000101
010010101
01010010
00101010
00000101
01010
10101010
00101001
01011010
010101010
0101001
00101010
1001010
00101010
001010001
01010101
001101
10100101
100000101010
10101010
010101010
101010010
101010
001011010
01100101
010100101
010101010
010101010
1010101
01010101
1010101
0100101
010010101
01010101
1010010010
100101010
1010101
01010101
0100101010
01001010
100100110
010101010
010101
001001
0010101010
10101010
10100011
001011
001001010
100101010
0010101
1001010100
1000001010
101010
10101010
01010010
10010101
0100101
101001010
0101010
0101001010
10010001010
0101010
10001010
01010110
010101010
0100101
010101
001001010
0101010
10101010
00101010
1001010001010
00101010
000101010
0010001010
0101001
01010101
01010110
010101010
101001001
00100101
0010010010
01001010010
10101010
01010110
010101101
0101001
01011010
01001010
01001010
0010101010
00101001010
10001010
0101010
0010100100
01010101
1010101
1001010
0010001010
0101001
001101
001001001
10101010
0101010010
10101010
1000101010
01001010
01000101
100101
01001010
010101010
1010100
0101010
01010101
01000101
1001001
010101
10101010
001010010
0100101
10010010
010100100
10101001
1001010100
0101010
0101001
01001001
001010101
01001101
01010101
01010101
010101
100101001
00101001
101001001
0101011
001000101
10010101
01010101
00100010
01001010
01010101
1010101
1001001010
010110010
0101010
0101010
10010101
1001101
10101001
0010010101
100101001
0011010
001001010
0010101010
01010010
100101010
010011010
01010110
001010100
10101010100
0010100101
0100101001
0010101
100011001
10010101
10100101
00101010
00110010
01010101
00101001
010100101
10010101
01010101
000101001
100010101
10100101
0101001
0010101
010110010
010101010
101000101
10100101
0101001
0110101
010101001
100010101
10010101
00011010010
1010101
01010001
10010101
0101001
001001010
1010001
0100101
00101010
010010010
100010010
10101001
01010011
0010101010
1010001010
10010010100
01000101
010010101
001010101
001010101
0100101
00101010
10001001010
10011010
10011010
010100101
01010101
100010001
10010101
01001001
1010101
010101010
0010101
0101010
10001010
10010101
100101001
00100101
01010101
10010101
01001010
0010110
0011010
00101001010
10001001010
010101010
01101010
101010010
01011010
010101010
10001010
010101010
10101010
1000101010
01010010
01010101
1010101
100000101
01101001
010101
00101010
0100100101
1000101001
001010010
010101010
010010101
0110101
001001010
0100110
001001010
001010010
0001010010
1010010
0101001010
0101001010
0101001010
00110110
0101010
001001010
10101010
001010010
100010010
01010010
10100101
1010101000
00101010
10001010
010101010
01010010
10010101
010101
001000110
100101010
010101010
101010010
0101001
100100101
010100101
010101001
1001101
1011001
001010010
010101010
10001001
0101001
00100101
1010101
100110
10001001
0101101
010101001
10010101
01001101
0101010
1000010
100001010
01101010
10010101
00101001
10100101
010101
01010101
010100101
0010101
101001
1001101
0100101
010011010
01101010
0101010
10101010
01010010
1001010010
010010101
010100101
1010011
010011
1010101
1010101
1001010001
1010001
001001001
01010
010101
001001001
010010
101001010
00100010010
0101010010
01010010
0101010
00101001010
010101010
000101010
0001010000
01001101
01010101
01010010
100101010
01010101
0100101
101010101
010101
1001001
10101001
01010110
0010101
101001010
010101010
10010101
01010010
00101010
10001010
100101010
100101010
10101
10100101
0010010101
011011
10010101
001010101
01010101
0100101
01010101
010101
10101010
0101010010
101010
1010010
1010000101
10010101
001010101
101001001
01001001
01010101001
1010101
010100101
0101001010
0101010
01010010
0101010
01010010
10101010
1000011010
010101010
1010101010
100101010
001000101
001010101
01010101
10100101
010101010
01001010
0101011
10100101
01001001
0010101
001010010
10101010
010101010
0101010
1010101
010101
1010101
10101100101
1010101
1010101
00101010
01001010
000101010
10101010
1001010
11001010
1010101
100101010
10001101
01010101
0100101
101010
001001010
001001010
0101001
10101010
10001010
100010010
10101001
10101010
010101010
011011010
0101010
01101010
0100101
0100101
001001010
001001010
01010010
10101010
101010011
100011
0101001010
01010010
0100101
01010101
01010101
0101001
010101
010010011
010101
00100101
100010101
10001010
101001010
0101010
100101010
101001010
0100101001
10100101
00100101
10001011001
1010010
1101001
10101010
100101010
001100001
100101001
001001010
10101000
1001010010
001010010
10010101
1001001001
100010010
100101010
101000101
0101010101
10101010
0101000101
010101010
001001010
010010101
0100101
1010101
01010101
010101
0101101
111010
0101010
10001010
00101010
101001
100101
1000100101
001000101
1010101
01010101
01010101
1010101
01010010010
0101010010
1011010010
100101010
01010101
10101001
0011010
01001010
010011010
101001010
10100010
00010101010
0010001010
00101010
1010101
1001101001
0101001
101000101
10101
100101010
10010101
1001010001
0010100101
10010101001
011001010
0100101
0010101
10010101
0101010
0101010
101010
00101010
100101
101001
010100100
010010101
00101010
0010101010
00101010
001010010
110101
100101
10010101
100010101
010101010
100101010
01001001
1010101
001010100
01010011
0101110
10011010
010010010
100011010
101001010
1001100010
010010010
010010010
0101001
1011001
10101010
010110010
1010111
10001010
1001001
101000100
1010001010
0010101001010
10101001
010101001
1010010110
1010101010
01001010
001010010
010101
1010101
010101001
0100101
0101010101
0010101
001001010
10010010
0101000
0100101
0101010101
1010100101
001010010
101001010
1010100
100010010
010101
1010011
10100101
10010101
010101010
101010010
0101010
010001010
001011001
01010101
10010100
1010101
001010010
10101010
0101010
01101010
10001010
100101010
10100101
10010101
10010101
010100101
1001010010
0101010
001010010
1010010
10101010
01010100
0100101
1010101
0101010101
1010001
100101010
1010101
01011001
0010101
10100101
01011001
01101001
1011001
101001010
100101010
1001010001
01010101
00101000010
0010100010
011010010
1001001010
0100101
0010101
10101010
010101010
00100101
10100101
101001010
010101010
1010101
0010100101
1001010
10101
1010010
010101010
010101010
101001010
001001010
100101010
1010010
10010010
10101010
00101010
1010101
001011
0101010
11010010
100101010
10010010101
1010101
0101011
01001001
0100101
1000101001
0101010010
1001001010
00010001010
010101010
001010010
0010011010
100010101
0110101
001101
0100101
01010011
0110101
10101010
011001010
10101010
1000110
0101101
100100101
00101011
1001001
0100101
10100100101
010101010
100101010
01010101
0100101
101001010
010010
01010101
1001001
100010010010
1000101010
1000001010
100101010
01010101
010010101
0010010001
01011010
01001010
100100010
01010101
10101010
100001010
010101010
101000110
00101010
0101010
00101010
010100010
0101010
01010101
1010101
00001010010
010101010
100010101
010100101
1010101
1010101
010101001
00101001
010101010
01001010
100010010
100101010
10101010
0101010
010100101
101100101
1001010
0101010
10001010
010100110
101010001
10000101
10010101010
001010010
10101010
100001010
101001010
100100001010
1001001
101001
1010010
10101010
00100010101
10001001
0010101001
01010101
0110010
001001010
100100010
00100101010
00100101
1001010001
0010100101
1000100101
10101001
1000101
0010100100
010101010
1001001010
1010101001
01010101
10100101
0100101
10100101
100101
100101001
10010001
10100101
01010101
10010101
010101
010101010
0100100110
1010101
00101010
0101001
01010101
10101
1010101
10000101
10100101
001001010010
00001010
0101010
10001010
010101
10100101
100101001
10010101
10101010
10101010
00101010
1010010010
11010101
1010101
010101001
0101100
0101001010
101010010
100001010
1010010
0100101010
101001010
1010101010
00101010
0010101010
00101010
0110101
01010101
01001010
0101010
00110010
10101010
101001
10010101
1001010
1001010010
1010110
1001010010
01010101
010100101
1001010010
10101010
10000010010
101010010
01010100101
0101101
1000101010
0100101
100101
101001
100101010
0010001010
10001001010
10001010010
1001101
010101101
1001010010
1010010
1010010
010010010
001010010
0101010
100101010
1000101010
100100001
0100101
0010101010
010010010
0110100100
010101010
010101001
00100101
100101010
1010101010
000101010
101010
1010101
101000101
0101010
001010010
00101010
10101010
00101010
10010010
101010101
10010101
00010000101
0100101
10101010
001010010
10010010
01010010
1001010
00101010
001000101
10100101
100110010
01001010
100101010
0100101010
01010101
010100100101
10101010
0101010
10101010
010101010
1001010010
001010010
10101010
10101010
01010101
1001000100
010101010
010010101010
101010
10010010
010100101
01001001
010100101
1001001001
01011010
001010010
010101
1010101
100100101
0100101
00101010
001001010
00100101
101101
10001010
10001010
0110010
0010101
01010110
11001010
10101010
0100101
100101010
0101010
01010010
00100010010
010101
10010101
10101010
0101010
10010101
100010101
100010101
100110010
10101010
101010010
001001010
0101010
0010101010
1001001010
0101011001
010101
1010101
1010101
0101010
00101010
10101010
10010010010
1010001010
00100101010
0110101
010101
010101010
100010010
000001010
010101010
010101
01010101
01010101
000100101
0101010
101010010
0101001010
1000101010
010101
0100010101
0101101
100110001
01000101
01010101
100101
0010101
010101010
010101010
001001010
101001010
100101010
1001010
101010010
100100110
0010010
00101010
100010010
00100110
101010010
0101010
10001010
100010
1000101
1011001
10101010
100101010
1001010101
010101
10010101
0101010010
01010101
100001001
100101010
10010010
0101001
10100101
101001010
001010010
10001010
10101010
100101010
10101010
0101000101
10010101
010100010
0010010010
10010101
01001001
0010100101
01010101
100101010
10001010
0010101010
100010010
1001010
010010
0101010
01001010
10101
101000101
1001001010
10101000100
100101010
1010010
1001011
100101001
1110010
101010
010101
1000101
0101010
1010101
101000011
01000101
10010
0101010
0101010
011010010
010101
01001001
100101010
10010010
010101
00100101
0101010100
01001010100
0101010
1001010
10001010
0010100010
0101010
1010010
01001101
10010101
1010101
1000101
001001010
1000101010
01100110
00101010
0101010
010101010
001010101
10101010
1010101
1010101000
01010101
101001
00101010
010101010
00101001
1010101
01010100
00101010
01010101
10010101
0101010
011010010
100010101
0101011
0101010
1001010
101010010
100101010
0100101
10010101
1010010
01001010
10100101
100010100
1000101
100100101
0010101
001000101
100100110
0101010
0101100
10010101
01101001
010101001
01010101
1010101
010010101
10100101
0100101010
010101010
010010101
0101010101
0101101
01010011
100010001
010101
0101010
0100010101
010101
100101
1001010
101001010
010101
10100101
0101010
0101010
100001010
1001010010
10001010
1010101
01001010
011010010
0101001010
010101010
0101001
1010101
00101010
0101010
1010001010
0101010010
0101000110
1001001010
11001010
101001010
00101010
0110010
00101010
010101010
010100101
1010101
101010010
101010
10101001
010101
100100101
011010010
00010100010
100101010
010100101
1001001
0100101010
1000101010
00101001
0100101
01010101
1010100100
01010101
1010101
0101010101
01010010101
0000100010
0101001010
001010000
1001010
10100101
00101010
0010100101
001010001
0100100101
1010101
010010010
01001010
001010010
0010100010
01010010
0101000110
100101010
100101010
101010
101010010
10101010
0100101
10101001
10100001
0010000101
10101
00101001010
10001010
01010101
101001010
100101000
101010
100101010
100101010
100010101
10010101
010101010
010101010
10000101010
011010010
00100101
01010101
1000101010
101010010
01010101
01010101
010101
01001010
0101010
001010
0110101
01010101
01010101
01010101
0101001010
01001010
010110010
010101010
01010101
1010101
10100101
1010101
0101010
0101010
01010101
1001010101
100101010
101001010
0010100010
101001010
10010101010
1001010010
10001010010
0101010
01010010
1010010
010110010
010101010
01010101
1010101
0010101010
0010101010
01001010
01001100
01010101
1010101
10100101
10101001
001010010
10100100
100100101
010101
01010010
01101010
1010101001
010100101
10001010
10010010
10001001010
10101010
0100101010
010101010
10100010
00101010
010010101
01001001
001010001
010101100
01010011
010110
100101010
0101010
0001100101
01010101
10010101
100101
0101001
100100101
1010100010
1001010010
1010101
10010101
101010
00101010
01001010
010101010
10101010
01010010
010101001
01010101
01010010
01010010
011010
0101010
010010010
0101010
0001010010
1000101010
0100101010
001001010
100101010
00101010
000101010
00100110
1010010
001010010
0101001010
010101010
01010101
1010101
01101010
10011010
010010010
001001010
10101010
0010110
01011010
01010100
000100
1010101
010100101
10010101
100101010
10101010
00100101
1010101
1000010
1010100
10101010
01001010
1010101
1010101
1110101
1010101
11101010
10000100
010010010
00101010
0101010
0101010
10010100101
10010100001
0101010
1001010010
10101010
0110010
01010010
01001010
10100101
1010101
1000101010
0101010
10010010
100100010
010100101
0100101
01010101
101001001
0100101
01001001
0010101
100101001
1010101010
101010010
10010101
00100101
001001001
01110011
01001010
00100100
1011010
0101010
10010010
0101010
010101010
0101010
1001010
01001001010
101001010
10101010
100101010
0101010
00101001
0010101
0010010
10010100
10001010
010101010
10010010010
010101010
1010101
10010101
101001010
001010010
00101010
1010101
0010101010
010101010
101010010
010101010
0010101
00101000100
10001001
0010010101
0101010
0101010100
0101010
01010110
010100101
001101001
100001010
01001010
10101010
0101010
010001010
0101010
010011
1010101
10001010
1010010
010101001
10010101
01010101
00101001
100010010
001110100
001001010
0010001010
1010010
0101010
0101010
001010010
101001
0101001
001001010
010101010
0101010
1001001010
010101
0101001
001010100010
01010100010
1010100
010101
0101001
01010101
0101010
001001010
1000101010
10010010
10101010
010101010
01000101
010100101
0101001010
010100110
10000101
0101001
0101001010
0010101010
10100101
1010101
101101
1001001
0101010
10101010
0101001010
1010010
10101000
0101001
10101111
1010101
100001010
100101010
1010001010
010101010
1000110010
01010101
01001010
001001010
10010010
00101010
100010101
101010001
100010100
1010101
0100101
100010101
0101010010
010101010
0010100101
01010101
00100101
01011001
010010010
010101010
100101
100101
0101001
101010
1001001010
01001000
000101010
01010010
10011010
00101010
011101
100100101
000100101
00110101
010101
1010101
100101001
10010101
10101001
01010101
10101010
0100101010
1010101
00100101
001101
010101
01010010
10110010
10010010
1010010
1001010010
010101010
0110101
001010101
111010
0010001010
00100101
01010101
01001001
010100101
10101010
0101010
10101001
100100101
101010
001001010
001010101
10100101
001001010
10100100
101010010
010101010
00100100100
01010101
00101001
1000011001
1001010
00101010
0010100010
00101010
10101010
00101010
0100101
1010101
0101000101
010100100
00101001
0101010001
0100110
0101010
0100101
10101
101001001
01010101
10100101
0101010100
1010101
10101001
10110010
10010010
01010101
011001
10001010
10010010
010010101
101001101
101001010
100101010
10010100
100001010
001010101
01010010
01010010
1010001010
0010101001
10101001
01010101
00101001
1010101
01001001
1010101
001010101
010010010
0101010010
01010010
101001010
01010010
10101010
010010010
01001010
0101010
0110010
010101010
010101010
010010101
0010101
10101010
1010010
010101010
101010
010001001
10010101
010010101
01010101
1001001001
010100101
10010101
010101001
010101010
010101010
01010101
0010000101
0100101
010111
0010010010
1010010
1010101
010101
00101010
10101010
0101001
1001001
10010101
0101010
0010001001
0101001001
0101100
010100101
01010101
10101010
01101001
01010101
101010
010101000
00100101
01010101
0101010
0101010
0101
0100101
0101010
0101010
10101110
10010010
01010101
1001001001
10101001
01010101
1010101
00101001
1010101
1010101
0010101
10101
101010
010101010
1010101
01011101
01001010
01010010
0001001010
000100100010
001001101
010110101
0010101
010101001
000101010
10101010
101010
100101010
10100101
0101001
0010101
01010101
0100001010
00101010
10001010
10101010
1010010
10101010
10000101001
01010101
1001010
001010
00101001010
0101001010
1000101
1001010101
010101010
00001010010
01101010
0101010
100000101
10010101
10101010
10100101
0101001
1000100101
10101001
01010101
0010101010
10101010
001010010
00101010
00101001
100100101
0101010
0101010
101001
1010101
01010101
0101
01000101
00101001
01001010
10101010
0100101
0101101
000101010
0100110
10101
101001
0101010
0101010
010101010
101010
010101010
0010010010
100010010
01001010
010101010
1001001010
001001010
10101010
10100101
0101011
0101010
110010
0101101011
0100100001
010100010
01101010
01101010
01001010
0100001010
010101010
011010101
00010101
10100101
01010101
1010010
0101001
010101
1010101
100001010
0101001010
000101010
0101001010
10101010
0010001010
00101010
01010010
11101010
0101001010
010100101
010101
01010101
01001101
00100010
01010101
10010001010
1001010
010001010
10101010
0101001
1010101
001011
1010011
01010010010
01010010010
101010
010100101
010100101
0101011
10101101
001010101
010010010
10101001010
10010010010
101001001
1010010
10101010
10010101
00101
10010010
100010010
0101010
001001010
10010010
1001010
0010101
001001001
0101001010
10101010
100101001
010101
0010101010
001010010
00101010
101001010
0101010
00101010010
10101010
1001001010
01000101
0101010
01010010
11001010
10010010
010101010
0100101010
100100001010
1001010001010
1010101
001010101
001010101
010101
10010101
1001011
101001
10101010001
01001010
0111010
01010101
011001010
00101010
0101010
101010010
010010
010110010
000100010001
0010101
00101010
00101010
010101001
0101001
1001101
001010101
01010101
1010101
001010101
1001010100
100101010
100101010
10001000
0110001
100101001
101011
010010010
0101010
0101010
100010010
011000100
01100100
100100100
1010101
010100110
01010010
00101001
1010101
010100101
0011010
001010101
010101001
0100010
00101010
000101010
01000110
010101
1010101
10100010
10101010
0100101
01001001
1010001
1010101
10100101
0010010100
000100010101
000101010
10001101
1010101
1001001
01010010101
1001010101
010101
1000101
000010101
1010010000
01010101
010101010
1000100010
0100110
1010010
001001010
1000101010
010100101
001010101
00100100010
010100110
01001010
0101010
10000000
0110101
001010101
01010011
001010101
1010101
101010010
01010010
010101
1010101
01001010
00101010
010010101
010100101
001010101
1010101
00110010
101010
0101010
001010010
10101010
1001010010
10001
100010101
01101010
1000110010
010101
01010101
010101010
0100101010
000010101
1010101
0101001010
010100110
01010101
10010101
10101010
101001010
10101001
0010101
101001010
0100101
010100101
1010101
00101010
1001010
10010010
001001010
01010010
0101010
0101010
010101010
01010101
1010101
101010101
00100101001
0100110010
0110010
0101001
1000101
1001010
0101010
01010110
0101010
0010100010
01010010
010101
10010101
010101
0100101
010010010010
010101010
10100101
00101001
01010101
10000101
10101010
0101010
101010
110010
1010010
01010010
0101010
10100101
01010010
001010010
0101001
100101
1000001010
01010010
01010010
01010010
01010100
0101010
01010101
100101001
01010101
01010001
1000101010
00101010
010101
101001
101001
0101001
010010101
00100101
100101010
10100010
0100101010
01001010
1000101
1010101
0010100010
01001010
0110101
1010011
01001010
0101010010
1001001
0101001
01010010
01001010
01001101
010010101
00101010
00101010
101001
10101010
0011010
0010010
10010101
01010101
0011010
01001010
10010101
10100101
010101001
10010101
010101001
10101001
00101010
10100110
1000101010
0101010010
1011001
01000101
0010110
101010000
10101010
010001010
101010010
10101010
0010101
101010100
10001010
001010010
010101010
010101010
0100101
0101001
10100101
1001001
01010101
010101
011010101
001001001
00101010
00101010
0101010
010101010
01010101
00101001
100100101
010101
10010101
010100101
10100101
01010101
100101010
0010001010
0101101
1010101
0010101010
100000110
100101010
010101010
010010101
00101001
1010101
01001
10011
01100101
0101100
01100101
10010101
01001001
0101010
0010101010
0100101010
1010010
10100101
100001100
1001001010
100101010
10001010
00001010010
0101001010
00101001010
101001001
001010101
001000101
010101001
0101010010
010101010
100101001
10000101
00101010010
010101010
100010101
10010101
1000101010
010101010
001010
10101010
00100101010
0100101010
100010101
00101001
00010101001
10010101
001000010
1000101010
0100101
0110101
010100110
010101001
00101010
10010100010
1000001010
1001010010
00010101010
0100010010
10100101
1010101
100101001
010101001
101010010
010101010
010010101
01010101
101010010
10101010
101010010
101001010
1010101
1010101
1010101
010100101
01010101
1010101
0110010
0101010
010100101
1010101
10010010
00010010010
10010101
011001
101001
010100101
10101010
011001010
0101001010
10010100010
010101010010
10101110
10100101
01010101
010010010
10010101010
01010101
0100101
100100101
1010101
010101110
001001010
100101010
01010101010
101010010
01010010
01001010
1000001010
010010010
100101010
010100101
00100101
0100100010
010101010
010010010
0101100101
010100100
0010101010
00101001010
010101010
1000101
1001000101
0101010
101001010
00110010
10001010
01001010
0101010010
01101010
01001010
01101010
1001001010
100101010
10101010
0101010
010101010
100100001
1001000101
100010101
0101001
01010010
10101010
0101010
1010010
00101010
100001010
010101001
0010101
0101001
1000101001
100101010
1001001010
10101010
101001010
10101010
0101010010
010100001
01010010101
0101001010
0101010
01010101
10101001
0010010
0101001010
0101001010
0000101010
1000101
010101
10101001
01010101
001101
0100101
1001001010
101001010
100101
0100011
0100101001010
101001010
1000101
10101
100001010
01101010
010101010
1010010
01011010
01011010
1010010
01001010
00101010
010101010
0010101010
00100101010
0001010110
100101010
01010010
000101010
0101010
010010
100101
1010101
1000010010
0010100010
01010101
0101101
001001010
00101010
01010101
01001001
0001001010
01011010
1010101
10010101
01010101
01010101
1001010
001010010
0010010010
0101010
101001000
10101001
10101010
00101010
1001010010
0101001010
01010101010
0010101010
010101
00100101
0010101010
1001001010
01010101
010100101
100010101
011000101
010110010
00101010010
010110010
01010101010
0101001010
0101010
0010101
010101001
0101001
0101101
0101001010
0001001010
1010100101
100010101
001010101
01010101
0010101010
10100101
10100101
010110001
00101001
100010101
0000101010
00011010
001010010
1001010010
0101001
001001001
00101010010
10101010
001010101
010100101
001001001001
01001001
0101010010
0010101010
0010101001
01010101010
010101010
10101010
10001001
10101001
1110010
001001010
10101010
010110
01010010
001101010
01010101
001001010101
10101001
100101001
100010101
01100001
001010001
1010101
01000010010
1010010
0100110
0100101010
01010010
010101010
010001010010
0100011010
001010010
10101010
