0100100101
101000101
0101010
010010010
10101010
0100101010
01011001
10101001
10000101010
010101010
001000101
10000101
001001010
1010010
1010101
10100101
00110010
01010101
0010101
010100101
010100101
100101
1010101
1010101
10010010
1001010010
01010101
000010101
10101001
011010101
010101010
101001010
0101010
01010001
010011010
101001010
010101010
0101001010
101001001
010101010
10100101
10010101
01001010
100101010
010100100
01010010
1101010
010100101
0101001010
010011010
00101001
10100101
10000001010
001001010
101001010
010101010
01010101
0101101
0011011
1001001
0101
1010100101
01010101
100100101
1010101
010101001
10100101
10100101
01001010
1001010010
01010101
1000101001
0101001010
0010010100
01100101
010101010
10010101
000100101
0010001010
10001001010
010101010
010110010
1000101010
100101010
010100101
100100101
1010101
1011001
0010100101
1010101001
01110010
0101001010
10001010
101001010
10110010
1001001010
01010101
0101001
10101000
10100101
11001001010
010010010
0010010010
10010110
01001010
01000110
01011010
100101010
10101010
010101010
100100101
001010101
00100100010
0101010
0100101010
1001001010
000000010010
001001010
10101010
100101010
010101010
101010010
0101010010
100101010
0010001010
0010101010
100101001
0010101001
10010100101
010101001
010101001
01010101
1010101
01001100
1010010
0100110010
0011010010
100100100010
10101010
0100001010
0100101
1010101
0010101010
10101010
0100101000
01010101
10101010
0101010
01010101
1001001
00101001
1010101
0101010101
01010101
10101001
100010101
100101010
010101010
1010001
00101001
010010101
0100011
00101010
0100100110
010010010010
10101010
1010101
010101
101001010
1000010100
01101010
10101010
0001010100
00101001
010010101
01010101
01010010
100100010
011001001
10100101
1010001010
101010100
1010101
001001001
0101010001
010010101
0000101001
1010001
10010101
01001
1000100101
01001010100
0101010010
0100101
010101010
0100010010
10100010
1001010010
0101011
01010101
010010101
10100101
00100101
100010101
1010001010
10000101
1000101010
1001001010
100010101
001010000
01001010
10101010
010100101
1010010
100001001
10001010
1001010
100101010
010100101
10010101
10100101
010101010
10101010
0101010010
0101001010
01001010
0000101010
101001010
001010001
0010000100010
0010101
10010101
0101001001
01010101
0101010100
1100101
01010101
10100101
0101010
1000001010
1010101
001010101
01001001010
01010010
10010101
01001001
010101010
1010000010
00101010
010010110
10101010
001001010
101010001
10001101
01010101
0010101
01010101
101001010
01010010
0010110010
01010010
1010010
10001001010
01010101
100010001
10101010
1010101
101010100
100101010
010101010
100010101
0010101
01010101
1010101
01010100010
100101010
010010101010
00110010
100101010
101010010
01100101
010010010
00010101
01000101
10100010
1010101
010100010
10101010
10101001
001010101
101001010
10101010
001010101
010001010
1000101010
00001010
1000101010
1010101
001010101
01000101
0100100101
100101010
01010010010
01010101
001000101
101010
01001011
101001001010
10010010100
00010101
1000101001
01010010
10101101010
01001010
0100100101
01010101
0010001010
11010
010110
1000101
101010
10101010
1010101
101001001
01010101
010100101
010010010
1001001
01010101
10100101
0101010010
0101010
001010010
01001001010
001101010
001010010
0101010010
101010010
10101010
011000110
0101010010
1010010
101010010
010100110
001010101
100010001
01010101
000011001
0110101
100100101
101001001
01010101
10101010
100101010
01010101
0010101
10000011010
1010010
0101010010
1001010010
10101010010
01011001
1000101010
10101010
010010100010
101001010
100101010
10010101
0110101
01011001
100001101
00100101
101010001
010100001
010101010
1010010
101001010
0100101010
1000101010
10010010
0100101
10010001
01010101
100101001
001001010
10001001010
010101010
010001010
1010101
1001100101
01010101
0100101
010101010
00101010
010101010
010101010
100100101
100010010
100010010
0010100110
010100101
010010101
1010101
01010101
101110010
00101010
010101010
1001001010
010101010
00101010
0101010001
1010101
11001010
10101010
01000101
0101101
00101001001
0110101
1010101
101000100
10101010
010101010
10010100010
1010100100
10010001
01010001
100100010
0010101010
10100101
1010101
01001010
0010010010
10010010
010010101
10100101
0100100101
0100101
100010101
010100101
01010101
0010101010
1000100010
01000101
010010101
01001010
010101010
001010101
10000101
01010010010
010101010
01001010010
00101010
1010010
0100110
1010101
1010101
101010101
10010101
01001010
10101010
101010
10000101010
0010010001
100010101
0100101
10010101
0010010101
001000101
01010101
101000101
100100100
0100101010
01010101
0010100101
0101001010
101001010
10100101010
10101010
10101001
00100101
010010101
01010101
01001001
100110101
010100101
001001001
1001001010
01010001010
1010101
100100101
010101011
101001001
010101010
0101010
00101001
01010101
10010101
00110101
1001010010
010101010
010101010
10111010
01010101
001000010000
010010001
01010101
010101
0100101
100101010
101001010
01010101
01010101
00101010
0010101010
0101001
1010100100
100010010
000101001
01001010
0100101010
01000101
0100101
0101010
01010010
0101010000
0101101
1010001010
10001010
0001001010
10101010
0010001010
100101010
10000101
10010101
0000101
1010101
01010110
0101001010
000101010
010101001010
010001010
10101010
01101010
00010010010
100100101
0110100
01101010
01010010010
1010101
0101010
0101010
010101010
101001001
101010101
01010101
01010101
0001010010
0011010
0101001
1010101
01010101
10010101
01001010010
0001010010
10101010
0100101010
10010001
010101
100010101
0101010101
1010101
001000101
001000101
0010101
10101010
001010010
010101010
010101010
01010101
010100101
0110101
10101001
00101001010
01001001010
01001010
000101010
00100101
10100101
10101010
0101001010
011001001
1010101
010011001
00110101
10010010
10101010
00101010
10001010
10010101
01011010
01001010
01001010
0000101010
10001010
0101001010
000101010
01001010100
01001001
10001010
0101010
100000101
01010101
1000101010
100101010
10001001010
10010010
0100101
0101101
0000001001
010010101
1010100
10010101
0100101
1010101
00100100010
010100010
10100010
101001010
010101010
101001010
10011010
10001001010
00100101
0001010101
10100100101
101010010
0000010001
00100101
10101010
0101010010
0010101010
0010101010
10001010
1001010101
10000010
100010010
010010101
01010101
001010101
010010101
1010101
0100101
0101000110
10001010
0100101
1010101
10101010
1010101
10010101
00100101
0101010
000100010010
10100110
00101010
010101010
0010100100
100101010
10101010
1010101
010100101
10010101
100100101
1001010101
010100101
1010010001
100101001
100100101
010101010
010010101
0100101
100100101
010001010
010010010
0101010
00101010
0010001010
001010010
10101010
00100010010
10001010
0100100010
100101010
01001001
10010101
10101010
00101010
010101010
0001001010
010101010
10101010
100010010
101001010
0001010010
0101001010
010101010
11010010
001001010
0010101010
0000101010
01010010
100101010
0101010
101001010
01001010
100101001
01010101
0100101
0010101
1010101
10101001
00010101010
01001010
001001010
010001010
1100101010
0101001001
00100101
0010101
101010010
00101010
000101010
010001010
01010101
01010101
010101
0010101
0010100101
10010010101
01001010
0101010
010010010
10101010
1001010010
10001010
1010101
01010101
01010101
010100101
010010101
011000101
100010101
01010101
01101010
1000101010
100101001
0101010101
00110010010
00101010
10100101
0010100100
1010100101
010010101
1001001010
10001010
00101010010
10101010
0010101010
0110010
010100010
0100001010
00101010010
10101010
010101
10101001
1000101
001011
0010101
1010101
100001010
0010101010
101001010
101001010
1010101
10010101
100101010
001010010
10101010
101001010
01001010010
010101010
100100101
0100101
001001010
1001001010
000101010
1001000010
10100101
10010101
0100101010
10010001010
0101001010
010101010
10011010
00101001010
00101010
0001001010
100000001010
100101010
10101010
10010010
00101010
100001010
01010101
01010101
010010101
01010101
10010101
00100101
010100101
101010101
101001010
0100101010
01010101
0010110001
01001001
0010001010
00101010
100101010
1001001
0000101
0010001010
100011010
10100101
011010
1001010010
001001010
001010010
1010100
01001010
1000101010
100001010
1000010010
010100110
10001001010
01010101
101100101
0110101
010100101
001001010
101010010
101010010
0100110
10101010
1001101
10100100
10100101
010010010
0100101010
10011001
010100101
010101001
1000010101
0101010010
010110010
0101010101
010100101
01000101
1000100
01101010
000101010
010101001
000010101
1010101
1010101
010010101
010101010
010101010
0010001010
1100010
1000010
01010101
0101001010
0110010
10010101001
10100101
10100101
00100000001
10100101
01010101
1111001
1010101
010101010
1010100000010
1000001010
10100101010
01010101
100010101
00101010
1001001010
1010100100
0100101
10100011
101001000
1010101
01010101
001000101
01010101
001010100
1001010010
100100010010
10100101
00100101
0110001
100100101
10100101
000010101
010010101
0010101
100010101
101010101
1000000010
001001010
010100101
01001010101
010010101
0100101
0010101
000010101
100101010
101001010
10010101000
1010101
010101010
010101010
01001011
10100101
