10001001010
010101010
1010101
10010101
1001010010
010101010
001010000
01011001
01010101
00101001
1010001
1000100101
100010010
0101001010
1001010010
01011010
01010011
01001010101
101010010
010101010
10100101
1010101
01010101
0100100101
0001001010
010011010
10101010
0101001010
1010101
10100101
010101010
010101010
010101010
0101010010
00110101
100100101
0101001010
010101010
10101001000
01001010001
100101010
0010101010
10100101
01010101
01011010
01010010010
10100101
010101011
1001010010
100101010
00101010
10101010
10001010
10101010
0110101
100010101
0100010
0101010010
1010101
1010101
10110010
001001010
1001001010
01001010010
10100010
01010101
101010101
00100101
1001010010
00100101010
010101001
00100101
0010100100
1010000101
0010101001
0101011
0100101010
010101010
010101
00101010
1010101
1010010110
100100101
01001010
010101010
0010101010
10111010
10010010
00001001
001010110
010001010
001001010
100010100010
01010010010
111010010
010101010
10100101
01001010
10010100010
0100010010
010100101
010101001
010100101
0010010101
10010101
01010101
1010001010
101001010
010010101
010101
0101010
01001010
0010100001
01010011
0101010101
001010010100
10010101
0101001
0101010010
1010101010
001001010
01001010
010100010
01010101
1001010100010
010101010
0100101
1001001
0010011
01010101
0100101001
01010101
10001010100
01010100
100101010
1001010010
100101010
1001001010
101010010
001101
1010101
01010101
