01011001
10101010
01010101
100010101
0100101010
10001010010
1000100101
0100101
0101001010
00101010
01001010
10101010
01010101
101000010
0100100101
01010101
001010010
010101010
00010010
01010010010
001010101
01010101
1000101010
101001010
01010101
010100101
01010101
01000010001
00101010
1000101010
100010001
01010101
100010101
0010101
1010101
10101001
010101010
0010101010
0010101010
0100101010
01010001010
0101001010
1010101
010101010
101010100
011010101
101010001
010010101
010101010010
01010101010
010100101
010101001
1000101001
1010101
1010101
001101
1010101
010100101
10010100010
010101010
0100101010
10100010010
0010010010010
10100010
1010110
010100101
01010101
0100100101
101000101
00101001
01001001010
010101010
10001001010
0101010010
010010101
010010101
100000100010
0101001010
101001001
101001
1001010010
101001010
010101010
100001000010
010101001
001001001
0101001010
0100101010
01001010010
10101010
0100101
10000101001
10000101010
1001001010
100101010
010010010010
010101011
01010101
001010101
01010101
001010101010
0010110010
00101010
1010100010
001010100
100010100
00100101
100001010001
101010101
10000101
1000101010
101001010
100010011
0101000101
1010101
10000101
010111010
01010101010
1000101001
1010101
10001010100
100101001
010010001010
10101010
101010100010
10010010
101010101
01010101
01001010010
0101001010
10101010
0100101010
0000101
0010101
100101010
010010010
1010001010
010101010
000101010
10101010
100101010
010101010
00101010
010110010
011001010
100101010
01010101010
100101010
100000001010
0100101010
1001001010
00101010010
10100101
01011001
010101010
001001010
0010101010
001001010010
10101010
101001010
01000101
10001001
01010010010
00101001010
101001010
010101010
010010101
01010101
000001010010
010101010
10001010
010101010
1000101010
100101010
010101010
00101001010
01010101
10100101
10101001
100100101
100010101
01011001
0101010101
100101001
0010010100
010101001
0101010010
0000101010
010100101
0100101
0100101010
10101010
01010101
100101000
01010101
100100101
01001010
1001001010
10010101
01010101
100100101
010100101
10101010
100101010
00100101010
1001010010
01010101
001000101
1010101
0001010100
0100101
0101000101
100101010
010101010
001010001
00010101
101000110
1001001010
0010101
1000101001
1001011001
0101010101
100101001
10101001
010101010
1000001010
100100101
01010101
01010101
01010101
010011010
0101001010
101010100
1001010010
010101010
010101010
010101001
0010010101
1010010
010101010
0010010101
100100101
0100101010
0101001010
10010101010
10010010010
10010101
01010101
0010101
0100101
0101000101
10010101
100101010
0101010010
10101001
010010101
1010001010
10101010
10010101
10010101
1001001001
1010101
10100110
100010101
101010010
0010010010010
10010100010
00100001010
01010101
1010101
0100101010
010100101
0101010010
0010101010
010101010
010101010
010101010
0101010010
10101010
0101010001010
1010101010
1010101010
000101010
011001010
01010101
010010101
010010010
1010010010
01010010010
1000101010
100101001
10100101010
00010101
10100101
01010101
10101001
010101010
010101010
101001010
0001010010
10010010010
0010101010
10101000010010
1001001010
010101010
0010001010
100010101
01001001001
001001010010
0101010010
0010100010
0100101010
101010010
001001010
01001001010
01001010
10010010010
01010101010
1101010
010100101
10101010001
0010101001
101001010
100101010
10010010010
0101001010
1001010010
10001010010
001010100
010010101
01010010
001010010
0101001010
1010100010
00101001
101010001
0101010001
10010101
101001010
0010001000010
0100101010
100101010
1010101
01010101
10010101
1010101
1010101
10010101
010101010
010001010
0100100010
0100101010
0101010010
100100010
010101010
10101010
0010101010
010011010
0100101010
0001101010
01010101
010010101
100101010
100010010010
01010101
01010101
010101010010
100101010
1000101010
0101010010
101010101
01010101
00101010
0101001010
00100101001
100010101
101001010
0100101010
100010010
0101010010
0010010101
00010100101
0100100101
001010101
0101001010
0010100010010
1001001
1001010
100010101
10101001
100000101
01010101
101010010
010101010
100010011010
10101010
101010101
01010101
001010010
101010101
10101010
010101010
1010101
00101011
100100101
010101010
100001001010
010101010
00101010010
010101010
101000101
1010101
010001010
100101001010
10101010
1001001010
01010001
01010101
010101001
001010101
00010001010
010010010010
0101001010
00100101010
10101010
1010001010
101010010
10010101
10101010
100101010
1010101
0101010101
010101010
010101010
100101010
100101010
00100101010
100101010
10001010010
0101001010
1010101
0100101
100000101
10010101
00100101
00100101
100101010
100101010
01001010
1001001010
0100101010
10010101010
101001010
100101010
01010101
0010100101
0101001010
0010101010
001010010
00101010
10001101010
010101010
00101010
1000101010
1010101
10010101
0010101010
1001010010
0101010101
010100101
10100101
000010110
0100101
0010101
101001010010
001010101010
1000101000
010101010
10010101
1010101
1000010001001
10010101
00101001010
101001010
010101010
001010010
01001001
10000101001
01010101
10010001001
010101010
100101010
10100101001
010101001
1010101
0010101
0101001010
010101010
1010101
0010100101
100101010
1011001
0100101010
0100001010
01000010101
10001001
10010101
100100101
10100101
1001010101
1001101010
010101010
010010101010
01010101010
100100100101
1000100001
010100101
1010101
10010101
01010101
10001001010
10101010
10100101
10100101
0100100101
10101001
01001010
001001010
1000101010
101001010
00100101010
0101001010
0101010
0101010010
10010101
101000101
00100101
01001010101
010101001
010010101
001010101010
010001010
10010101
01101001
1001001001
010101001
00101000100
1010101
01010101010
01101010
010010101
0010101
00100101001
0101010101
010100101
1011001
100101010
010101010
0000101001
10010100101
100010010
010101010
01010100101
010100101
10010101
01010101
1001000010
00101010
101001010
010010010
100101010
01101010
1000001010
0101001010
1001001010
0100101010
00101010
10001010
0001010010
001001010
01011001
010100101
10010101
000010101
010010101
0100100101
0101010010
00100010010
010101010
100101010
10010101
0101010101
010101010
1001000101
01010010
010100001010
01010101
100010101
10001010
010101010
10101010
010110010
01000101
01100101
1000101010
101001010
001010101
0101010
01010101
100100101
01010101
10010101
010101010
010101010
010101010
100101010
0101010
010101010
01010101
010010101
010101010
0110101010
10100101
100010101
100100010
0101001010
010101010
101001010
100101010
1000101010
010101001
0010101001
101001001
010010101
1001011001
010010010101
1001001010
1001001010
101000101010
1001010010
0100100101
0010010101
010101010
1010001010
0010101010
100101010
1010001010
1010001010
0001001010010
1010010010
101000101
01010101
010101
10010010101
100010101
01010101
00101010010
0100101010
00110101
01010101
01010011
100010101
000101010
10010010
01010101
0010101
001010010
1000101010
01001010101
010100001000
10101010
101010
00101001001
01010101
10101010
1000001001010
010101010
0010010001010
000010010101
0010101001
01001010010
00101010
0010101010
10101000010
010101010
101010010
100010101
10101010
01010101
10010101
001010010
0101001010
1010101010
010001001010
000101001
0010101
001001001010
1000101010
0010101010
10010001010
101010101
10100101
010010101
010100101
0010001001010
0100101010
10101010
101010010
010100001
00010101
100101010
0100101010
01010101010
101001010
0010101
01010101
0100101010
010101010
0010101010
0101010010
01010101
000010101
01101010
00001010010
01001000010
0010101010
010101010
000101010010
00100101001
010101001
0101010101
010010100101
000010101
1010101
01001010010
001001010
010101010
1001010010
10001010
0101010010
00100100010
10101010
001000100
01010101
010010101
010010101
100101010
101010010
0010100010
0101010010
1010101
1010101001
10010101
10100101
010001001
00101001
10010001
10010100
00111010
10101010
10101010
001010010
1010101
100100101001
0101001010
010001001010
0101001010
00101010
01101010
0101001010
100001010
100101010
100000101010
1000100010
10101010
100001010
01011010
00101010
010100101
01010101
010101010
0101010010
101010001
100110001
10001010
101001010
101010010
00101001010
0101010101010
10001010
010101010
1001001010
0101010010
0001001010
10101010
0101001010
010101010
01011101
1000100010
00101010
100010101010
001001010
01001001
01010101
1010101
001010101
010100101
0010101
1010101
010010101
100101010
0010101010
001010010
0010100110
1000101010
10101010
1010101
00101001
010010101
10001001
101010101
01011101
10101010
10101010
100101010
010101010
101001010
0010101010
010010101
101010101
100100001
001010100
01010101
1010101
10010010
000001010
010101010
0101010
101001010
010010010
00101001
10010101
01001010
000010101010
00010110010
01001010010
000000101010
00101010010
0010101
01010101
1010101
100100101
10001010010
0001001010
00010101010
000101010
0110101
100010101
0010001010
1000101010
010010100010
10101010
010101010
1001001010
1010010010
001001010
0101001010
010101000010
010101010
010101010
0101001010
10101010
00100001001
10101
101001010
010101010
1010101010
010010101010
01010010010
0100101010
0101010010
0010101010
0101001
101010
00001010
001010010010
01010101
1000100101
0010001010
01001010
1000010
010101010
0001011001
01010101
0100101010
0101010010
0101010
00101010101
101010010
001001010
101010010
0101001010
010101010
0101010010
100101010
1000101010
100101010
1001010010
00100010100
01010100101
001010001
01011010101
0110101
10010101
101001010
0010001010
10100101
010100101
0101001010
100001010
010010101
10100101001
1010101
0100100101
10100100010
010101010
0010101010
010011010
0101010001
01001001001
10010101
1001001001
010101110
0101000010
10101010
010101010
0000101010
10001010010
0100001010
0100101010
10101010
010101010
001001001010
01010010
00101001
1000101001
010101010
10101010
10010101
010100101
10001101000
01010101
10101010
10101001010
01010101
1000100001
100100110
0101010010
0100101010
001010100010
001001010
0010010010
1110101
01010101
1000100101
01010101
10101010
00101010
0010110010
10101010
10110001
01001101
0101001010
10010101010
101001010
01011010
01001001010
0110100010
0101001010
010100100
010101010
0010100010
10101010
100101010
01010101
010011001
10010101010
10001010010
01010101
01010101
101010010
00100101010
10101010
010101001010
100101001
1010101
00100101
1010010100101
0100101
01010101
1001010010
100101010
01010101
0101010101
100101010
100001010
101010010
1000010101010
01010101
10010100
1010101010
1001101010
0100101010
01010010010
01100101
01010101
100101010
101001010
10101010
0010101010
0100100101
10010101
10100101
1010100100
100101010
100101010
010100101
1001001001
1010101
0010001001
1010010010
10101010
101010101
010101001
10101001
10000001
10101010
1001001010
1000010010
010101010
0101010010
01000100010
101000100
01010101
1110101
010101101
10101010
100101010
0101010010
01010101010
0101010010
0101001010
1010101
01010101
0100101010
010101010
101010010
1010010010
100101010
010101010
010101010
1001010010
10100001
010101001
01010101
10010101001
00101000010
100101010
010101010
010101010
10101010
1001001010
0101010010
010101010
101001010
100001010
00101010
01010010
101010101
10001010101
0010001010
100101010
100101010
010101010
1010101
01001001
1010001010
100010101010
010101010
10001010010
1010010001
0101001
0101010010
101010010
10100101
01010101
010101010
1000101010
010101010
0010001010
01010101
0100101011
0100101010
010101010
010100101
010010101
010101010
001010101010
1000100101
01010101
0101001001
01010101
10100101010
1000101010
01010010010
10110010
1010001010
01011010
0101001010
001010010
0010101010
10101010
10101010
0100101010
10100101
1010101
01001010
101001010
10001010
10010101
001010101
010100101
001010100010
010101010
01010101
010101001
010101010
0100110010
1010000010010
00010101010
001010101
01001001
1000101001
1010101
10101001
01010101
101000101010
1001001010
010100100010
10010101
0010101010
01000010010
00100010010
0100100010010
0010101101
1010010101
010100101
01010101
01000101
10010101
100101010
0101001010
01010101
010100100
01010101
10010101
0101001010
00010101010
010101010
01001010
01010101
1011001
0010010101
00101010101
1010101
010101001
0100101010
101010010
010101010
001001010010
101001001
1010101
100101001
01010101
1010010101
101010101
1011001
0010010101
10100101
01010101
000010001010
10101010
010101001
10100101
0010101010
010001000010
10100101
01010101
01001001010
010101010
010101010
1001010010
01010101
010010101
01010010
0101001010
101010010
00101001010
10101010
01001001010
10000011010
010101010
01101010
01001010010
1010101
01010101
10010100010
010101010
011001001
1010101
010101
01001101
1001010101
001010101
10100101
1010010101
101010010
00101010
0010001010
010101010
10100010010
0001001010
100101010
00101010
101010010
011010010
0100010101
10100101
0110010010
101001010
10101010
01010101010
0101001
01101001
01001001010
001001010100
10010101
0101000101
010101001
01010101
010101010
010100010
1000101010
1001010010
10001010
001001010
010100101
010101001
010101001
0101010101
010101010
1010101010
10010101
010100101
0010101010010
0101001010
0101100101
0100100101
010101010
0101001010
01000101010
10001001010
010101010
0001010010
010101010
00101010010
0101010001
01010101
01010101
01010101
01100010
0100010010
01001010
0100101010
001001010
1000101010
010101010
001000010010
010101001
0010101010001
00101001
010100101
1010101
100010101
00000101010
0010101010
010101010
010101010
0101001010
00101010
01010010
1000100010
00100110010
0010100101
10101010
00100101010
010010101
101100101
100100101
001010101
0100101010010
0101001010
010100101
1010101
10001010010
01010001010
01001010010
01101010
00101001010
10101010
0100101010
101001101010
101001010010
1000101010
100100101
010010101
01010101
1010101
100010101
10101000101
01010010010
01010101010
10100101
010100101
010010101
00100101
01010100101
0101001001
10100101
010010101
1001001001
0100101
010101010
01010100100
0010101000010
0100101010
001010010
101010010
100001001010
01001010010
010100100
0100100101
1000010010
101001010
10001001010
00110010010
0011001010
10001010010
0101101
01010101
010101010
011001010
0100100010
0100101010
01010101
010010101
01010101
1010101
0010101
1010010101
00100101010
1010100010
0001101010
101010010
0001010010
010010101010
1010101
010100101
0101010010
1001011010
10101001
01010101
100010101
01010101
1100100101
01010101
0001010101
01010101
1000100100
100101001010
01001101
0010110101
100001010
00101011010
010101010
10101010
010101001
1010101
100000101
10100101
101010101
1010110
100100010
0000101001010
010101001
010110101
001000010
000101010
01001010
10010101010
0000101010
101001010
10100011
000000101
010101010
1000000010
00101010
0101010101
01001010
010101001
100001010
01010001010
01010001010
000101010010
101001010
0101010010
10001010
10101010
0100100101
1010101
001010101
100010101
010010100
101000101
010101010
011001010
010010101
01010101
100010101
01010101
10101001
001010101
001010010
1010100010
10001001010
010101010
1110101
01010101
1001010010
1010101010
0101010010
010101010
01010101
100010101
10100001
1000100101
100010010
0101001010
100101010
0101010010
010010101
10000010101
010101010
101001010
0100101010
01101010
010100101
010101001
0101011
01001010101
100101010010
0100101010
10100101
101010101
10010101
01001001101
10101001
1000100101
0101000010
010101010
001010010
010101010
10101010
00010101010
10100101
1010101
01010101
01010101
100101001
1010000
01001010101
010010101
100100010
01001001010
01010101
10010010
10000010010
010101010
001010010
01010101
01010101
0100100101
001001010
0100110010
001001010
011001010
01010101
10100101
010101010
010101010
010101010
0101010010
00110101
1001001001
0101001010
0101001010
00101001001
01001010001
0100101010
0010101010
1010101
100010101
01010101010
01010010010
010100101
001010101
010100101
100100101
101001001
01010101
010100101
0100101001
10100101
10010101
0010001010
0100101010
010100101
0101001001
0101101
0010101
0100101
0001010101
001010100010
0101001010
10010101
0100101
1011001
101010101
100101010
1010100
0101010010
10001010
100010101
01010101
0101010010
101001010
10010101
10101001
001110010
001001010
0010101001
00100101
000010010010
0100101010
10010101
010100101
01010101
0010101
1010101
10000101
0101000101
00100101
1010110
0010100
010101010
1000110010
0100100011
01010101
01001001
010101001
01000101010
10100101010
001010101
1001001001
0000101010
001001010
010101010
010101010
00100101
00110010
000010101
010101001
0000101010
10101001010
00101010
00010101010
00101010
101010010
101010010
01010101
0101001010
00100101010
10001010010
10101010
010101010
010101010
0100100101
010110010
10010100010
0100010010
0010010101
010101001
010101001
0010010101
010100101
01010101
10101010010
0010101010
101010001
10100101
01101010
01001010
101001001
010110101
01001010100
00101001000
1010101
01010101
101010010
010101010
10010010
01001010
0100010101010
011001010
010101010
010001001010
01010101
10101001
10001010101
01010101
1010101
0010100101
100101010
0100101010
101010010001
01010101
0110010101
10010101
01010101
00100101
1010001010
0001001010
010001010010
10101010
01000100101
10100101
10010101
1010101
010010100010
100100010
0010101
1010101
10101010
100101010
10010101
010100101
1001010001
010101001
0100100010010
0100101010
00101010
010101010
1010101
01010101
10101010
10101010
001010101
101010101
10001010
10101010
101100010
10011010
10010101
100010101
1010101
1000100100
0101010
1001001010
10101001
01010101
101000101
010010101
010101010
10011000010
001001010
1010001010
01010101
010010101
1010101
10011001
10001001
001010101
10101010
0101001010
0000110
01010101
010101010
01001010
1010101
010101001
01010101
10100101
010100010010
01001010
0101001010
1000101010
10100110
1010101001
10101001
0010010101
010100101
10001010101
0100101010
000101010
01010101
1010101
1010101
001001100101
0100010101
010100101
0100110010
0010010010
00101010
01101010
010101
01010101
001001010
010110010
0010010010
0101010010
01010101
101001
10000101
100100101
10100100100
10101001
1010010010
010101010
010101010
01000101010
1000100101
01010101
1100101
010101010
001010010
101001010
010100101
1010101
10101010
0101010010
01010011
0010010
010101010
100010100010
0010001010
0100101010
01010110
10101000010
1010100010
1001001010
000101001
010010101
100101010
01010101010
1001010010
1000101010
01010101010
0011001010
00100001010
1001010010
0010101
1001100101
01010101
001010101
011010010
0101001010
0100100100
01010100101
100100100
01010101
0100100101010
00000101010
1010010010
0010100010
01010101000
010101010
010000101
01010101
000101010
101001010
00101010010
1000100010
01100101
0100010101
0100010101
1010101
0101001
1100101
0001101010
101001010
100100001
01010101
1000100010
10010001010
100010101
00100100101
1001001010
010101001010
1000101010
01001010010
010101010
01001001010
1010010100
01010010
01010101
01000101001
0100101010
1000101010
10100010
10101010
10101010
01010001010
10101010
1001010010
10101010
0100101010
101010101001
0010010101
010101010
0000101010
0101010010
11001010
00101010
010101010
1010010010
010101010
0101001010
001001010
001010101
01010100101
0010010101
00100101
01000101010
10101010
001001010
10000101010
10010101
0100010101
01010101
101001010
010101001
10010101
0010001010
0101001010
010101010
00010100010
10101010
010101010
100100101
010101010
1000101010
000100101010
10101001
101010101
010101010
0101001010
010101101
10100001
010101101
10100101
1010101
001010100
10000001010
01101010
10001000010
0100101010
010101001
01010101
