10101010
0100101010
01010101
01001001
010010101
01011101
010101010
00101010
1000001010
0100101010
0010101001
10010101
10100101
01010010
0101000010
10010010
010010010
01001010
01010101
0010000
1010
01010
1010
010101
0101
01010
01010101
0100101001
10011001
0010101
0100101010
010101010
010101010
00100110
101010010
11101010
011010001
1000101001
0100100101
010101010
010001010
1001010010
010101010
0010001010
10101001
00100101
010101
001001001
00100101010
0101001010
101010001
010100101
1010010
010101010
101001010
00101010010
000101010
001001010
0101001
10100101
010101010
010101010
10001010
10101010
01010001010
00101010
100101001
101000101
001010001010
0010010010
10010001
00100100101
10101010
001010010
1010101
0010101
10101001
00100101
10010010010
10101010
0101010
100101010
0010010010
100101010
010101010
10101010
0101010101
10000101
0010101010
10010100010
1001001010
010101010
01001001010
10101010
10101010
01001100010
010101010
00010101010
0101010010
010101010
010100101
001010101001
01010101
0100101
1010101
010101001
1001010001
1010101
10100101
1010101
010100100
00100101
101010101
0101001
1010101
101011
10100101
1010101
010100101
01010101
000010101
0100101
010101010
00001010
1010101
1001011
010101010
001001010
10100110
010101010
1001001010
010101010
1010011
01010101
010010101
1010110
1010101
010010101
001001010
0100101010
010101010
010101010
01001010
1001010010
1000100010
01011010
01101010
00101010
10010010
00001010
1010101
10010101
1010101
10000001
100101010
1011001010
0101010
10100010
1010101
010010101
1010101
1010101
01010101
001010101
100101010
0101001010
010010
01010101
