1001001010
10101010
0101010
010101010
00101010
10100010
101010001
010010001
1010101
0110101
1010101
0010101
1010101
1010101
0010101
1011001
01010101
010011001
0101010
0100101010
0010101010
01001010
01010101
1010101
0010101
100101
10101010
0110001010
10010010
101010010
00101010
10100010010
00101101
01001101
01010101
01010101
001010101
0110101
001001010
010110010
10100101
00100101
1010101
00001010101
010011010
010101010
100101001
0101001
010110010
010001010
01101001
1010101
1001010
001001010
100110010
010010010
010101010
0001100110
10010101
001010100
1000101
0101001
10010101
100010101
1010010
010100110
10101010
01000110
010101010
01101010
1001010
001001010
10010101
0100101
1010000101
10110101
01100101
1010101
100101010
010010010
0100010010
0010001010
0101010010
01010100010
10010101
01010101
1010101
0010101
01010101
10010101
1010101
01001001
1010101
010101001
10100010
00101010
01010101
0100101
101001010
10101010
10001010010
0101001010
010101010
101010010
1010101
1010101
10010101
0100101
10100010
010011010
0100101010
00101010
10100101
0010011
0010101
01000101
10101010
10101010
1010101
010100101
010101
1010101
0100101010
010101010
100010110
001010010
10000101
010101001
0101010
01101010
0110101
10100101
01010100
0010100010
010101010
010101010
00101011
1010101
10100010
10100010
010100101
101001
100101010
01101010
00101010
0101001010
100101
011001001
0100101
01010101
10010101
100010101
100101010
100101010
01100101
10001101
100101001
1010101
0110101
10100101
0100101
10010101
10001001
1010101
0101001001
0100101
0100101
10010101
01010010
0101010
101010010
10101010
1010101010
100010010
00101001
10101001
0101101
10100101
1010101
1010101
10101010
0100101010
01010101
010101
010100101
1001001
1001001010
10101010
0100101
0010101
01011010
1001010
010101001
0000101
10101010
100101010
100101
1010001
10101010
10101010
001101
0101101
10101010
01101010
10101010
10101010
0101010
00101010
01001010
010101010
0101011
01001101
10001001
100101
01010010
010101010
1010101
01010101
1010010100
010101
1001011
0110101
00101010
0001010010
010001010
10001010
10010101
010100001
0010101
01010101
0101010
001001010
0100100101
00101010
011010101
1001100
010101
0101001
010101
0100101
10101010
00100110
10100101
001101
101001
0010101
001010010
01001010
100101
0110101
1001001
1010101
010101010
010101010
010101010
10101010
011001
001001001
100010010
10100110
0101001
1010101
0100101
01011001
10101010
010101010
1001010
01101010
10101010
0101001010
1010101
1010101
01010101
1010101
01100010
10100010
000101010
0010010010
10101001
10011001
01010101
010101
0101010
0010101
010101
010100101
01010101
010101
1010101
010010101
1001001
010010101
10101010
0010001010
00101010
00101010
100010101
0110101
1010101
01010101
00100110
010101010
0101101
0010101
010100011
01010001
01101010
01001010
01100010
00101010
01010101
01010101
010100101
1100101
101010010
10010110
0100101
10101101
01010101
10010101
001001010
10101010
00101001
1010101
1010101
1010101
10011010
10010010
10100110
101001010
010001010010
10101010
0010010001
10100101
01010101
0100101
01001010
100101010
10010101
0101000101
010101010
010101010
010101010
0010101010
0010010101
10100101
010101010
01001001010
100101
0110101
0101001
01001101
0101001010
001001010
1010101
10100101
10110101
01010101
1010101
0101010
0010101
01001101
10101001
0101010101
01010101
0100101
01101010
0100101010
0010100101
1010101
0010101
1011001
010101
1010101
10101010
01101010
1000101
01101101
10101010
01101010
00101010
10100110
100101
0100101
01001010
010101010
01101010
00101010
01101001
001010101
0010101
1010101
1010101
001101011
010011010
10010010
100100101
1010101
1011001
1010101
01101010
010101010
10010101
10100101
10101010
010101010
10101010
010101010
1011001
01000101
10100101
01010101
0010101
101001
100101
010100101
0101010
000101010
10100010
0101001010
1010101
01010101
0101010
10001010
01011010
10101010
1010101
1010101
01010101
1001001
01101010
00101010
10100101
010101
1010101
01010101
010010110
0101010
00100101
10010101
1001010010
101001010
01010101
1010101
01010010
0101001010
01010011
1010101
0101010
0101010010
001000101
10100101
010100100
1010101
10101010
101001010
0110101
01010101
0101001
010001001
101101
0100101
10101010
01010010010
1010101
00100101
010101010
010101010
01010101
10010101
0100101010
10011010
1010101
01100101
1010101
1010001
001001010
010010010
010111
01010101
1010011
01010101
010101
01010101
0100101
10100101
0101010
10001010
0101010
00010010
1010101
0010101
01101010
010101010
0101010
0101001010
001001101
01010101
01010101
10100101
1010101
10010101
0100101010
100101010
10010101
0101001
0100101
10101101
000101
0100101
1001011
0110101
1001001
0010101
00101010
00101010
10101010
10101010
1010101
100010001
1010101
1011001
010101010
00101010
010100101
10100101
0010101
01010101
01010101
1010101
10101010
0101010
001001001
01010101
10101010
101010010
10010010
100101010
10010101
010010101
10101000
1001001
000101010
001010010
0101001
100101001
0100101000
0010100001
10010010010
1001100010
010010101
101101
1010101
01100101
10011001
1001001
1001010
00101010
100101010
10101010
1000101010
100010010
010010010
01010110
1000101
011001001
101001001010
001010010
01010101
01010101
10010101
101010101
01001010
11101010
100101
01010101
01101
01010101
100101010
001010010
01010010
0101010
10000101
1010101
1000101
01001010001
0100101
10010101
100101010
01010010
0101001
01001001
1010101
1001001
000101001
010100101
0010001010
10101010
01010101
0010101
1010101
1010101
01011010
010101010
001101
01010101
1010101
1000101
00101010
0101010
0110101
1010101
00101010
10001010
0100101
1001001
010100010
01101010
010101010
10101010
10101010
011001010
10100101
0101001
010101
00100101
00100101
00010101
01001010
100101010
00101010
01101010
010101010
10101010
10010010
10001010
001101010
1000101010
1010001
100101
0010101
01100101
010100101
01010101
1010101
10100001
100101
0110100101
1000101
010100101
010100010
0101010
100101010
10101010
0110101
0100101
00100101
0010101
011001010
010101010
1010100
01010101
1010101
10000101
000101010
10010010010
01010101
1010101
01010101
1010101
010010101
01010101
01010101
100101001
10100110
10001010
101010
1010101
1010101
10101001
01010101
1010101
001010101
10101001
010101
10100101
00100101
000100101
101010101
10100101
100010101
101001
01010101
010010101
0010101010
001001010
0100101
10100101
1001010010
0101010010
0101010010
1000101010
01010101
011010
010110010
100101010
10010101
01010101
100101010
101001010
10101010
10101010
0101101
01010001
100101010
10101010
10001010
1010101
0010101
10010101
0101010
010101010
01100101
100100101
0000100101
10010101
100100101
0100101
01101010
100001010
01100101
01100101
10101010
0010010010
10101010
010101010
1010101
1011000
1010001
101001
010101010
0010001010
0110101
001010101
01101010
001001010
10101010
010100010
100101001
1010100001
001101
101001
101001
10010101
01011001
1010101
1001101
0010101
1000101
10101001
0010101010
10101010
100101
0100101
01001010
01001010
10101010
01010010
010010010
01001010
100101010
10001010
1010101
001001001
00010101
10001001
001101010
010101010
1010101
01010100
1001010
010101010
010101010
001001010
100100101
010101001
01010101
1010010
010101010
00101001010
00101010
10001010
101010101
1010101
10001001010
10101010
010101
1010001
01010101
10101010
10101010
00101010
100101010
10101010
10101010
100101010
0101001
101010101
01010101
0110101
0101001010
10101010
0101010
011011010
10010101
01010101
