01001010010
101001010
101001010
10101010
001010101
100100101
101001010
010101010
1001001001
0011000101
10010001001
010100101
010101010
010101010
1010100101
010100101
00101010
0100101010
001010101
1010101
00101001010
010101010
010101010
1001001010
010101010
0100110010
01010101
100100001
01010101
0100101
01010101
10010101
100101001
1010101
1010101
101000101
01001010100
10101010
01001010
101001010
00100101
100101001
10010101
01011010
010101010
1001001010
10101010
0101001010
10101010
1010011010
001010101
01010101
1010010010
010101010
100010101
0011001
01000101
010101001
01001010010
011001010
101010010
00100101010
01010101
010011001
01010101
0110010101
010101010
0101001010
010101010
1001001010
01010101
10101001
00101010
0010011010
0101001010
10010010010
100101010
0101001010
00100100010
1001010010
010101010
0101001010
01101010
010101010
100101010
00001011010
010100011
010101001
01010010
0010101010
10101010
001000010
001101010
010101010
1010010
1001001010
01001010
0101001010
01001010
10101010
010101010
010010010010
01010110
100010101
0100101
001001001
01100101
010100101
0101010010
001010010
0100101010
010101010
100101010
10101010
00100100010
0001010100
00101001001
01010101
0101000010
001101010
010010101
01010101
01001010
0010010010
01010101
010001001
01010001010
10101010
0100101
10010101
00100101010
100001010
100101001
010101001
01010010010
00101010
00100101
01010101
0101010001
00100101
00101010
0010001010
0010010010
1010001010
01010101
0010101001
001001010
101001010
01010101
10010101
000010101010
00001001010
1010101
001000101
00011010
010100010010
0101001010
100001010
1010101010
00101010
0101001010
00101010
100001010
1010010010
010010001
000101001
01010101
100100101
0101001010
10101010
1010101
0101101
100100101
01010010
01001001010
101010010
010100101
010010101
101001010
010010010
00101010
0010010010
1000101
01010101
1010101
1010100101
01011001010
01010101
01010101
0010100101
01010101
010101001
001010001
00010100101
010101010
010101010
01001010
0101010010
010100101
1000110101
01001001010
00100101010
0011010101
01010101
1001010010
001010010
01001001010
01000101010
01001001
01010101
001001010
001001010
0010101
10010101
01010101
10100001
1010101
01010101
010101010
010101010
01101010
01001010
010101001
01010101
1010101
01010101
100101010
001101010
0010001010
10101010
0100001010
010101010
0010010010
010101010
0100101010
001001010
01010101
01011001
010101010
0101010010
10100101
10101010
10100101010
010101010
0101001010
010101010
010101010
001010010
00101001
010000101
0101001010
10101010
010100101
01010101
01010101
01010101
10101010
010101010
00100101
01010101
00101010101
010100001
101001010
0101010010
10110010
10100100100
01000101
001010101
01010101
0010100101
010110010
01010100
1010101
0101010101
1010101
010010101
0101010010
00101010
1010101
1010101
011010001
10100101
01010101
001001001
001010101
01001001
010010101
100010101
1010101010
100011010
01010101
00100101
0101010010
001010010
1000101010
0010101010
10010100010
010101010
0100101010
101001010
010101010
0101010010
01010101
01010101
010010001
01010101
0101001010
00101010
001010101
1010010101
010101010
00101010
1000101010
010010010
01010101
010110101
010101010
0100010010
0110101
01010101
010100101
1010101
010101010
0100101010
01010101
01001010
010010101
00101010
1010101
0010101
010100101
0100101001
01010101
1010101
010101010
011001010
101010010
1010010
0101010010
101010010
01010101
1010101
101001010
010101010
01001101
010010101
10101010
001000010
10100101
01010101
01010101
01010101
010101010
100010010010
0101010001
01000101
010101010
0101010010
010010100
01010101
010001010
10101010
01010101
010010101
010101010
01001010010
00101010
001001010
01010101
0000010101
10101010
10100101010
10101010001
010101001
0100011010
001010010
01010101
100101001
010100101
01010101
01001010
010101010
10101010
010101010
01010101
0100101
010101010
010101010
01010010010
0101010010
01010101
01010101
010101010
100101010
0101010101
10010101
010100101
0010000101
01010101
010100101
100001010100
010100101
010101010
010101010
10010010
00010101010
010011010
1010001010
010101010
100101010
0100111
01000101
010100101
10010101
010010101
010010101
0101001010
011001010
001101001
01001001
010101010
1001001010
010010101
01010101
01010101
10010101
10000010
010101010
10100101
0100100101
10100101
0010101
010101010
00101010
10101010
010101001010
010101010
01010101010
0100100010
010010010
001010010
101001010
010101001
010100101
0101010010
0101001010
010100101
100010101
10100101010
0010101010
10101010
010010010
01100101
101010101
01010101
01010101
10011001
100100101
010101
01010101
0100101
0010010101
10001010
10101010
0101010101
0100100101
101001010
010010010
010101001
0010010101
10100101
010101001
01010101
00110101
0101010
010100010
010110010
010101010
010101010
101001010
010101010
00101010
0101000100
1001010100
100101010
010101010
0101010101
0100101
010101010
00101010
10101010
10101010
010100101
000101001
010101010
0100101010
011010010
01001010
00101001010
0101001010
1000101010
0101010010
1001010010
01001010
10101010
0001100010
01010101
100101101
0101010100
010110010
101001010
0101010010
01010101
100100101
01010101
01010101
010010110
1010100010
0100101010
00000101010
001001001
101010001
010101010
010101010
001001010
0101010010
1010010
0110010
10101010
100101010
01010101
001010101
10101010
010010010
010100101
100101001
100010101
10010101
01010101
01010101
10101010
1000101010
1011001
1010101
0100101010
010101010
010110101
01010101
0101001010
101001010
01001001
01010101
10100101
101010101
00100101
10101001
0101010101
010000101
0101010010
010101010
01010101
00110101
1010100101
10101001
010110010
010001010
