010001010
01001010
0101101
010010101
001010001
0100010101
010101001
0101010101
01010101
010101001
1010101
1010101
01001010
010010010
1000010010
010101010
101010101
00101010101
0101000101
001000101
0101001010
0101001010
010010010
101001010
010101010
001010010
101001001
001010101
0110101001
01010101
10101010
010010101
10010101
1000111
01010101
0100101001
1000100101
0100010010101
0101001010
010101010
100010101
101010101
01001010
01010101
001001010
01000101010
1000101010
1001010
10010101
01010101
100010010
0101001010
011010010
10001010
0110101
001000101
10100101010
0101010010
01010010
1001001010
010101010
010101010
1001001001
010101011
010010101
010011001
100100101
01010101
01010101
10100001
010101010
0100101010
1010101001
00010101
01010010
0000101001
