00101010
100101010
011001001
0010100101
010101010
01010010
1010101
010101001
10010010
00101010
010100101
10101001
100010101
010101
00101010
00101010
1010101
01010101
00101010
00101010
0010101
1010010
10010011
010100011
0101011
0010101
10010101
010011001
0100101
001010101
1010101
10010101
1010101
1010101
0101001010
10001010
0100101
1000101
010101010
1000101010
1010101
01010101
01010101
1010101
00101010
0100101010
101000101
010100101
00101010
10001010
00101010
01010010
10100101
1010101
0101010100
100101010
00100010
10100101
00101010
01101010
10101010
10001010
00100101
00100101
00101010
010101010
0010101010
101001010
01010101
10011001
0100100101
10010011
00101010
100101010
10101010
00101010
01010101
100010100
1001010
001101010
101001010
101001010
001001010
010100010
010101010
100101010
00110010010
10101010
010101001
00101001
10100010
01010010
0101010
100101010
001101010
10001010
0101001
01010101
10101010
0101001010
00101010
010101010
01001010
100011010
1010101
01010101
00101010
0101001010
1010101
01010101
0011010
0100101010
00101010100
010101010
10101001
0101010
1010101
100100101
100100001
0100101
0100101010
0010010010
0101010010
0100101010
00100101
01010101
10100101
0100101
0100101010
100101010
0010101
011110
10101010
010101010
10101001
00010101
000101010
100001010
000001001
01010101
010101010
000101010
001010010
0100111010
010100010
001001010
100100101
01010101
00101010
00101010
0101010
00101010
10101001
1010101
10101010
0101001010
0010101010
101001010
1010101
00100101
1001010
0101001010
10101001
0101001
100010101
00100110
1000101
0101001
1001010
000101010
01010011
0101100
10101010
010001010
00101001
01010101
010101010
001001010
10010101
1010101
10100010
1001010010
0101010011
10010010
00101010
1001010
010101010
00101010
0100101
1010101
010001010
01001010
0010101
1000101
10010011
10010101
10001010
010101010
010101010
001001010
101001010
010010010
1000101010
01001010
100101010
10010010
1010101
100100101
10101010
10101010
10101010
10101010
10101010
01010010010
01001001010
10101010
1001001010
01001010
1010101
10000101
1000101001
0100101
1010101
1010101
1000101
0100101
011001001
10010001
10101010
010101010
0010010
1001010
100010010
01001010
01010101
010100101
01001010
10101010
100101001
01010101
10101010
1001001010
01001010
101001010
010101010
0101001010
101001
1010011
1010101
0010101
0100101
100100101
000101010
010101010
010101
010101
1010111
1011001
010010101
1001001
010101001
01101001
0010101010
1010010
00110101
10100101
010101
00100101
10101010
100011010
1001011
1001011
10101010
10101010
001010010
01010010
0100101
100010101
100011010
010100010
00101010
100101010
0101001
1000101
0101010
00101010
010101
0010101
10010010
101001010
100000101
10010101
01001010
10101010
0101101
00100101
01010101
000101
10010101
10010101
0100101
00101001
010010001
10100101
10000101
01010010
0100101
10010101
1010101
101001
0100101
1010101
001001010
01001010
00101001
0101001
1010101
10001001
100100101
1010101
010101
010101001
10101010
01001010
01001010
10010010
010101010
101001010
010101010
00101010
010101
0101101
0101010
00101010
100101
10100101
1001010
00101001
01100001
001010101
1010101
0100101
10101010
00001010010
10101001
1010001
010100101
01010101
01010010
00101010
010101010
1010010
0010101
1010001
0101001
1010101
00100101
1010101
10010101
10100001
10010111
1001010
0100101
1010101
0000001010
00101010
010101001
0010101
10100101
0100101
001010010
10101010
0101011
0100101
0100001010
101001010
01010111
1010101
101001010
001001010
10101010
010101010
011001
0010101
01001010
010101010
10101010
010101010
01010101
1000101
11010001
1001010
01010101
1010101
001001010
010101010
010100101
01010101
101011
10011100
10100101
10010100
01010101
100100101
010010101
10010101
010001010
01001010
01001110
1010101
0100101
00101001
101001010
010101010
10010010
010111010
01001010
0100101010
0100001010
010101010
0101010100
101011
100101010
1010010010
101001
00101001
10101010
010101010
1010101
0100101
1010101
0110101
010001010
00101010
010001010
010010010
1010101
0100101
1010100010
00101010
10101010
00101010
10011010
10101010
1010101
01010101
10100101
01010011
010010101
1010101
0100101
01010101000
10101001
1010101
1010101
1010001
1001001010
00101010
010100101
0010101
100101010
01010101
10101010
010101010
10101010
010101010
01010100
1010101
010101010
1000001010
01010010
1001010010
10010101
101010100
1001001
1000101001
0101010010
10101010
00101010
0010101010
001010010
0100101010
010101001
01010101
10000101
01000101
1001010
1000101010
010100101
1010101
00101010
0010110
00110101
1010101
0101010
100101010
10100101
1010011
10101010
01000010
01001010
0101010101
010010110
010011010
10101010
010010010
1010101
01010101
00100101
10100101
010101010
0101010010
10010011
0010101001
1001010
10001010
101001010
100010010
0101010
1010101
101010
101001010
00101010
10101010
001101
1010101
101011
01010101
10011010
01010100
10100101
1010101
1010101
0010101
0101010
0101001010
10001101
1010100101
10101010
101001010
10010100
01010110
0010100101
100010101
1010101
01000101
10101010
00101010
010101
00100101001
10010101
0010101
0010101
1010101
01010011
1010101
01010010010
01010010
010101010
010110101
0101010
0011010
0101010
00101001010
100010101
10101001
010101010
0100101010
1010010
010101010
01010101
0100101
10101010
00101010
101010
1010101
1010101
10100110
100101010
0010101010
10101010
01100010
010110
1010101
10101010
010101010
01010101
1010001
01010101
0010010100
0101001010
00101010
10101001
1010101
10101001
00010101
101010
001001001
10011001
10010101
101001011
011010101
100101
010100101
001010101
001100101
0101010
0010010010
01010100
1010010100
1000101
100110001
01001010
100101010
0010101
01010101
10101010
01010010010
00100101010
0100110010
010101010
10001010
1000101010
10101010
010101010
010101010
1010101
10100101
010101010
010100100
01010101
01101010
0100101
1010101
10010010
00100101
10101010
010101010
00101010
10100010010
10101010
10101010
00101001
010010101
01010010
1001010
00101010
0101001010
101010
10100101
010011
01010101
000101010
01001010
10101010
01010010
0101010
10101010
0101001010
010011010
0010101
01010101
10101010
01010111
010010101
10010101
010010010
010010010
10101010
100101010
10010101
10100101
100101
10101001
00101010
010101010
10101010
10100110
01010101
0101101
01010101
01010101
10001010
010101010
101001010
100101010
010011010
10101010
100101
010101
0110011
0010101
01100101
01010011
01101010
1010000110
010101010
10101010
101001000
101011
010101010
10101010
1100101
0010101
10011010
101001010
10101010
01100010
1001101
01010001
10010010
10010011
01010101
001000101
0010101
0010001001
0111010
0101001010
000101010
001010010
10010101
10101001
0100110
01011010
011001
10010101
0101010
0101001
00100101
1010101
01010101
001001001
01001010
10100001010
10100010
001010100
100101010
10101010
00101001
10010101
10100001
01001001
001001010
0101010010
01010010
00101010
010010101
01010101
01001001010
100001010
100101
0100101
010010101
001010101
10111001
0100100101
01010101
10100101
1010101
0010101
1010010
011101
1010101
010101001
1010101
10010001
1010011
1010100
001010010
10101000
10101010
00101010
01010101
00100101
1010010
1010101
1010101
010101001
000101010
10101010
010010101
01010101
1010101
01001001
100100100
1010101
0010101
01010101
100101010
010101010
0011001010
010101010
0110101
0100101
01101010
01001010
00101010
010101010
10101010
010101010
0110101
1010101
1001010
101010010
1010101
0100101
00101010
1001010
00101010
10010010
100101001
0100101
1011010
0101001010
10101010
010101010
10001001
0010101
01010010
100101010
010001010
0001010010
010010101
010100101
1010101
01001010
0100101
01010101
010100101
010010011
00100101
10010101
01011001
01010101
0000101010
01010110
1000101
101001
1010001
01010101
10010101
1010101
001010101
01010101
0001010100
1010101
10100101
1001010
10101010
0101010010
001101
010101001
010010100
1010101
010010010
010101010
10100101
00010101
1010101
1010101
00101010
0101010
1001001010
100101010
01010101
0110101
10101010
01010100010
1010001
10001001
001010010
10001010
1010101
010100101
100101010
001010010
010001010
01001010
10100101
01010100101
100000100
01010101
0101001001
010101001
01010101
001010010
01010010
0011010
00101010
100101010
010101010
00101010
1010101
0010101
10010101
1010101
1001001010
010101010
0100101
01010101
10101010
001001010
100100101
010100101
01001010010
100101010
0100010101
10100101
0010001010
101010010
10101010
010101010
1001010010
10001010
01010010010
101001010
0101001010
0101010010
010101010
100101010
0000101010
00101010
10001010
1001000010
1000101010
001010010
01010101
01010101
100101010
0100101010
01001001
1000101001
101010
10010101
1001001
001010101
10000101
01010101
1000101010
00101010
00100101
1010011
010101010
0100101010
010101001
10010101
1001010
00101011
100001010
00101010
010101010
0101001010
10101001010
1001001010
010010101
100010101
1001001
001010001
01010101
0010100010
00101010
010101010
1000001010
10101010
01010101
01010101
101010010
10101010
100101
10010101
101001010
010110010
10100101
0010101
01010011
010101001
1011010
10101010
010001001
1000101
1010001
1001001001
0101001010
100101010
010001010
001001010
0101010
0100101010
01010010
101000101
1010011
001010101
0101010
01001010
01010010
100011010
010010101
10010101
1000100010
0001010010
1010110
10101010
1010101
01010101
01000101
01010101
1010101
010100101
01010101
01101001
00101010
0100101010
01010101
010100101
00101010
10010001010
10101010
010010010
1010101
1010101
100010101
0010101
010101010
010101010
10010101
10010101
10010101
101010011
1010101
01101001
1010101
100101
01010101
101001
00101010
1001010
10101001
010101
00101010
01101010
0101010
00101010
00100101
01100101
101010010
10101010
1001010010
101000110
01001001
1010101
010001010
010100110
0011001
010101
10001010
01001010
1001001
0101001
1010101
101010101
01010011
1010101
00101001
10010101
100101010
01001010
00101010
110001010
10001001
01010100
01010101
100010101
1000100
01010101
100101
001010101
1010101
10100101
01010101
1010101
00101010
10101010
0101010
10101010
10101010
0100001010
00110010
10101010
10101010
001001010
01010101
010010101
010110010
1001010
0010101
010010101
0100101
10100101
1001010
0100100110
010010101
10100101
01001010
00100101
0100101
100100101
01101010
010101010
10010101
010100101
0110101
100101
0100101
1010101
1010101
01001011
001010101
10101001
010010110
01001010
01001010
10101010
01100101
001010101
10101001
010101001
10101010
10101010
100110010
010001010
10101010
01010101
1001011
0110011
01001010
10101010
000101010
0101001010
010101010
010010010
01001010
0101001010
01010101
10100101
010101010
10101010
01010011
1010011
10010101
10010101
100101010
0010101010
1010101
01010101
0010101
010010101
00101001
01010101
010101
010100101
010101010
0101001010
10100101
1010101
10101010
1010010
0010101
01010101
001101
1010101
10101010
010110010
10010101
00101001
010110
0101001010
1001010010
01011010
010010010
0100010010
0010101001
100101
101001010
01010010010
010011010
00101010
0101001
1000101
0101001
0101001
1010101
10100101
011001010
1001010
01000010
101001010
00101001
1010101
101010001
1010101
10101001
01010101
10101010
10001010
01010101
1010101
10101010
01001010
01010101
1010101
010100101
01010101
1010101
10011001
010101010
0101010010
1000101
10100101
1001001
0101001
10101
10010101
0010101
01010101
1010010
100101010
00101001
1010101
10010101
00100101
010111001
0010101
0101001010
0110100010
100010100
0010101
011001010
0101010010
0100100101
01010101
100101010
10001010010
0100101001
10010101
10100101
1010101
1010101
10010101
0101010010
10101010
01010101
100010101
01010101
001101
0101010
01001010
01010010
10101010
01010101
100100101
10101010
010101010
00101010
0010101010
00101001
0011001
0100101
10010010
10101010
001001010
0010101
10100101
010001010
010001010
10101010
010101010
00101010
0101010
1010101
0010101
100010101
01010101
1010101
10001001
10100101
01010011
00100101
100010100
001010001
01010101
00101010
100001010
0010101
1010001001
1010100010
0010010010
0100101010
00101010
100010001
000010101
10101010
10101010
1010001
1010101
1010011
01010001
010101010
01001010
01010101
001010101
10100101
01010101
1101001
010101
01010101
01010101
01010101
1001010001
01010101
100010101
10100101
0010101010
01010101
01010101
01010001010
10100110
1010011
1000101
1000001010
010010010
1001001
0110101
001101001
01010101
00101010
1001010
001001010
010101010
0101101
1000101
0010101
1000101
0101101
01010101
10100101
010010101
0010100101
10010101
100001010
0100101010
1010011
1010100
10001001
0100101
1010101
00100101
1001010
100101010
0000101010
0010010010
101001010
0000101010
01001010
100101010
0010101
1010101
00101010
1000010010
1010101
100101
10101010
10101010
010101
010010101
10110010
010100110
01001010
101001010
1100110
010101010
10101010
1001010
00101010
1000101010
00101010
101001010
10101010
010101010
10010101
1010101
10101010
0101010
01010010
100010010
01010101
01000101
100101
1010101
100101
10101001
0010001001
10010101
010101010
10101010
0101001010
10101010
101010010
10101010
1010101
00100101
1010101
01010101
010101001
00100101
01011001
1011001
0100101010
010101010
10011001
0100101
01010101
00101001
00101001
0100101
10101010
00101010
101001010
010001010
10000101
010100101
010010010
101010010
010001010
10001010
10101001
0101101
11001010
100101010
10010101
10010101
0100101
1001011
00101010
010010010
10010101
0010101
100101001
0100101
100101010
001000010
100100110
11010010
001001010
10101010
101001010
10101010
1001010010
00101010
1010010
00101001
1010101
0100101
0100110
00101010
101010010
0000100010
00100101
01010101
100010010
0101010
100101001
0100101
1001010
10101010
1010010
1010101
0010101010
10101010
010101010
1000101010
01001010010
10101010
00100101
0010101
0010100101
0010101
00101010
0001001010
0101001
01010101
0100101
101101
010010101
0110101
01001010
1001001010
10101001
10010101
100101010
0101010
00101010
1000100010
1010101
0010101
01010101
00100101
10010101
1010101
10101010
001001010
01001010
001001010
0100101
0010101
0100101010
100101010
0100101
01010101
11001010
10101010
01001010
01010010
10100101
01010101
0100101
1010101
1010101
01010101
10010001
1010010
1000101
010101001
00101010
010101010
010010001
10010011
01010010
0110010010
01010
001101
101001001
0101010
00101010
010101010
010101010
00101010
010010101
01010101
1010101
01010101
0010101001
010100101
1010101
001010101
10010101
0101010
1000101
101001
0010001
010101
01001010
10010100
10101001
1010101
010010101
0101010
0101011
1010101
0100101
1010101
10101010
100101010
01010101
100100101
0100100001
100101001
01010101
01010101
010100101
1010101
10001010
01101010
1010101
10010101
100101
1010101
1010101
00100101
1000010010
0101001010
01010101
0111001
010010101
010101
1010101
1010101
1000101
10100101
101001010
0010100010
100001001
010101
1010101
010101001
01010010
1001010
010101010
0101001010
10101001
01010101
101010
1010010
100010010
100101010
010101010
10101010
1010101
01010101
1001010
10001010
0010101
0101001
1010110
10101010
1000101
0010101
0101101
0101001
101000010
01001010
100101010
100101010
1001010
100101101
100101010
10001010
00101010
010101010
011001010
0101010
100100101
1010101
0010101001
1010011
1010101
010010101
10101001
01010101
001100110
10101010
1001010010
001010010
1010101
0110101
1010101
0100110
00101010
0001001010
1001010010
010101010
01010101
1010101
10101001
1010101
1010101
010101001
00101010
010100010
1000101010
10101010
10010101
01010101
00101010
10101001010
1010101
101000101
010010010
01001010
10010101
0010101
000101010
010101010
10101010
101001010
0101010
10001001010
00101010
0101010
1001010
10101010
010101010
0010001010
1010101
010100101
1000101
10100101
10101010
00101010
01010101
10010101
10010101
00101001
01001010
01100010
101101
010101001
1010101
100110010
110010
0100101010
01010101
1010101
00101001010
100010010
1001010
010100110
10101010
100101010
10010101
1001010
01010101
01010101
0101010
001010010
01010101
0010101
01101010
00101010
1011001
100000101
01010101
0101001
00101010
01010010
10010101
010101001
010101010
00101010
01010101
01001001
010101010
101001010
01000101
0001010100
010101010
100101010
01010101
10010101
10010010
0001010010
101001010
001101010
0010101
10100101
01100101
0100101
10010101
10010101
01010101
0100101
1000010
1010101
0101010
01001010
00101010
00101010
010101
101001
01010101
0010101
00101010
0100101010
1010101
01010011
011001
101001
010101010
101010
10010011
01010101
00101010
000101010
010101001
1010101
0110101
011001
10101001
001010101
010100101
10010101
010101010
01010010
0100101010
01001010
10101010
100101010
10010101
1010101
010010010
01101010
0101010
100101010
10001010
101000010
1010101
1010101
101010101
1010101
001001010
0101001010
010101
11010
01000110
10101010
10101010
101001010
01010101
01010101
01010101
0010101
01010101
1010101
010001010
00101010
0101001010
1001001010
111
1010101
010101010
000101010
0100101
01010110
100110101
1010101
1001010010
101001010
010101010
010010010
101001
00101001
10001010
100100010
100010010
010110010
101010001
10101001
010101010
010010010
10101010
00001010
010100010
1001010
101011
0100101
010101
100101
010101001
00101001
010101010
10101010
10010011
1010010
0101010
10101010
010101010
1010010
001010101
010100101
010010101
0100101
10101010
10101010
100100010
01101010
01001001
10010101
01001010
00110010
0101001
001010101
1010101
010101
01010101
0101010
0110101
01010101
1001000101
1010101
100101010
010010010
100101010
100101010
01010101
0110101
10101010
10101010
0100101
100100101
1010101
010100001
1010001
0100101
10101010
01010100010
0010101010
01001010
010101
100010101
10101001
01010010
100101
100101
1011010
001010010
10100101
1000001
010101010
010001010
01001001010
10101010
0010110
10100101
0101010010
100100010
100101010
010101010
0101001001
1010101
10010110
01010101
0110101
0011001
1010010
1001010
01010101
1010101
1010101
01010101
0101101
1010101
01001010
01001010
010010101
01010101
01010001
10101011
0101001
01010101
001011
10010101
100100011
010100101
10101
01010101
10101010
01001010
1001101
1010011
00101010
001010010
10010101
0010101
01001001
01010101
01010110
1000101
1010101
100101010
01010001
1001001
10101000010
10100010
0101101
0010101
01001010
100101010
0010101
100010101
0101001
01010101
10101010
10001010
0100101
01010101
10101010
01001010
010101010
01001010
010100010
010101010
0100101
01010101
010101001
100100101
0101001010
10101010
01010101
1010101
1001010
01001010
01001010
010101
0101010
1010011
010101
01010101
10101010
101001010
1010101
1010101
01001010
01001010
01010101
01010101
10101010
00101010
10101001
001010001
10001010
010101010
010010101
100000101
100000010
11000110
10101010
10101010
1010101
001000101
1010101
0100101
01010110
01010101
00101001
1010101
01010101
0101101
001001010
10101010
1010010
01010010
0100101
10010010
1010101
00101001
10101010
0101010
10100101
10000101
10100101
0101010
010001010
0100101010
010101010
101001010
100101010
10101010
1010110
100101001
01010101
1010101
0100101
0101001
01010100010
010101010
000110010
10001000010
1010011
01010110
0101010
101001010
0100101
10001011
100101010
0101010
01001001
01010101
1010101
01001101
010101010
1001001010
01101010
0101010
0010101001
00101010
010101010
00101010
010101010
00101010
1000101
101010001
1010101
1010101
10010010100
0100101
010010101
1010010101
1010011
01010101
01001010
10011010
01010101
10010101
010101001
01001101
00100101
10100101
00101010
1010010
1010101
0100101
00101010
10101010
00101010
01010110
10001010
10001010
01010101
0101010
100101001
100101001
10101010
001010010
1001001010
1010010010
010101010
010001010
00100101
00010101
0010100010
100101010
1010001
10100101
010101010
100101010
1010101
001011010
00101010
001001010
10101010
00101010
010010101
0110001
0010100101
10010101
01010011
10010101
010001010
10001010
010010010
10001010
101010
1010011
1010101
010100101
1010101
0010101
00101010
010101010
101010010
01001010
1010
10010101
100101
1010101
01001010
010101010
01001010
1001010
10100110
001001010
10101010
1001001010
1010110
01010010
00101010
100010010
101010
1000101010
10010011
1010101
010011010
1010101010
100100101
01010001
101010010
0010101
010101001
10010011
010101010
10101010
01100110
001001010
010101010
1010010010
01001001
01010101
010100101
100100101
010101010
1010010
100101010
10101010
10101010
01000100010
10101000
010010011
100100101
010101001
10101010
011001010
1010010
10010101
01010100010
01011010
10001010
01001010
1010100100
101000100
1010011
0010101
00101010
01001010
010101010
01001010
001010100
1010011
1010010010
0101010
01010101
011010
010010011
1010101
11001010
001001010
1001001
00100101
10010101
01010101
0101101
1010101
010011010
01010010
1010101
0101011
10000101
10010101
10001010
0101010
010101010
10010010
01101010
010101010
00101010
010101010
0101101
0100100101
010101010
00101010
001001010
00101010
1010101
1010101
1010101
1010101
1000101010
010100010
1010101
10010010
10100101
0010101
01001010
00101010
1010101
010101
010010010
1010101
10000010
010101010
101001010
1000101010
01010010
00101010
01101010
010101010
01010011
101010
1011010
01001010
101001010
1001001010
00101010
10101010
01010101
01010101
10010101
1010101
10010110
1010101
01001010
10101000
000101010
00101010
1010101
01010110
0100101
0010101
1010101
01010101
10101010
1001001010
001010010
01001010
10101010
10101010
010101010
100110010
000010001
1010101
10101010
01001010
01001010
1001001010
1001001010
01001010
10100101
001010101
10101000
1010010010
001010010
10100010
010010011
10100101
010101010
10001010010
00101010
100110010
1010101
100100101
1010101
1000101
10101010
01001010
10100010
1001010010
101001
1010100
0101001010
001010010010
1010101
000101
01000101
1010101
101001010
010101010
1010010
10011001010
01010101
001101
1010101
1010101
