101010010
01101010
10101010
1010010100
00100101
010100011
0011010010
001001010
000010100001
010010101
001010010
0100101010
01010001010
0100101010
0101010010
100101010
010101010
100101010
01000101010
0101001010
1001001010
01010001010
00101010
101010010
1010010101
100101
01010101
010100101
010101010
0010010010
01010101
0101010101
00101010
01001010010
010010101
1010101
1001000010
0001001010
0110101
010100101
010100101
010100101
0101001010
0010010010
010101001010
0101001010
01010010
0101001010
01100101
1010101
1010101
10000101
100101010
01010110
10101010
01001010
1010101
10100101
01010101
100010101
10010101
1010100001
100101
1001001
10010010
010001010
0100110101
1000010101
01100101
010101001
010010101
010100101
100101010
010101010
00100101001
01010101
01010001010
0110010010
0110101
1010100001
1010101
01010101
0101010010
0101001010
0100101010
001001010
101001001010
01001010010
0101010010
0100101010
01010110
0010101
0100101010
1001010010
10001010101
010100101
0100101010
010001010
01010101
1010101
010010010
010101010
00100101
10100101
01010101
1010010
1000101000
1001001
0010101
00101011
0100101010
010101010
100101010
10011010
0100101010
0100010010
101010010
001010001010
100001001
1010101
010001010
010101001
010101010
1000101
10001010
010101010
1010101
01010101
10010110
0101001010
01001010
0101001010
01010010010
10001010010
01010101
01010101
1010101
010101001
1010010010
010101010
01001001
0101101
