1000101010
0010101010
0100101010
10010101
001001010
010101010
0010101
000100101
010101010
100101010
010101010
010100110
0100100110
000101010
01001001010
100101010
0101001010
010101010
0100100101
0010101
0101010010
01010010010
01101010
0101001010
101010100
000101010
0101001010
010101010
010101010
01001001
010010110
01010101
010101010
00101001010
100101010
001001001010
01010101
1010101
000101010
010101010
010101010
0101010010
0101001001
0010101
0100101010
0101001010
00101010
10101010
01001010010
0010101010
100101010
010101010
010010100010
010101010
000101010
01001001010
100101010
010101010
001001010
010101010
010101010
010101010
010101010
10101010
0101101
1010101
010010010010
010101010
00101010
010101010
00010101
101001010
0100101010
0100101010
1000010010
1001001010
010010101
0101100101
0010100101
01010101
0101001010
001001010
0100010010
010101010
010100101
01010101
010010101
010100101
0010100100
0101010
0101010010
0100101010
000101010
010101010
0101010101
001010001
0101000010
10101010
01100101
1010101
10100101
010010101
01001010
0101001010
01001010010
01011010
000101010
1100001010
10101010
10101010
10101010
0101010010
000101010
010101010
00101010
101001010
0101010
001010010
01010101
00010101
0010101
10100101
100101010
0101001010
0101010010
010101010
010010010
001010010
00100101001
1010101
10101010
1000101010
010101010
010101010
010100101
010100101
01010101
01010101
0010101000
01010110
01010101
00010101
01010101
01010101
1001010010
0101010010
10101010
0101001010
10101010
010101010
0001010001
01010101
010100101
01010101
1010101
0100100101
1001010010
0100010010
001001010
011010010
01001101
00100001
0101001010
010001010
0101001010
010101010
01010101
01010101
100101010
101001010
010100101
0100010101
00101001
01001010101
01010101
010010101
001010101
10010011
0010101010
010101010
0101010010
100101010
010010010010
0101001010
0101001010
1000101010
100010101
010101001
0101001001
0010101
010100101
010010101
1001010010
10101010
001001010
10010010
0100100101
100101
01011001
010010101
010101010
010101010
010010101
0110101
0100101010
1001100110
01010001010
010001010
010100101
0110101
01001001010
00100101010
011001010
101001010
0100101010
001001010
01010101
0110101
1001001010
010101010
01010101
00100100101
01010010
010010101
0010101010
0000101010
010100010
00100100
001100101
01010101
001010101
0010101
01010101
10100101
0100101010
00101000010
01001010010
01001001010
001001010
010100010
010010101
1010101
0101001010
010101010
010101010
010100010
01010011
1010101
010010100
01010101
00110010
01011010010
010100101
001010101
010100101
01010101
01010101
10011001
001010100
0100001101
01010101010
000101010
0101010101
010101001
001010101
10010101
001001010
0101001010
101001010
1000101010
0101001010
010101010
1001001010
100101010
0010101
0101101
00100101
01010101
1010101
01010101
1000101
00010101
101010010
100101010
0000100010010
010010110
010101010
1000101010
1010101
100100101
1001001010
0101010010
01010110
01010101
001010101
01000101
00101001
010101001
010010101
010100101
0100101010
0010001010
010100101
010101001
01010101
010010101
10000001010
0100101010
001010010
0101001010
01011010
0101001010
0101101
0010101
100100101
0010100001
01010101
01010101
001101001
0101001001
010100101
000101101
00101010
010101010
010101001
01010101
010011010
0010100010
1000101010
1001001010
1010010
10010110
010100101
01010101
01010101
00010101
01001001010
1001010010
0100101010
010101010
010011010
011001010
01001101
010010101
0100101001
001000101
01010101
10101010101
0001001010
10001001010
01010001010
010101010
0101001010
0101010010
010101010
1000101010
00101010
010101010
001001010
010101010
010101001
01010101
01010101
01010101
010101010
010101010
010101010
010101010
010100101
010100101
00101001
010010101
0101010100
10000011
0100101010
010101010
00101010
01001010
010101010
010101010
0100101001
10010101
01010101
01010101
010101010
0101001010
100010010
01010100010
010101010
01001010
0100101010
001010010
01010001
10100101
00010101
101010001
10101010
1010000010
11010101
0101001001
0010010010
0001010010
10010101
010100101
10101001
01010010101
010101001
01000101
0101001010
011001010
0001001010
010101010
10010100010
010101010
100010101
101010100
011001010
100101010
010101010
0010100010
00101001
01001010100
0100101
10100101
01010100010
010101010
1001010010
00101010
010101010
010101010
1000101010
011001010
01010101
001010101
01010101
0100101001
0010010010
0101000010
0001101001
10010101
0010101010
10101010
0101001010
010101010
01010101
01010101
010101010
00101010
0100101010
0100101010
00000101010
101001010
010001001
1000101001
00100101010
101010101
10101010
01001001010
01010101
0100100101
010110101
01010101
010101010
01001010
0101010101
100010101
010100101
01011110
01010101
010101001
00010101010
01101010
00100101
1010101
010101010
010101010
1001001010
0101010010
010101010
010101010
010101010
01001010
01010010
01010101
0101001010
010101110
101001010
000101010
1001000010
010101010
100101010
0101010010
00101010
10101010
01100101
010100101
0101010010
10101010
1000101010
0000101010
1010101
1100101
1010101
0101010
101101
010010101
00001010100
01010010100
1010101
01010101
0101010010
010101010
100101010
0100101010
00101010
010101010
010101010
0101010010
01010101010
0101010010
0101010100
0101010010
0100101010
0010100010
0010110011
10000101
00101010010
0001010010
0101010010
0100101010
01010100
01010101
000100101
10010101
01010010010
00100101010
010010101
0110010101
1010101
10010101
100110001
01010101
01010101
01101001
100010010
10101010
00100100101
010010010
010101010
1010001010
0101010010
10100110
101001010
0010010001010
10101010
10101010
01010101
01010101
010101001
010010101
1000101010
01010010
0100100101
01010101
00101010010
00001010010
010101010
010101010
010101001
10010001
1011001
1010101
10010101
01010101
01010101
1000100101
100101010
001010010
00001001010
010101010
0010101
1010101
0101001
010010101
10101001
10001001001
1001010010
00010001010
010010010010
1001001010
000100101
0010101001
01010101
01000101
010010101
001010101
0100101010
010001010
001001010
010001010
1010101
001101001
01001101
00100101
10001010
010101010
0101001010
10001010
10010010
0010001010
1010010
0101010010
01001010010
100101010
01001010010
1001010010
0101000010
0010001010
01010101
00100101
00101010
010101010
010001010
101001010
10101010
0010101010
100101010
010010010
101000010
101001010
010101010
001001010
00100101
00100101
0010101
010100101
0101010010
0101001010
010100101
01010101
10101010
010101010
001010010
010101010
0101001010
1001001010
010101010
100101010
010100101
01010101
00101001
10100001
0100100101
01110001
1001001010
1001001010
01010010
001010010
0100111
1000101001
0100101010
0100101010
010101010
010101001
010100101
010100101
0101001010
01010010010
1100101
01010010
01001001010
11001010
01010100010
01001001010
01010110
01010101
001010010
100010
011001
01001010
101010
0101010
010101010
0101010
101010
1001010
10101010
0101010
101010
10001010
1010101
010101
0101001010
010001010
00101010
10001010
1010
101110
01010010
01001010
010101010
01001010
01010101
1010101
010010010
0101010
01001
10100101
0100100101
100101001
01101
101010001
0101010
1010101
010101010
01010
010101010
001001010
01001010010
00101010
100101010
10101010
01001010010
001010010
010010010
10101010
01010101
010010100
010010101
010010101
00101010
100100010
00110001
10100101
001001010
10101010
01010101
01010101
0100101010
01010101
0100100101
01010101
010100010
010010101
1010101
01010101
101001010
100101010
00101010
00101010
0100101010
0100100110
1010001010
1010001010
0101000101
01010101
