0010101010
0101001010
101010010
001010010
101001010
00101010
101010010
10101010
10101010
101001010
10101010
001010010010
01010111
01010101
0101001100
100101010
010101010
10101010
100100010
10101010
0110010
01011010
01001010
010101010
0101010010
010101010
101010010
1010100010
10101010
01001010
010101010
10101010
0101010010
011010001010
010101001
0010100101
0100101010
0010101010
101010010
01010010010
1000101010
1001010010
10010101
01010101
01000101010
00101010
010110010
0101010010
101001001
10101001
100101010
0001001010
01010100010
01010010010
1010010010
01010101
01010101
10010101
1001001010
010101010
100000101010
1000001010
10101010
10010101010
1010100000
010010010
10010101
10101101
0101010010
100101010
101001010
10101010
11101010
010101010
010101010
010101010
011010
00101001
0101010
0100101
10010101
010100101
1001010100
10101010
01010101
001010101
1010101
010010101
10101001
10100101
1010011
1010101
10001010
00101010
010100101
01010101
010010101
1000100101
010101010
01001010
101001010
1000101010
1000100101
1010101
01010101
0101010101
10010101
01001010101
101010
100001010
1010001010
0100101010
0110101
01010101
01010101
1010011
10001010
001001010
00101010
001001010
010100101
010100101
010100101
101001001
010101010
010100101010
010100110
010101010
10100010
100101010
10010101
0101010100
0101001010
10101010
0010010101
1010010
101000110
0011010
10101010
010010010
0101001010
0100101010
0010010010
010101010
101101010
01010010
01010101
001101
10101010
10101010
000011010
10001001010
001001010
010101010
010101010
10010010
010010101
010100001
0100101
1010101
010101011
0101001011
100010101
0101011
01010001010
0101010010
1000001010
1010001010
100100110
0100101010
10100010
10001010
101010101
00100101
1100101
01010101
010101010
010010010
100101010
010101010
0011001
1010101
10001001010
0101010010
00101001
1010101
00100101
1010101
10101010
100101010
10100101
1001000100
0101010
0101010100
1001001010
0010010010
01010101
010100101
101001010
001010010
1010101010
010010100100
10101010
101001010
001010101
101010101
010101010
0101010010
100001001
010101
010000101
01010101
010101010
010101010
10101001
100101001
01001010
00001001010
10101010
0101010010
10101010001
1010101
01101010
10101010
0110101
01010101
10100101010
10101010
100010101
010100101
10101010
0100100010
0101001010
01010010
0101000101
010010101
0101001010
0101010100
0100101010
010011010
010101
100010101
001001010
001010010
1010101
01011001
1010101
01010101
011010010
10011010
00100101
10100101
0001010010
1000101010
01001010
10101010
0100101001
01011010
1011001
010101001
0101001010
10101010
10101001
10010101
01010101
00101001
1000010010
1010010
1010010001
100010100
1010101
10100101
1010101
010101001
010101010
10101010
001000101
10101001
1010010
01001010
01010010
010100101
10010101
010100101
100001010
010101010
1000101010
010101010
0100101
01011010
0100101010
0010101010
00100101010
0101001010
0010101010
010101010
010101001
10100101
1010101
01001001
1010101
100100101
010101010
00101010
0100101
010010101
01010010
010000101010
00110101
010100101
0110010010
0101010001
100010001
010101001
010101010
00100101010
10101010
101010010
1010001
010010101
01010001
10101011
00001010
001000110
010101
101001001010
01101010
01010010
01001010010
00100101
1010101
10101001
01010101
100010101
01010101
01010101
101001001
010010101
101010001
01010101
0101001010
100101010
10101001010
10101010
10010010010
10101010
0100101010
010010010
01000101010
10110010
1010101
010101001
01011010
0100101010
1010110
010010101
1001101010
1010001010
010101001
1010101
01010101
1010101001
0010101010
010101010
10010010
0011010
1000001001
010101
0101010101
010100101
010101010
0100100010
101001010
001010100
1010100101
1000011
010101010
01001010
10001001001
0101101
10010101
01001011
10101001
1100100
01001010
1010101
10101010
00101010
100100110
100101010
010101010
10101010
0110101
010010101
101010010
0101010010
001010101
01101001
1010101
100101001
0100101010
001100010
010010001
0100101010
1001001010
1000101010
0001001010
01001010
01010101
10010101
01001001
1010100
0100101010
010101010
010101010
0100101010
0010101
01010101
0101010
01010101
0100101
10100101
0100101010
100010010
10101010
10101010
01001010
010101010
101001010
00101010
1010101
001010101
1010101
010010101
10001010
01010010010
11010101
10100101
010101010
01010101010
001010100
01010010010
101001010
100010100001
10010101
01010101
001010010010
01011010
1010101
01010101
00101001
001001001
100101010
010010010
00010110
1000001010
01101010
1001001010
0101001010
101001010
010101010
1010010010
01001010
010101010
100101010
0101000010
00101010
100101010
010101010
01010010
010100101
0100010100
101010010
010101010
100010001
10100101
001101
01010001
10011010
10101010
0101001010
10001010
01100101
100101001
0101001010
010101010
0101010010
0101010010
01010101
1010101
01010101
010010101
0100101010
0101001010
00101001001
100100101
101010101
01010101
0100101010
001000010
100101001
01010101
100100101
010100101
1010000010
10101010
100101
100101001
001010100
1000101010
100101010
001010010
10101010
10101010
010101010
1000101010
01010101
010010101
0100101
01001011
1001001
10100101
100101010
01101010
01010001
0100101
10010001
0101001
101001010
0101010010
101010010
010101010
100101010
10101010
0010100010
010001010
0110010
00101101
001001001010
010101010
010101010
01001010
01001010
10001010
100101010
0100101010
010101010
010101010
0100001010
10101010
01010101
1010101
100010101
01011100
001010101
0101011
01010101
1000010101
010101010
0100101010
0100101010
01001010010
010101100
001101010
01010101
00100011
001010100
1010101
0101010010
010101010
00101010
010101010
1010010
01001010
1001010
0101001010
00101001010
10101010
01010101
01001010
