010101010
010101010
0011010010
1001001010
001010010
01010101010
10100101
10100101
001010101
010100101
100101010
0011010
010100101
010100101
0010100101
010010101
001010101
10100101
00110101
1001010001
00101010
01011010
01001001010
0010010110
0100100101
001010101
0010010010
01001001010
010110010
0100001010
0101010010
010001010
01010010
010010101010
01010101
10010101
00100101
01010101
0101010010
0101010
010101010
00101001010
01010101
001010101
010010101
001001101
01000101010
010101010
010010101
0100100101
10100001
0010101
010101010
010100101
1010101
01010101
10100101
0101001010
100010001010
0001010010
00101001010
0101010010
1010101
01010101
0100101001
100101001
1010101
01010101
010000101
01010101
0010100010
0101010010
00110101
010101001
00101010
00001010010
101001001
01010101
0100001010
001001010
0101001010
01001010010
001001010
0101001010
0100101
1010101
010010101
0101010101
010101010
01010101010
100010101
01010101
01001101001
010100101
010101010
010010010
1010101
10011001
011001001
100100101
0010010010
101001010
011001010
0101010010
0100101010
00101001010
1010101
100001010
10101001010
00101010
0101001010
0100101010
01010101
01010101
1010101
01010101
001001001
100100101
01010101
0010101001
10010101
10101001
10010101
010101001
01001010100010
010101010
0100101
010010101
0101010010
010110010
00101001
00100100101
0010001010
001010010
0010001101
0010101
1010100
010101001
101001001
01010101
01001010010
010101010
1000010
0100010010
01010101
010100001001
10010101
010100101
0100010101
010101101
01001001010
001010101010
01101010
01001001010
001010101
10011001
101001010
000101010
1010101
010101001
10101010
1000101010
0101010010
011001010
100010101
01100101
01011101
0110101
100100101
010100101
100100101
001010101
01010101
1010101
1001000010
0010101010
01010101
0100101
01001001010
1001010010
101001001
0101000101
010100101
01010101
010010101
1010101
0001010001
010010101
100100010
10010101
01010101
010010101
0101010010
10101010
01010101
10001000101
010101001
100010101
10010101
001000101
0010100101
0100100101
10100101
01000101001
0100101001
01010101
010101
0100100101
0100101001
010100101
011001010010
001001010
01000110
0101001010
001010010
00001001010
01010101
010100101
0101010010
0101001010
1011001
00101001
0101001001
010010101
0101010101
1010101
01000101010
0100101010
011100101
1000100101
100100101
101010001
0101101010
0101010010
0101000100
1010101
0101010010
0101010010
1010101
01010010101
10100001
10010011
010101010
00101010
0110101
10010101
001010101
001001010100
10100010010
0101001010
001010101
0010010101
010010101
1010101
10100101
0010010001
10100101
010100101
010101010
1000100101010
0100101010
10101010
0101001001
01010101
10010110
1010100101
0010101
01010101
0100100101
010101001
1010101
0010100101
01010101
0101001001
010101001
010101001
100001001
010100101
0110100101
010000101
010101010
010101010010
1000101010
10001001010
00010001
01010101
0100101010
101010010
10101001
0101010101
01010101
100101010
0101001
1010010101
10010100
0101010101
101001001
0010100101
0111101
00100101
10010101
01010101
1010101
1010100101
01010101
01001010101
01010101
00100101
01010101
10100101
010100101
0101010001
0010101001
0101101
010101010
01100010010
001010101
01001011001
01010101
01010101
0010101
0010101
0101010010
01001010
1010101
010101010001
0101001001
100010101
10010100101
00100010101
00101100
0110101
0101010101
00100011001
0100101001
0100100101
1001010010
01010101
0101101
01010100101
1001010
01010001010
10100001001
01010101
0010101
1010010101
0100100101
01010101
0101010101
1010101
100101010
0010001010
01010010
01001010100
01010101
0101101
010101001
01010100101
0010001010
01001010010
10100101
010010001
001010101
01001000101
0101001010
0000101010
010101010
0010101010
010100101
0010010100
010101010
010101010
010010010
01001001010
01010101
01010101
0101001010
010101010
0100101010
101000010
01101001
00100101
010000101
0110001
0101010010
001010001010
10101101
001010101
001010100010
010101010
1001100101
010100101
010101010
010101010
010101010
0101001010
0100101
01001010101
010101001
010100101
001010101
010100101
001010101
0101010101
01010101001
001011001
010101010
01001001010
0101001001
01010101
100010110
0101010
10100101
01010101
0101001010
0101010010
01010101
00101101
1010101
01010101
0101010101
010100101
01001001
001010101
01010101
01010100101
10010011
10000101
10000010101
01010101
0010101010
0101001010
001010101
100001001001
10100101
0010101
010101010
0101001010
010101010
0101010010
00100101
100010101
01010101
001101001
10100101
0101010101
010010101
000010101
01010101
010010101
10100101
001010101
0101010101
010100101
01010010010
0100001010
00101010
010101010
101000010
10100010
100100101
1000101010
000000100010
0101001010
0101010101
0101001001
00101001001
01010101
01010101010
0101001010
0110101
010101101
0101010010
001010000010
010100101
01001011001
01001010010
01010001010
010100101
01010101
010100101
010100101
0101010010
0101010010
010100101
100101001
01001001001
10010010101
10010101
1010010000
01010101
0100101
01010101
010101001
010101010
1000100101
01001001010
0000101010
1000101010
010101010
100101010
10010001010
01010101
10010101
1010010010
100101010
10100001
01000101
01001001010
1010001010
01001001
01010100101
010101001
01010101
00101010
0101001010
100010101
0100101001
01010101
010101001
01010101
01100101
01010101
010000101
0010101
010101101
100010101
01010101
010101010
10101010
01010100101
10100101
0100101010
101001010
10101001
01010101
001010010010
0100101010
0101001010
01001001001010
010101010
01010101
01010101
010100101
010110101
0100101001
10101010
010101010
101010010
0101010010
010101010
010101010
1010101
010010101
0101010101
110101001
0100001010
0101010010
001000101010
11011010
0010100101
10010010101
00001010
1001010010
0010101010
0010100110
01010001010
001001010
1001010010
010001001010
01010100
0100110
01010101
1010101
0010100101
1010010
1010101
100100101
0101001010
010101010
0101101
100100101
10010010001
1001001
0010010000101
001001010000
100100100010
0101001010
1010101
0100100101
01010101
0010101001
00100101010
0100101010
1010101
010101001
001001001010
010101010
001010101
01010101
0010101010
0101001010
010101001
0100101001
010100101
100010101
010010101
10010101
10001010010
010010101010
1001001010
010110001010
010010101
10000101
010100101
01010101
10101001
00010101001
010101001
0101010001
001001010
00001010010
1001001010
00101010
01010101
01010101
10001010
0010100010
010100101
101010101
00110101
0101001001
0010100101
0100101
1000101
01100101
101001
0010101
0100101
10100101
000101001
010101001
10100101
10100101
01010101
1010110
10101010
1001010
01010101
101101
01010100101
1010101
1010101
1010101
10100101
01010101
10010010010
11001010
10010101
0100101001
100010101
00100101
0100101010
10101010
010110010
10101010
01010101
001010101
010101010
00011010
0010100101
0101010000
010101010
01101010
0001010101
00100101001
100010101
010010101
1010101
01010101
01010010
0100101010
1001000100
01010111
010010101
01010101
00001010
1101010
0100100101
010010101
0100101
01010101
10100101
00100101
10100101
0100010101
0110001001
10100001
10010101
01010101
100010101
101010101
1001001010
00101000110
10010101
01010101
1001001000
010100101
01001010001
01010101
01010101
01010010100
1010101
01010101
1010101
001010101
0101001
010010101
1010101
01010101
00110101
01010101
010101010
101001010
01010101
1010101
0101010010
00101010010
00010101
010100101
1000100101
00010101
10000101
00101001
10010101
010101001
01010101
00100101
1010001010
0101010010
010101101
001010100
1010101
1010101
00010101001
000010100101
00101010010
10101010
0101000110
001001010010
100010010010
001001010
001010101
00100010101
001010101
0010101
0101010010
010101010
010010101
010101001
10100101
0010101001
010101010
010101010
10010101
01110101
01001001
001001001
010101
01010101
0110101
010101001
100001001010
0010100010
10010100
00101001
100101001
010100101
10001010
0010101010
11001010
1001001010
0010101001
010100101
01010101
010010101
01010101
0010100101
00010001001
1010101
01010101
0100101001
01100101
10100101
010101010
100010101
0101001010
00101001010
010010101
010100101
100010101
101000101
00100100001
101000101
10000101
01010010101
10001010010
001001001010
01010101
0100100101
010100101
0101001001
00101001
01001001001
010101001
010101001
10101010
001001010
00010101010
010011010
001010101
1000101
001010101
01010101
0010100101
1100101
0010100101
0001010101
010101010
0101001010
01000101010
01100101010
010100101
010010101
101001010
001010010
100100001
0101001001
01100101
0101010110
010100101
100101
1010010
010100101
01001101
010000101
01010101
010101001
1000010010
10101010
0100101
00100101
10101010
01010010010
101010010
0101010
01010101
0100100101
00100101
100101001
01100101
100100101
01010101
0100101001
1010101
0100101001
0010101010
100010101
0101001010
00101001010
010010101
0100100101
100010101
101000101
00100100001
1010001001
10010101
01001001001
1000001010
000001001010
01010101
01000100101
01010101
00101001
110101
10001000101
100001010
01001001010
0001010101
10010101
010101001
101001001
100101010
010101010
010010101
1000100101
01010110
001010101
0101001001
01001001
1010101
101000001
0010101010
10101010
01010101
010100101
10010101
10100101
01010101
01010101
10010101
010101001
010010101
001010101
001001010
01001010010
100010101010
011101010
010101001
01010101
0001010010
0101001010
10101010
01001010010
010100101010
0010101010
000101001001
01010101
010100101
1010101
1010101
010101001
101001001
101100101
01001001010
10101010
00100101
01010101
101010010
01010001010
01010101
00101001
0100101
0101010101
100100100101
01010101
00101001010
010010100010
0101010010
01001001010
0010101
0101010101
