00010101010
0010001010
01010101
01010101
10101010
010101010
00100101010
010101010
1001001010
001010010
01010101
01010101
1010101
01001010100
0101010101
01010101
00101010
00101001010
0100101010
01010101010
1000101010
010101010
00100101010
00101010
1010101
010010101
00101010
10101010
0110001
0101001
10010101
01010101
1001010010
010101010
01001001010
0110010010
0100101010
10101010
10100101
1010100101
010100101
01010101
010101010
010101010
01010011
00110101
00010010101010
10110001010
01010001000
010010101
01010101
0101101001
10010101
01010101
100010101
01001001
10010101
01010101
0100101010
00101010
010101010
01001001010
010101010
01010101010
0110101
1010101
1010101
0100100101
1001001010
0100010010
010101010
010101010
01010101
0100101
0101010101
01010100
010101010
0100101010
101000101
01010101
00100101001
01010101
10101010
100001010
010011010
01001001010
01101010
01010101
0101001010
010101010
1000101010
00101010010
010100101
010010101
010101010
0000101010
010101010
0100100010
00100101010
0101001010
100000101
100010101
001010101
00101010101
01010101
100100101
001010010
01001010010
010010101010
010101010
100101010
01000101010
10110010
0101001010
0101011010
100101010
0101001010
1010101
00101001
010011001
0101001010
100110010
01010101
010010101
0100101010
0010101010
010101010
10010101010
010101011
010101010
001001101
01010101
010010101
010100101
010110010
00101001010
01010101
1001101
0101001
001100101
01001010
101010010
01010010
101010010
010100101
010100101
010101010
0101010010
1001010001
010010
010101010
01011010
0101010101
010100101
000101010
101001010
10001010
0101001010
100101010
010101010
10101010
101001010
101010010
101001010
10101010
01001001010
100101010
0000101010
01010101
010010101
001010010
10101001010
1010010
101001010
101001001
010011010
00101010010
010100100010
010100101
101001
01001101010
10000010
010100010
10100101
1010001010
011010010
01010101010
10100101
100100001001
01000101
00101001010
1001001010
0100100110
01001010
000101010
000110010
01100110
1010010010
01010010010
00101001010
01001010
10010001010
0101001010
010101010
0010100101
1010010101
101010010
101001010
1001010010
001001010
0100101000
10100100
010101010
100101010
010101010
010101010
01010101
010100101
10010010101
010100101
10010101
0101010101
010010101
01010101
01010010
0101001010
010101010
10101010
1010101
10101001
01010101
01010011
010011001
01010101
01011010
10110010
010101010
01001010
010101010
001000010
1000100000010
0101001010
101001010
000101001010
01010010101
0101001
1010101
100100100
010101010
001001010
010001010
100010010
01010010
010101010
001001010
10101010
001110010
100101010
101001010
010101010
01001010
00101010
010101010
000101010
10101010
010101010
010110101
01010101
1001001010
1010001010
01010101
01000010101
0101010010
000101001010
0101001010
0001011010
0010101
010101001
010101010
100101010
0101010010
00101010
0010010010
10101010
01010101
010010101
010011010
0010001010
00100101
01010101
0010001010
1010101010
0101001
0010101
01010101
10100101
001000101
100010101
10100101
100010010100
000101010
001001010
01010101
0010101
100001001010
010101010
01010101
011001001
0010101010
00011010
011001010
010101010
10010101
00101101
101001010
01010101010
100001010
01001010
010010101
1010101
010101010
10101010
0101101010
100100010
1010100
01010101
10101010
001001010
01101010
010101010
0101001010
0101001010
10010101
01010101
01010101
01011001
00101010010
01001010010
01010010010
0100101010
000101010
10101010
001001001
0101001
01010101
00000101
0101010010
10101010
010101010
00101010
00101011
0101001
010101010
100101010
100101010
1001001010
0010101
01010101
010100110
0100101010
010101010
010101010
1010101
010010101
010010101
01010101
01010101
101010100
100101010
10001001010
101001001010
01001010010
0001010010
0101001010
00110101
00100101
10100101
0000101010
01010101
01010101
0101001010
1000010010
010101010
10001010
10001010010
00101010
10100001010
1001001010
010100101
010010101
011001010
010101010
010100101
01010101
0101010010
011001010
0100100101
1010101
10101010
011001010
1000101010
01010100101010
001010101
01010101
