010101010
0101010010
010010101
001010010
101010010
010010010
10100101
10010001
001010010
010110010
01001010
010101010
010100101
1010101
10100101
0100101010
010101001010
101001010
10101010
100101010
1001011
01100001
0101001
010101001
1000101001
001010101
00101010
10101010
01010101
01010100
101010101
001010101
01011
0101001
1001010101
01010110
0101001
01010101
1001001010
1000101010
01010010
0101010
10101010
10101110
001010010
10100101
1010101
1010101
00100101
1010101
1010101010
10101010
010010010
1010010
01010010
10101010
0101001
1001001
0101001
1100101
010101010
01010010
101001010
0100110
100010010
100100010
10101010
0101001
0101001010
010100110
0100101010
010101010
01010110
010100101
010100101
010010101
01010101
10100101
0101001010
0110101010
10100100
01001010
1000101010
001001010
001010101
01010010
00101001
10010101
01000101
01010101
101001100
100100100
00100100
00110010
001001010
100100110
10110101
01010101
10010010
00101010
10001010101
1010101
1010101
101001001
0010100100
0100100110
0100101
0100101
00101011
1010101
0100100101
010010101
1001001010
101010010
0101010010
10100010
1010101
01010010
0101010
0110010010
01010101
10101001
0010010101
10100101
010010101
0100101
0101010
1001010010
01001010
101001010
010100101
10100001
01100101
01010101
01001010
01010101
101010101
100100101
001010010
0101010
010010101
1010101
1010101
00100101
1010101
010101010
100101001
1010101
010100101
00101001
0010101
0100101
0101101
0101101
01010100
01001010
10101010
0101010
01001010
001010101
010010101
010010101
00100010010
010101010
0101011
0101101
100101010
001001010
01010101
00100101
10010101
0100101
010101
01010101
001010010
101001010
0100101001
010011001
010101010
001010010
0001010010
00101010010
01010011
100010101
010101010
0101010
010101010
101001010
01011001
100010101
1001100
10101010
10101010
00101010
01010101
01010101
01001010
00101010
10101010
01010101
01010101
01101001
010101010
01001010
0111010
101010
1001010
010001010
10101010
101001010
10110010
010101010
1010010
01001010
1010010
1010010
100100101
100101
0101010
101010010
010100101
1010101
1001001
0101001
00101010
00101001010
10101010
0101001010
100010101
00100101
010110010
10010001010
1010101
1000101001
100010010
100001010
00101010
010101010
1001010010
010100101
00100101
100101
001000101
101001001
01010101
01010001
101010
0101010
0010010110
001010010
00101010010
0100110
10101001
10010101
01001010
00101010
01010111
101001001
001010010
10101010
010101
0100101
0100001001
001010101
0100101
01010101
0101010
01001010010
10101010
0101010010
00101010
010101010
011001010
01010110
01010101
10101001
0101001010
010101010
1001010010
00101010
010010010
01001010
010011010
0101010
010100
0101010
100001010
10100010
01010010101
101001001
01001010
0010110010
0101001
0010101
010101010
1010010
010101010
0101010010
010010010
0101010
100100101
0101001
010101010
1001010
010110010
0010001010
010101010
0101001010
010110010
001001010
000100101
010100101
01010101
01010010101
01010101
10101001
01001010
1000101010
0110101
0101010
10001010010
01001010
001010010
0001001010
100100001
0000101010
000101010
01001010
0101101
0100101
1010010010
10100110
101000101
0100101
010100010
10010010010
010101010
0010100010
0101101
010101001
100010101
0010100101
01010101
1010101
0010101101
001001010
010010101
01011001
1010101
001001010
011001010
10011010
010101001
10100101
010100010
0101010010
1010010
100010010
001011001
10010101
1010101
01010101
010100101
100101001
01010101
100010011
01010101
010101001
010101010
010001010
0110101
010101
010100101
01010101
10010101
010100101
10101010
01010010
011011
0101001
01001010
1001010010
001001010
100101010
00101011
01010101
010101010
100101010
10101010
010101010
1010101
01010101
0100100101
101010101
0101010
0100110
101001001
10100101
10101001
0101101
01001010
001001010
01011010
0101010010
100001101
0101001
1001000110
00101010
100100101
010101001
100010101
01010101
0101010010
10101010
10010101
01001001
10110010
001101010
001010010
10101010
01010010
01011010
1001010010
0101010
01010101
1001101
10101010
10101010
10101101
010100101
1010101
010100101
01000010
01001010
01001101
001010101
010101010
10101010
01010101
01010101
0100101
01010101
01010101
101010001
1010101
10101001
101010010
100101010
010101101
101000101
100100101
0000101001
01010101
01010101
101100101
10001010001
10101010
10101010
1001001010
10101010
00101010
101010110
010101001
01010001001
010100101
100100101
0100100101
01010101
01001010
000101000010
0101010
0010110
1010101
00101001
1010101
01010101
10001101
10001001
0101001
01010101
0100101
01010110
0101010010
10101010
101000101
10000101
010101010
001000110
00101000101
010101
0101010
010100100
100010010
00101010
1010101
1010101
00011010
010101010
01010010
10101010
00101010
1000001010
100101010
010001010
0110001010
1010010010
10010101
0010101
110001010
010010010
000101010
01001010
100100101
00100010101
101010100
010101
01010101
100100101
01010100
100101001
011001
01001010
100110101
0011001
1000001010
0010101010
00101001
10010101
1010011
1010101
011001
010101000
01101010
010100110
1000100101
00001101
10010101
10100101
001001010
10101010
01001010
10100110
1010010010
0101010010
01010101
00101001
01010101
0101001
0010110010
10010011010
10101001
0110101
0100101
01010011
1010101
01010101
1010101
10100101
00010101
0101010101
0110101
010100101
0101000101
01000101
01001010
1000101010
01010101
01010101
101000010010
10101010
0000110101
10011001
100010101
0101011
010010010
100000101010
010010101
010010101
10101010
010010010
001010000
1010101
010101010
10101100
01000001
10010101
0001000010
0110010
1010010
00100100
10001001010
100101010
00001010
1000101010
010101010
100101010
01010101
1010101
10101010
10101010
01001010
0110010
10101100
1001001010
0101001
1010101
101001010
10001010
0010010101
001010101
01010101
10100101
010101001
00100101
01000101
01010101
010011010
101001010
010010010
10101010
100001010
1000101010
001000101
1011001
11001010
010101010
1001000101
01011010
100010010
10001010010
010011001
000100101
010010010
01010100
0100010
010101010
010101
01010101
10101010
100101010
01001010
1001010010
1001001010
0010100010
10011010
101001001
1000110010
10101010
10110010
01001010
0010110
01001001
01001010
10101010
010101010
1001010010
0101010
10010001000
001001010
00101010
0100110
00001010
1001010
10101010
01010101
00101001
10100110
100101010
0101010
010101010
1001010010
10101010
1000101010
0101010010
1010101
10100101
100101010
10101010
1010101
10100100
1010010
10101000010
001101
100101001
1010101
1010101
001000101
10001101
010101001
10010101
1000101001
00101001
10001001000
10100101
00101100
1010101
01010101
0100101
01010101
1010101
0101101
00000101
1010010
01010010
001010101
01010101
0101001010
010101010
00110101
10010101
1001010
01010010
01010101
1000101
01001010
01001010
010100101
01010101
1000101010
010101010
001001010
001101010
01010101
010100101
10101010
0010010010
1001010010
01010100010
1010010
101001010
10100101
10001101
00100101
100100101
1001001010
00100101010
0101100100
10001010
01010010
01010010
010100101
10010001001
1001010010
100101010
0100101
10010101
0100101
00000101
10101001
100010101
1010101
010010001
10101001
1010101
001000100
10100110
10101010
00101010
010100110
1001001010
00101001
10101001
001001010
010001010
1010101
100010101
100100010
1001010
1001010010
10101010
1010101
010101101
1000100101
100100101
10101010
100001010
11101010
10001001010
10100101
1010100010
100101010
00100110
01001010
10101010
0101010
00011010
00101001
00100101
01001010
10101010
101001010
0101010010
010101001
0110101
001010010
001010010
10000100100
001001010
101001010
001001010
010101010
010101010
010010101
10011001
010101010
100101001
00101010
00001010
1001010
010101
10101010
01011010
010001010
00101010
00001010
100101010
00100101
01001001
1001010101
01010101
1010101
01010101
010001010
101010010
1010101
10010101
0010001001
0101000101
001010101
10101010
010101001
01010101
1010101
10101
101001
010101001
0101000001
1010101
10101010
0100101010
00101000
010101010
010101010
001010001010
000010101
00001010
0010001010
101001010
0100101
01010101
101010010
1000101010
001001010
101001010
101001010
1001000010
010100001
00101001
10101010
10101010
01010101
100100101
001000101
01010101
0101010
00101010
10101001
010100101
100100010
01010010
01010101
0101000101
1010010
10100001
1010101
010101001
010100100
100101010
01001101
010101
001010101
0101001001
010100101
010101001
1001010010
100101010
01010101
010101
010010101
1000101001
100100101
10010101
0100010010
101001010
011001010
1010010010
00100101010
010101010
100010101
00101001
10001001
01010101
010100101
011000101
100100101
010100101
1010101
0010101001
101101
001010101
001000010
00100100010
01010101
01010101
010101010
1010101010
10100101
10101001
01010101
01010101
0010110
00101010
00110101
1010101
01010101
1001010101
01010101
101001001
01001010
01010101
000101010
10101010
01010010
1001001
00100001010
010101010
0101001010
101010010
01001001001
010010101
0011001
0000101
01010010
101100110
101000010
0100110
1000101010
010101010
0110101010
01101010
100101001
001010101
1000101010
01010010
010101001
100010101
00100010
001010010
10001010
01010010
010110010
01010010
100001010
10101010
010101010
01001010010
010010011
01010101
001010010
0101011
10101001
0101001
0010001010
01010010
00100101
1010101
1000010101
10010101
0010010010
0010001010
10010101
101010101
01010010
01010010
1010101
10100100
10101010
00101010010
0101010
010010101
010101010
010101010
01010110
10110010
01110010
10101010
0110101
01001001
01010101
10100011
10101010
010010010
000101001
1010101
000101
0010101
100010010
1001001010
0010010
100101010
10101010
0101010
1001001001
0010010101
0010101
010101
0101010
001010010
100100101
101001001
1001001010
010001010
010110010
010101010
10010101
10100101
0010101010
10001001010
010010101
01101001
100101010
10101010
100011010
001001010
1000101010
00010101010
010010101
10100101
00101001
010100101
010101001
010100101
100010110
00110010010
000111
101010001
001010101
01010101
101010010
001001010
0010101010
10101010
00101001
01010101
10001001
00010001001
1000100101
100100101
10100100
01001010
010101001
10100101
10101010
100101010
101001010
1010010
01010101
100100101
1001000010
10101010
1001010010
100110010
101001010
1011010
01010011
1010101
01010101010
0010010010
0010100110
001001010
10001001
100101
0100110
1001010010
0101010
001010
01010101
1010101
100101
00100101
1001100101
1010101
01001001010
100101010
0101000101
10101001
01010101
0101001001
001010101
10100101
10010101
10100101
01010010
10101010
10101010
101001010
001010
01010010
0101001
0100101
1001001001
01010101
01010010
101001010
010101001
100101001
101010101
1001010110
100010010
010101010
10100101
0010101
10001010
10101010
010101010
01001010000
00011001
010101000
01010101
0100101
0110001
01010101
10101010
010101010
011010010
01001010
1010101
10010101
01010110
01001010
010110010
100101010
0110010
001101
0101001010
0001010010
10100101
1010101
011010
0010101010
100100101
010101001
010100101
010010101
10011001
01010101
0100101010
0010101010
101001010
01010010
0110101
0101000101
001010101
0101010
01010101
01010101
0010101
010100101
01100101
10010101
10101001001
1000101001
01010101
00101001
010101010
0100101010
010010101
1100101
0110101
01001011
100100110
00101010
11011010
100001010
001010001010
0010011010
001010101
010010101
1010101
0100101
10001010010
001001010
0101010
10101010
101010010
0010101010
1000101
1000101
010011
01010101
01001010
010100101
0101010
01010101
10101010
1010010010
0101011
101001
1001001001
001001001
100100101
010101001
10001010
01010010
0101101
01010101
01010101
01010101
1010101
10001001
010101
010100001
001001010
10100101
0101010
01001010
01000110
00110010
10101001
1010001
10011001
0101010100
10010101
01010101
010010010
01010010
10101010
010010010
00100101
10101001
101010
01100101
01010101
0101011
010100101
10010101
0100101
0010101
1010101
1010101
1001010010
01001010
01010101
1010101
100101010
010101010
001001010
100010010
01010101
01010101
1010101
1010101
1010101
1010011
0010100010
10101010
100100101
00101000101
0101001
1010101
010100101
101000101
0101010
01010101
001010010
10011010
1000101010
011010010
10101001
10010101
010101000
0010100101
10100010
10101010
100011010
1010010
01100010
0101001010
001011
1010101
100110010
100101010
1010101010
100101010
1010101
010100101
01010101
010100101
01010101
100100101
010101
1001001
010100100
0101010100
101001010
100101010
1010100
0100101
10101010
10101010
10100101
10010101
010110010
010101010
10010101
01001001
01010001
010110101
010101010
10101001
10101010
01001001
0000101
1010101
0101001
0101001
0101010
01010010010
01010101
010100101
001010001
0010100101
1000101010
10101010
010010001
101000101
001000101
001010101
010101010
100101010
01010101
01010100101
01100101
00101001
10101001
001101
010101010
01010010
10001010010
00101001010
1010101
01000101
0100101
0010001001
10000101
1010101
010101010
1000101010
01011010
00100101
100010101
010101001
1010101010
100101010
0101010001
00010001001
01100101
0101000101
10010010
01001010
010011010
0001010010
010101010
1010101010
01001010
1001010010
01010110
10101100
1000101010
10101010
1000101010
010101010
01010101
01010101
100001010
1010010
010101010
01001010
01010101
01010101
1010101
10100101
1010101
0101001
101001010
10101010
01010101
10101001
10000101
1010101
10010010
010000100010
00110010
1010101
10100100
01101010
101001
1010101
1000100000
01001101
101010011
01011001
01001010
101010010
0101010
0101010010
001010101
00011001
0010010010
0101010
001010101
10010101
101001010
010001010
10101010
00101100
101001010
0100110010
11010010
0001010010010
010101010
00101010
0100110
001010010
100101
010101
10101010
01010010
01010010
01001010
10100101
01010101
0101001
10010101
101010010
1001010010
01010010
011010010
101010101
0100101
1010101
01010101
00100101
01101001
010010101
1010101
101010001
1000100100
0110101
1010101
10101010
10101010
0101010010
01001010
0101001010
010101010
0101001010
10101010
10100101
0010101
010101010
01010101
01010101
001010001
01001101
100100101
000101010
1000101010
1001001001010
00101010010
01001101
00100001
100101010
10101010
1001001010
010100100
010100101
10001001
010010110
0110010
0101001001
001010101
10010001
10001001
10001010
001001010
1001010010
10101010
1010101
00100101
10101010
10101010
0101
101001
01010101
10110010
010101010
10101010
01010101
100100101
01001010
100101010
1001000101
1010101
01010101
1010011
10101010
001001010
1010100001
001010101
101010010
01001010
10100110
1000010010
100010101
01100101
01010101
10100100
01010101
10010101
10100101
1010001
10101010
10101010
00101011
0110111
0110101
01010101
100001010
01001010
0101001
1000101
01010101
1010010101
0100011
10100101
0110101
1010101
0101001
01010101
001010001
101010001
010101
01010101
1001010010
110100110
010101010
10101010
1001001
0101001
1001010
00101001
1010101
10101001
001010010
0101001010
100010001
10010101
01010101
10100001
010101010
010001010
00101001
1010101
01011001
000101001
10001010010
01010010
01010010
01010010
100101001
101001
01010101
1100101
00101001010
01010101
10010101
0110101
1010101
01010101
010010010
1001011010
011001010
1000101010
010101010
100101010
0100101
10100101
1001001001
0100101
1010101
0101001
1011001
01010101
1010101
001010000
0101001
0010010101
0101010
101010
01001010
0010010010
00101010
100101010
010101
0010101
00101010
00101010
01010110
0010101010
0101001010
0101010
100100101
1010101
1010010010
0101001010
010100101
010100101
00010010010
010101010
100101001
100101001
0101010
01001010
10101001
0010100101
0010100010
1001010010
01010101
1000101
01010110
010110010
001010010
101001010
001001001010
1001001010
010101001
01010101
10101010
101001010
100101010
0010001010
100101
01010101
0101010
10101010
010101101
10100101
0101010
0101010
010100001
00100101
10011001
10101001
010101010
1011010
010101010
0010100010
01010010
0101010010
010101010
0101001010
01100100
1001010000
1010010
0000101010
01010011
100101001
0101101
10000101
10010010
100010110
0101010
01101010
01010110
101001010
1001010
001001010
010101010
1001010010
10011001
0010100101
10101010
10100001010
0001010010
0010010010
01001010
10101010
00101000101
10010101
1000101010
1010100010
1010101010
10101010
100101010
0100110010
010010010
0101001010
1010010010
01001010010
00100101
001010101
010101010
10101010
1000101010
01010010
10100101
1010101
1000101010
010101010
001001010
1000101010
01010101
001010101
100010101
0010101
10010100010
10101010
10010010
0101010
01010101
101001001
100101001
001010101
00000101
10010101
010101
01010101
1010101
100010101
010101010
001001010
10010010
10101010
100010101
10000101
0101010
01001010
10010101010
101001010
01010101
10100100
10101001
010101
00101001
10010101
100101010
01001010
010110101
0101001
100101010
01001100
010101
10101000
1000101010
011010010
010100101
10100101
01101010
10101010
01001010
010010010
01001010
10001010
10101010
1000010010
0010101
010010001
10010101
1010101
0101010
00001010100
10001001010
100101010
1001010010
010101010
100101001
0110101
010001
00101001
10100110
01001010
100010010
1001010010
10101010
101010
0110101
10101001
10010101
00101001
0101010
10100010
101001010
0101010
0101010
101010010
0101010010
10101010
00101001
1001010
010101010
1010010010
0101101
10010010
01010101
10100101
10010011
101010101
010010101
1010101
0100101
1010101
01001010
010011010
00000101
001010001
10101010
1010001010
1010101
010010001
1001001010
010100010
010101010
01010010
010101
00100101
1010101
1010101
00010101010
011010010
010101001
010101001
00111010
01010010
0010101010
010100110
01010010
10010010
010100101
01010101
010101010
0101001
10100101
01100101
0100101
010100101
01010101
01010101
01001001
0101010
0101001000
0010010101
1010101
0110101
010010001
1001000001
10001001
1001001
0100010
0101010
100100010
01101010
0100101010
01010010
10101010
01011010
10101001
01000101
01010101
1010101000
100010101
10100101
100101010
101010010
100100101
0101001001
000101010
010101010
010101010
1000001010
1010010
01001010010
10010101
010010001
10010010
00101010
100010101
0010101001
10100101
1010101
0101011
010100101
100010010
00101010
100010101
10101001
0101011
010101
10001001001
01010101
001000101
00101101
10100010
10101010
00101010
10101010
010010010
0100101010
010010110
0010100101
010010101
01011010
1001010
10101010
01001010
1001001
0111001
10010101
01010101
00100101
00101010
100010010
10010101
0111001
101010101
01010101
01010101
10000101
1001001010
10100010
10010000101
01010101
001010101
01010101
10101010
010101010
10010100
010110010
01100101
010101
00100101
01010101
0101010
101010010
01011001001
10101010
00100101010
100101010
011010
100010101
0100100101
01010101
01001011
01010101
1010101
100100101
010110010
0101001
10101010
00101010
001001010
10101010
00101010
100010010
100001010
00101010
0101101
0101011
00100101
010101
1000100101
10000101
00101101
1010101
10000010
10001010
010101010
010101010
010101010
010101010
100100101
101001
00101001
0101101
01001010
01110010
0101001
1010011
00101010
0010110010
01010010
00101010
000101010
100101010
00101001010
0010010010
01010101
1010101
100101010
0010010010
001010101
01010101
1010101
1011001
101010101
1001001
100010110
010100010
