0010101010
010101010010
00010101001
01000101
101001010
0100101010
010101010
010101010
1001001010
010101010
100101001
100101001
01010110
10101001
00101010010
00010101010
010101010
010101010
10010101
010010101
010101001
001010101
0010100001
100100101
100010101
0010101
01010101
1001001001
1010101
0010010101
010101001
1010101
01010101
0100101001
010100101
0101001
0101001001
100101010
1001100
1010101
10011010
10100101
01010101
010100101
01010100101
01010101
010101010
0100101010
010010101
010100101
1011001010
010101010
01010101
1010101
010010101
01010101
10010101
0101001010
1010101
010100101
010101001
10100101
01010101
010010101
01010101
010010101
1000100001
1010101
010101010
010101010
0101010101
100100101
001010001
1000101
010101010
0101001010
010100101
010101010
100100101
10010101
100010101
10100101
1000101010
010101010
010101010
01001010
010100101
01010101
01010101
01111001
10100101
10100101
010101001
1010101
1010101
10001001001
10000100010
0101001010
010010010100
010101
01010101
010100101
1000101001
01001001
1010101
010101010
10011000
01010101
10001010
100101010
1010101
01010101
010100101
0100100100
0100101010
0101010010
01001001001
01010010101
0101001001
0101001000
1001001001
01100101
01010101
00100101
0101001010
0101010010
0010010101
01010101
01010101
101010101
0101000101
01000101
010101001
1010101
10000101
010010101
1001010101
00100101
00010100010
0101001010
01010100101
01001001001
0001010101
101010001
010101010
1000101010
001001010
0010101010
01010101
0101101
100010101
0010101
10010010010
010010010010
010101010
0100101010
001010101
01010101
01010101
011001001
01010101001
0010101
010010101
0101010101
010101010
1010101
10010100010
0101010010
0101010010
01001010
0101010010
000100101010
00100100101
010010101
1010101
10011001
10101010
101001010
01010101
0100100101
010101010
10000001010
01010101
01010101
010101010
11001010
10010101
10010101
010101010
010010100010
00110010
10010001010
0101001010
10101010
010101001
01010101
01010101
1010101
010101001
01001
10010101
0010101
010101101
101001010
0100101
01010101
10010101
10010101
1001000101
0100101001
010101010
010101010
010100101
10100101
10011001010
10101010
010100001
010010101
10101001
1010101
00100101
10011001
01010001001
0001010101
01010101
0101001001
10101010
001010101
00101010010
0010101010
010101001
010010101
1010100010
010101010
01010010
1010010010
001010101
10100101
10001101
01010101
1010010010
100101010
00101000101
01000101
01010101
00100101
10010101010
00101001010
010010101
01010101
1001010101
10101010
01010101
01010101
0101000101
0100101
01010101
010101
01010101
10010101
0101001
100101
101010101
101010001
1010001
010001001
0100101001
01010101
10101001
100101
0010001010
010101010
001010101
10101010
0010101
1001001
01001010101
01000010101
0101010010
000101010
01010101
010010101
010101010
01000101010
0101010101
0100100101
010101010
0010010010
100100101
01010101
010010101
010101101
10101010
0101010010
010101101
10100101
10100101
010100101
001000010010
010110010
1010101
010100101
0100100101
001000101
010010101
100100101
0101010010
01010100010
010010101
100100101
0101001010
010100101
001010101
01011001
0010011010
010101010
0101001001
10001001
0010101
01001001
01011010
001001010
0010101
0100110101
010101010
010101010
00101010
0101001010
01010101
01101101
10101010
0000101010
10011
0010101
001010101
01010101
011010101
10100101
1010101
00100101001
0010100101
10101001
010100101
0001010101
0001010101
0010010101
010010101
0100010101
001010101
100010101
10100101
001010100
010101010
0101010010
01010101
01010101
00101010
00101010
10101010
0100101010
001001001
0010010101
10101010
10010010
0100101001
10101001
0001010010
00101010
010111001
01011001
01010101
0110101
01010101
010101010
0100101010
00001010010
01010101
01010101
0101010010
0010101010
1010001
01010101001
01101010
100100010
1010101
1010101
010100101
0101001001
010000101001
001010011
001001010100
1001010101
010101001
101010101
0010010010
100010010010
01001001010
010101010
1010101
1010101
0101000010
001001010
100101010
010101001
010100101
001010101
010100101
01001101
0010101
00101001001
0010100101
0101001
0010010010
0001001010
1010000101
010010101
01001101
01010101
00101001
0010101010
010101001
0100101
0101010101
010101
0101010101
00110101
1001001010
010101010
00101001010
010101010
001010101
0100101
10100101
1010101
01010101
0100101
10000101
001000101
00100101010
01001010
0010101
01101001
10001010
010101010
1000101010
0010010010
0100101001
01010101
01010010
01011010
101001001
01010101
00101010
10101010
10010101
01010101
101000101
010100101
100101001
01010101
001000101
010010010
1001001010
100010010010
00100101010
0100011010
01010101
1000101
01010101
001010101
010100101
01010100101
0010101
010010101
0100101
010100101
1010101
010101001
0100011001
0010011010
10101010
0100110010
010010101
01010101
1010101
01010101
10101010
10100010010
100101001
0110101
0101010010
0110010101010
010101010
010101010
100010101
0101010101
0100101
00010101
1010101
010101001
01101001
0101010101
010101010
10001001010
0010010010
0101010010
01010101
010101001
0101001010
101001010
01010101
1010101
010101010
00101010101
01000100010010
0101001010
10010101
01010101
010101001010
10010010010
10010101
1010101
010101010
010101010
01010101
010010101
0101010101
010101010
100010010
010101010
0101101
010010101
010110010
010101010
01001001
01010101
010101010
010101010
100100100
01010101
10101010
010101010
010010101
100010101
01011001
01010101
100010101
010101001
001010010
010101010
0100100101
101000101
10101010
10100101010
01001010
0101000100010
100100101
010010101
00010010
0101010010
010101001
01010101
1010101
01010101
000100101
01010101
000101010
0100101010
001010101
100010101
0101010101
010101001
0101110
010101001
01010101
0100100101
01010101
001010101
1001010
0101010010
0101010
010100101
01010010
10101010
10101001
010100101
001000101
010101011
10101001
100010101
001001010
010101010
1010101
01010101
0110001
1010100011
10010101
01001001
0010010010
001001010
010101010
0101010010
010101010
010100010
01010101
01001001001
0010101010
100000101010
010100101
01001010100
100101001
0010010101
0100100101
0101010001
10010001
0010101001
10110001
010101001
010110101
0101010101
01101001
01010101
11010001
01010101
01010101
1000101
0101010010
0101010
1000101001
01010100001
1000101
100010101
0101010101
10100001010
00101010
101010010
001000101
010100011
10101001
1010101
10010101
0101001010
1010101
0101010
0010101
01010101
0010101
01010101
01010101
010010101
01010101010
0100100010
010100101
010100101
10101010
100001010
1010101
1011001
010101010
10101010
10000101
010100101
01010101
0010100101
001010101
1001010010
1010101
0010100101
01010001
01010111
010100101
01010101
00100101
01010101
010101001
01010101
010100101
1010101
0101010101
01010110
10101001
0010001001
0100101
010101
101010101
01010101
0101001001
0101001001
001010101
0101010101
10010001010
0010101010
100010101
0100100101
001010101
01010101
010101010
010110010
1010101
001001001
010100101
101011001
010101001
01010101
10101010
0000101010
0100010101
00100101
010101010
010101010
0100100101
010101101
0101001010
00101010010
10010101
0100101001
1001010101
000010101
010100101
0101010001
00100100010
0101001010
01010101
0101001001
0101001010
00101101010
0010101
0100101001
0010101001
0100100101
10001001010
101010010
01010101
1010101
01001010
010101010
01010101
0100010101
010100101
010100101
0101010010
01010001010
10001010001
010100101
1000101001
0101000101
010001101
0010101
0101001
10101001
01010101
100101000001
1010101
01010101
01001001
0101010101
01010101
01010101
0010101001
010100101
100001001
010100101
1010101
01010101
11001010
10010100101
01010101
01010010
0110010
1000101010
0101010100
0101010
0000101
100010101
10101010
001101010
1010101
010010101
010101010
10001001010
010011010
010101010
010101010
0101010010
00100101
0101000101
0100110010
00101001010
0101001001
010100101
0010101
0010101
1001010001
10100101
01010101
001101
10001001
0010001001
10001001010
01001001010
1010101
0101001
100101010
00100101010
010010101
0100100101
001010100010
10101010
01010101
001100101
10000101
01010101
10101010
1001010010
00101010010
010101010
100000101
0101010
01000100100
1010101
100101010
1001010101
01100101
101001001
010001010
00101010
01010101
01010101
0100001010
0010101010
100101
01010101
01101101
010010101
1010010110
0101010101
00100101
000100101
01001010010
01010100010
1010101
01010101
1010101
01000101
01010101
10010101
01001010
010101010
1010101
0100101001
01010101
1010010100
010101001
10010101
010010010
0100101010
001010010101
001010101
010101010
10100100
0100101
0010010101
10101010
100101010
010101
1000101001
0100100101
1010101
010010101
0001011
10101010
010101010
100010101
1010101
100101
010101010
1010100010
1001010
0010101010
0010101010
010101010
000101010
010101001
010010101
1010101
010010101
001010101
0001101
101010101
0100101001
010010101
00100101
0101001010
010101010
01010101
010101001
01001001001
00100101
0010010101
010010101
0010010101
10010101
001010101
01010101
10101010
101010010
01010101
00010101
010100101
01000101001
01010000010
010101010
10101010
0101000010
1000101001
00100101
0100101001
01011001
1010101
010101001
1000100101
100101001
010100101
100101
0000101010
01010101010
01010101
010110101
0110010101
010010101
010010101
01001000101
010100101
1001001
10100101
01010101
1010101
0010101
001001010
01010110
01000101001
01010101
0100100101
010010101
01010101
10010101
0100101010
00101010
01010101
010100101
1000100101
0101001
01010101
0101001
0100100101
01010101
01010001
00100010101
0010100101
010101001
01010101
10100101
00110101
010100101
01010101
010101001
000010101
010100101
001101
010101001001
0101010010
0101001010
00110101
01010101
00101010101
001010101
10101001
01010101
00101001
1010101
1010101
1010101
010101010
010101010
0100101010
000101010
00101001001
0010101
01010101
0101100101
010101001
10101001
010010101
010101010
001001001
01010101
00101001010
010101010
1010010010
01010100010
010100101
01001001001
010101010
000101010
0101010010
10101010
0010010010
0101010010
0010101001
01011010101
0010101001010
01000001010
10010101
1010100101
010011010
010101010
100101010
010010101010
