01000010010
01010010010
10100010
10101010
1010010010
10010101010
01011010
0100101010
010101010
10101010
01010101
001010101
01100100
010101000
0010101
11100101
010101010
01011010
010101
10100101
01010101
10010101
010100100
0010101
0010101
0101001
010101010
011011010
0010101010
0101010010
01010101
01010101
01010101
001010101
101011
010010001
10101010
10001010
1100101
010010101
01001010
010101010
0100010101
1010101
010101010
010101010
010010101
01011011
10100001
1010010101
10101000
01001010100
0010011010
101001010
010101010
010101010
0100100101
1010101
01011010
1010101
010011001
01001001
0101010010
100100010010
110101010
001001010
0100100010
010101010
011010101
1010101
01010101
010100101
10101010
00101010
101101
0101010101
01010101
100101
010101010
0101001010
01010101010
01001010
1010101
10010101
0100101
010101
010101010
1001010
01010101
100110101
001010101
1010101
010100101
010100101
1010101
0010101
010001010
010101010
0101010
0100010010
001001000
001010010
010100101
1001001
010100101
0010010101
010101010
101010010
0101010
0101010010
010101010
010100010
001000101
1010101
0101001010
010101010
010101010
0010010010
010101010
100010010
10010101
0010101
010100101
10100001
001001010
010101010
1010000101
001010101
010101010
0101001010
101001010
010010010
010001010
01001010
0100101010
010101010
10001010
10101010
10101010
01010010
010110010
011010010
010101010
10101010
0101001010
00101010
010101010
010101001010
001001010
0100001010
010101010
011101010
010010010
0101001010
010101010010
10101010
100101010
0100101010
010100010
1010010
100101
10010101
01010101
01000101
01010101010
010000100010
010010101
1010101
010101010
0010001010
1010101
0010101
01010101
100101001
10101010
100100110
0100100001
0100101001
1011001
01010101
01010101
01010101
10101010
01101010
1010101
01010101
0101001
01010101
101001010
01011010010
0000101001
00100101
00010001010
0101001010
100100101
100101001
1001010
10101010
0100100101
010010101
10101001
010101001
0101010010
1010010010
0101001
101010100
010010010
010101010
010100101
010101
0110101
0010011
10101001
1010101
00011010
100100110
010010101
01000101
01010101
0100101
01010101
010101001
001001010
00101010
01010101
01010101
0100101010
0100101010
01010101010
10001010010
010101010
010101010
01010010
10101010
01010101
01010101
100101010
01001110
00010101010
10011000010
1010101
1100101
011101010
01001010
101001010
10101010
0101010010
01001010
010101010
10101010
010101010
1000101010
0101010
01001001
10010101
10100101
0101001010
0100101010
010101010
00101010
01010101
010101001
01010100
0110101
00101010
01001010010
010110010
01010010
01001010
0101001010
01010101
0101001001
0000101010
100101010
010101010
0100100110
010101010
101010
01001010010
0101010
01001010
001010010
1010101
100010101
00100101010
0101010
000101010
10001010
1010101010
010101010
010101010
0110010
010010010
010001010
010101010
010101010
01010101
0101010001
010100101
1010101
010101010
010101010
1110101
1010101
101010010
010001001010
010101010
0101001010
0000101010
0100101010
0101010010
0101001010
01001001010
001001010
001001001010
001001010
0100100101
10001001
010101010
100101010
0101010100
010010101
10010101
01010101
1010101
00100101
00101010
010101010
0101010
1010101
0110101
001010101
1010101
0010100101
0100110
100010101
010101010
0010101010
1010101
010101010
0100101
01001001001
01010110
100010101
01010010010
0101001010
101010
010011001
000010101
10100101
0010101
0000101001
010101010
00001001010
01010101
1100101
1001001
1000101
010011010
010100100010
010101010
1000101010
10010100010
1000001010
0101010
010010101
100100010
010101010
01010101
10101001
010100101
01010101
010101010
10001010010
01010101
010100101
01001010
010101010
1010101
0010101
01010101
0100100101
010010101
10100010101
01001001
01010101
010100101
000010101
010101010
001001010
010100101
1010101
10101010
101001010
01010010
10001010010
01010010
010101010
010101001
10101010
010101010
01001010
01010010
01010101
01010101
001010101
010101010
010101010
01010010010
010101010
010101010
010101010
01010110
1010101
00100101
1010101
101001010
010101010
010101010
10101010
10010101
000010101
0100101010
010101010
00100101
01010101
01001010
01001010
0110100010
0101001010
1010101
010010101
010101010
00010101010
010101001
01010101
1000100101
10010100001
010100101
00101001
100101010
0101010
1010101
001010101
01010101
01010101
011010101
101001
01010010
010101010
100101001
1100101
010101001
10100101
0010101010
0100101010
01101001
01101101
01010101
10010101
10101101
01010101
10101
00101001
01010101
1000101
01010010010
1010101010
01010101
011010101
010011
1010101
001001101
010100101
010010110
010101010
01011010
1010101
101001010
010001010
0100101010
01001010
1010010
010101010
00101010
100101010
0101010
01000101
01010101
010010101
0100100110
00101010
10101010
0101010010
001001010
010101010
101001010
010101010
0010101010
100101010
0101010010
10101010
01010101
0001010101
010101010
010001010
1001001010
010101010
100010101
01010110
1010110
1010101
1010101
0101010101
010010101
00100101
01010101
01010101
010101010
010101010
10100101
00010101
0101001001
01100101
101001010
1010101
0101010010
10100101010
01001010
010101010
0100101010
0010001010
001101010
00100010010
1010101
01010101
010101010
10001001010
0101010010
010010
101001010
001001010
1010001
01001001
10010101
01010101
010010010
10101010
0101010010
1010010
010101010
01001001010
0101001010
10101010
01001001010
01000110
0101001010
000101010
01100101010
0101001010
010010101
1010101
1010001010
0010100010
010101010
01001010
0110101
01010101
01010101
0100101
010101010
0101001010
00101001010
010110010
1010101
1010101
010010101
1010101
01010010
010101010
010101010
01010010
0101010
01010010
010101010
010101010
0100101
1010101
0011010
01010101
1010101
0101101
010101010
1000101010
01001010
0101001010
1001001
01010101
100010010
101010010
0101010010
10101010
0101010
0010101010
10101010
10100001010
0110101
00110101
010010101
0100101
010101010
0100101010
0010101010
100101010
01010101
00001010001
010101
01000101
010101
01010101
01010101
010000101
100010101
0101011
01010101
10101001
0010101
0010101001
01001010
10101010
1010000101
00010101
101001010
00101010
01001010
010101010
010101001
1000101
0100101
1010101
00101010
010101010
001101010
100101010
0110101
01010101
010100101
100010101
0010100100
01100101
001001010
001001010
010101010
01001001010
010101010
0101001010
001001010
100101010
01001001010
0101010010
101010001
10010101
10100100001
101001001
1010101
101010101
010101010
01010010
01010010
101010010
10100101
1010001
10101010
101010110
01010101
0111010
1100101
01010101
010101010
1001010010
10101010
0101001010
010000101
010110101
100010101
00100101001
010100101
010101001
010100101
0101101
10101010
10101010
00101010
010101010
10010101
1000101001
10101001
0100101001
01010101
0110000001
01010101
0101011
0101010
10100100010
010100101
011010101
01010101
0010101
010101010
010101010
010101010
010101010
010100101
010101
00011010
010111010
010101010
0110001010
10101001
0100101
01010101
101001001
01001001010
10101010
011011
10010101
010100101
01010101
01010101
00100101
010101010
00100100010
010100101
100100101
00100101
100100101
01000101010
0101101010
101001010
0101010010
01010101
10100101
010101010
01001010
01010101
01010101
010101010
0101001010
0101011
1010101
010101010
000101010
0101001010
010101010
0101010
0001010010
1001010
01010101
010101010
0101001010
100101010
100101010
010100101
101010101
00101001
011010101
1010101
0101010101
01001010
001001010
000000101
010010101
10101010
0101010010
010001010
01001010
000101010
1001001010
100000001
001000101
0100101010
010101010
010001010
0100101010
1010101
10010101
101001010
010101010
100101010
0101010010
0101001010
010101010
01001010
0000101010
0100101010
00101010
0010101
010101
010010101
01010110
01010010
0101010
101010001
01010101
01010101
01010101
0101010
0001010010
10010101
01010101
1000010101
100100101
010101010
10101010
01000101
1010101
01010101
10010101
001001010
1000010010
0100101
00101001
01000101010
00101010
0101010010
101001010
10001010
010101010
0101010
1010100101010
01010101
0010010101
10010101
0110011
001001010
0101001010
0101010
101001010
01010010
0010010
1010101
0100101
1010101
01010101
01010010
010100110
010101010
010001010
0100101
01010101
010101010
010101010
0100101010
010011010
010010101
1010010101
0001010010
101001010
100101010
01001010010
01001010
10101010
0100101
010111
0010010101
0010101
0110101
010100101
010101010
011001010
010101010
010101010
00100101
1010001
010010101
01010101
1010100
0100101001
010101010
01001010
01010101
01010101
001010101
0100100101
01010101
00010101
010101010
00001010
10100101
01001001
10101001
1010101
0100100101
101010
001001010
1000101010
0010101010
0101010010
0101001
0101011
10101001
1000010100
01001001
0101010
0010000010
10101010
010101010
001010010
010101010
010101010
10101010
10101010
0010101010
010110010
010101010
010010010
1010100110
00101010
01010010010
010001010
00101010
0101010110
010101010
101010
010101010
0100101010
01010101
1010101
01010101
1010101
010101010
00110001
01010101
0100010101
0101010
10101010
01010101
010010101
001010010
10001010
01010101
01010101
010010101
1010101
1010101
10101001
01010101
10010101
010101010
00010100010
001010010
001101010
01010010
010101010
010010101
01010101
01010010010
10101010
101010101
010010101
0100101010
010110010
01010101
01010101
010101010
010101010
0010101010
00101010010
10101010
010101010
00101001
010100101
10000001010
010101010
01010101
010100101
010100101
10100101
0010101010
10010010
0101001010
1010001010
1010110
00100101
01011010
1000010010
0110101
01010101
01010101
101000101
01010101
00010101
00101010
10101010
010101010
00101010
1010101
01010101
01101001
010100101
00101010
010101010
10101010
100010101
0101010010
10101010
001010101
01010101
0010101
00100001001
10001001
0101101
010110
010101001
0100101
01010101
101001010010
10101010
101001010
00101010
0101010010
010101010
1001010
0101001010
010101010
10101010
10101000
01010101
010010101
0101010101
0101001010
101001010
010101010
01001001010
01010101
0010010101
010100101
1001000101
101010101
0010101
0100101010
00101001010
01010101
01010010101
01100101
10010101
10100101
010010101
01010101
10010101
010100101
0100101001
01001010
010101010
101010101
01010101
01010101
10100101
010101010
001000001010
10101010
010101010
010101010
10101010
1000101001
01010101
10101010
10001010010
0101010100
10010101
00101010
010010010
010101010
0001001010
0110101
10101
0000101010
010101010
010100101
010010101
10010100
010101001
0101010
1010100
01010101
01010101
01010101
01010101
01010101
01010100101
010100101
10010101
10101001
1010101
00101010
10001010
0010100010
001001010
001010010
1110010
010100101
01010101
0100101010
0101001010
10010101
01010010
010101010
010101010
010101010
010101010
01010101
1000101
1010101
1010001
10101010
0101010010
10101001
1010101
010100101
010101001
1010101
010010101
0100101010
10101010
01010101
10100001
1010101
1010101
0011010
1001110010
010101010
1010010010
010101010
010101010
010010101
001010101
101000101
10100101
10101010
10101010
1010101
1010010101
1010101
10010101
010101010
0100101010
01010101
010101
010101001
01010101
010101010
100001010
10100101
1000011
01001001010
00101010
01010101
01010101
010101010
010101010
010101
01001101
01010101
0100100101
0100101010
101010010
0101001010
010101010
001010101
010101001
010100101
01010101
01001010
00101010
0001001010
0101001010
01010101
010010101
01010101
10010101
1010101
0010010101
01010101
001010101
01010101
010001001
00001001010
010101010
0100010010
0101000010
001010101
0101010101
0100101010
00101010
100010101
01010101
01010101
1010101
01010101
00110101
01010101
1010101
00101010
000101010
00100101
10010101
00100110
1000101010
01010101
10100101
1010110
100010011
101010010
0010101010
10010101
01010101
010101010
10100100010
0101010010
0101001010
010101001
1010101
1010101
01010101
0100101010
100101010
010100101
1010101
0101001
100011
100100001
01010101
010101010
01010010
010101010
1000100
01100101
100100101
101010
0100110010
01010101
01010101
010101010
10101010
01010101
0010000101
01001001010
01011010
01010101
1000101
00100101
001101
1101010
0101001010
01000101
00100101
10100100
1010101
10100100
01001010
010101001
001010101
01010101
1010101
01010101
10100100
010101010
01010010
00101001
101101
01010101
1010101
000101010
10101010
010010101
1010101
01010001
0010101001
00101010
01101010
101000101
01010101
0100100101
01010101
1010101
01010101
01010101
01010101
0100101
0110101
01010101
010010101
100101
01010111
010101010
100101010
01010101
1010101
1001010010
001001010
01010101
01010101
101001010
1000101010
1001001
0010101
10100101
0010010101
00001001
1010010100
0010101
0010101
0101001010
0010101010
01010101
10010101
010101010
10001001010
010101010
0101010
00101010
10101010
010101010
10101010
010101010
10100010010
0101001
100101001
01010101
0010010101
1010100101
10100101
1000101010
0100101010
00101011
0110101
01001010
01101010
10101010
100001010
10101010
1000101010
0100101010
0101001010
010010010010
0101010
0100101010
000101010
010100101
1010101
01010101
1010101
00101010
01010010
01010101
10100101
100010101
01010011
10010101
1001001001
01001010
0101010
010010101
1010101
01010101
01000101
10100100
00101101
10100101
0010101
100001010
010101010
10101101
010101001
010101010
1001001010
010101010
00101010
0010010010
001001010
0101010101
100010101
0101001010
100001010
100101001
1010101
1010101
1010101
0101001
01010101
10101101
01010101
1010010
01011010
0101001001
00101001
0101010010
0101001010
01000101010
010101010
010101001
0101001
010101010
01010010
01011001
010010101
1010101
0010101
01010010010
0010001010
0010101010
1010010010
010101010
0101010010
010101010
010010010
0000101010
10101010
0100100001
01101001
0100101
00101001
01100010010
01010010
0100101
101000100
0101001
00010101
0110101
01010101
010101010
010101010
00101010
10001010
01010101
01010101
011010101
010010101
010101010
010010010
0100100110
101001010
00101010
010010101
0101001001
001010101
010101010
01001001010
010010101
1010101
01010101
010100101
01010101
1100101
01010101
010100101
001001010
000101010
100101010
0101001010
01001001010
10101010
010010010
0101010
010100101
101010101
100001010
10101010
00101001
10010101
0001010010
010001010
01010010110
10101010
0101001010
10101010
0100101010
00100110
1010101
01010101
010101000
0100100101
10110101
01010100
01010101
01010101
01010101
010011001
1010101010
00100001010
010101001
01010101
1010101
1010001
000101010
010011010
0010101010
01010010010
10101010
10101010
00101001
0110101
1001010010
011001010
1010011
01010101
01001010010
010011010
010010101
01010101
010101
1010101
010100101
010100101
0100101010
100101000010
010010101
0010101
010101010
00001100010
1010101
1010101
010101010
01011010
01010110
100101
010101010
01010110
0101001010
10101010
010101010
01010101
1000101010
01010010010
100101010
10101010
0110110
010101001
100101010
010101010
0100101010
1010010
1010101
01010101
010101010
0101000010
0100101010
00101010
0101001010
010100101
001001010
10101010
10101010
010101010
010010101
10100101
1010101
01010101
10010010
010101010
