01011101
01010101
010101001
01010101
0101010100
10010101
000101010
10001010
0100001010
0000101010
0101001
1000100101
101000101
10010101
100010101
01010101
0101001010
0100100010
01010101010
010101010
01010101
100100001
010101001
1010101
101001
01010101
10101010
001010010
010101010
1010101010
1010101
010010101
100101001
1010101
0010010101
1010100101
00101010
10100110
10100010010
010101010
00110110
010101010
0100101010
001010010
100010010
010101010
010010101
01010101
1010101
10010101
01010101
01000101
0010101010
0010010010
01010110
01010101
010100101
1010101
01100101
10010101
001010100010
10101010
1010100010
010001010
01010101
010011001
00100101010
010101010
10001000101
01010101
00110101
00101010
010101010
1001010010
010100101
01010101
100010001010
010101010
0010100010
01101010
001001010
010101010
0100100010
01010010
0101001
010010101
1001010010
010100010
01010101
010010101
0100101010
0010101010
01010101
10100101
10100011
01010101
0101010010
010101010
10100101
010010101
01010101
1000101
01010101
101010
100101010
010101010
00100101
010101001
10001010
00101010
10010101
10101001
100001001
01010101
01001001
101010101
010101001
010101
0100101010
1000101010
1010101
1010101
010101010
00100101010
00100101
1010101
10101010
011001010
01010101
10101
010100101
101000101
010100101
00100101
010101010
0100001010
10101001
10010101
01010101
00100101
10001010
0010010010
010100101
1010101
0110101
10100101
10100101
01100101
01010101
001010101
10100101
010010101
01010101
01010010
1000010101010
10101010
010010101
1010101
001001010010
0101010010
100101010
010010010
1010101
0101000101
01010010
0101001010
010101010
001001010
010101010
0010100010
0100101010
00001001010
001001010
01010010010
001000101
1010101
0101010
010101010
011010
01001001
0100101010
0000101010
1000010100
01010101
001010101
0101000101
101000101
10100101
1000100101
0100101
010101010
0010001010
100101010
10001010
010101010
0010010010
010101010
10101010
0101001010
001001010
101001001
1010101
01010010
10101010
100101001
01010101
010100101
010101010
0010101010
1010010010
01000101
01010101
10000101001
01001001
010010101
01010101
010101010
00101001010
010010010
00101001010
010101010
00101001010
0101010101
0010100101
01010100101
01010101
0010010101
010010101
101010010
001010010
1001010010
010001010
010101010
0100101
00100101
01010101
010010101
1001001
0010010101
0010001001
1010001010
0100101010
10010010010
0010100010
01010101
010100101
01001001
1000101001
010101010
010101010
101001010
100110
1010101
001010101
100010101
01010101
01010010
0010101010
00100101
10001010001
0101001010
100101010010
010101010
010001010
0100100001010
00010010
01001001
1010100011
001001010
10010010
01000101010
010101010
010101001
100101001001
0101001010
00100101010
100010010010
1001001010
010110001
10100101
001010101
010101
0100101
01011001
010101010
010101010
010110010
010010010
00100101
10100101
10100101
00101001
0101001010
0101001010
10010101
0101001
001010101
10010101
0110101
10010101
0100101
00100101
1010101
10010001010
010101010
011001010
010010010
100101010
10101010
00101010
100010101
010101001
101010101
01001001001
10100101
1010010
0101001010
010101010
0110101000
1010101
10010101
01010101
100101010
0100001010
0101001010
0100101010
101000010
00101010
1000101001
10000101
010101010
1010100010
010101001
11010101
101000101
01010101
001010101
10101001
010100101
01010101
01001010
00101010
01001001
1010101
010101010
10010101010
0101001010
101001010
010101010
0100101010
0101010010
010100101010
100010101
0101001
010010010
0100101010
10010101
010101101
000101010
011010010
0010101
01010101
010100101
01010101
1010001
00100101
01010101
1010100101
01010101
1010101
00101001
011001001
1010001
1010101
1010010
010101010
10010101
0101001001
010010010
100100010
10011010
101001010
10001001
01010101
101001010
010011010
010101001001
00110100101
01001000101
10100101
10100101010
0101010010
01101010
001010010
010011010
10101010
10101001
01010101
00101001
010010101
1000100101
1010000101
01010001010
0000101010
0101001
10001001
0000101010
011010010
010101010
0100010010
01000101010
0010101010
01101001
10011001
10001010
10101010
0100101010
001011010
0001010010
010101010
1010101
01010010101
01010101
001000101
00101001
001010101
100100101
01010100
10001010
010100010
101001001
01010101
01010101
001000101
0010001010
10010001010
10010101
1010011
0010100010
0010001010
01010101
010100101
10010010
1010110
0100010101
01010101
01001010
001100110
1001000101
01010101
01011001
0101010001
10000101
010010110
0100101010
101010010
01010101
0010010101
010010101
01001001010
010100101
0101010101
010101010
0010100010
10010101
01010010
01001010
01010001010
10001010
00101010
01001001010
010001010
0100101
01010101
0100001001
000101100
1001000101
010010101
010101001
01011001
100100101
0101000100
0100100101
010010101
010011010
1000101010
10101010
01010100010
1001010010
100001010
010101010
01001010
01001010010
0100101010
010101010
010100010010
010101010
001010101010
10100100010
010101010
010101001
1010011
10101010
10101010
01010101
001101001
100100010
01010010
010101010
0101001010
001010101
10010101
0010001010
010101010
01010100010
10001010
01010001
1010010001
01001101
01010101
0101001010
100001001010
10001011001
010010101
1001001001
1010010001
0100101
01010001
100100010
0101001010
010101010
01001010
001001001
11010100001
001010010
1010001010
01000101010
0010001010
0100010010
00100101
10101010
010110010
0100101
010100101
00101010100
10101001
0110101
01000101
0100101001
01010101
100101001
00101001
100100101
1001001
101000010
01001001010
01001000101
01001010001
001001010
0010100010
0011001010
0101001010
1000101010
00101010
10010101
1010101
0101010010
010101010
01010101
001010101
0010101
0100100101
01001010
010101010
010101010
0010101010
101000101
00101001
100100010
100010001010
011101010
100101010
1001010
100000101
010011010
0100101010
010010101
01001000101
0101010101
100010101
01010010010
10101010
0010101010
101001010
0101010010
001001010
10001001001
01010101
1000101010
01010010
1001010010
010010010
010010101
0010101
010001010
00100101010
1001001010
01100110
010101010
010101
010101010
0100101010
00100101
0010101010
01001010010
010110010
0101010101
000010101
001001001
1010011
010101001
10010001
0101010
0100101010
01010111
01010101
10100101
0100101001
010010101
010010101
101001010
0010100010
01001010
010101010
00110101
0100010101
001010010
0010101010
010100101010
0010010
0101010010
010101010
0100101010
010001010
00110101
100100101
001010101
10100101
0100101010
101000010010
0101001001
11000101
10001101
1000100101
01010101
01010101
100101010
0101010
001001001
01010101
010101010
010101010
1000100101
10010000
0100101001
10001101
01100101
010101001
101000101010
010101010
010011010
010101010
10100101
0101010
0101001010
011001010
01010101010
010010010
0101001
0100100101
10101010
010101010
1001010010
01001010
00100101
10010101
10101010100
010101010
00101001
01001001
010001010
100010010
101001001
10000011001
010010100
1000101
010010010
0010001010
00010010010
01001010010
100010101
01010101
010101001
010100101
100010101
010010101
010010101
010100101
01010010
1010101010
10101010
1001101010
0110101
01010010101
0101001010
10101010
0101010
00101100010
01010001010
0010101010
00101001
0101010100
01010101
00101010
01011001
100101001
1010010010
01010010
001000101
00101001
01010101
10010101
00001010101
01010101
01010101
100101001
01010001
1000010001
0010001001010
0100101010
0101010101
010100101
10001010
0101010
010011010
100101010
0101000101
001010101
01010101
010100101
01001001010
001010010
01010101
01010101
0010101
010010101
0100101010
00101010
01011001
010100101
1010101
10010101
101010101
0010000101
10100101
00110101
100010100100
01010101
001010010010
00100010010
0100101010
1001001010
100101010
001000010010
01000101010
01101010
01010101
100010101
00101001010
10101010
01110010
100101010
000101010
0010001001010
010100001
00100101
0101010001
10100011
01010101
1010101001
0010100101
0100100101
1001011
01010101
01001001010
10010010
0100101010
10101010
010101010
10101010
010101001
01010101
01010101
1010101
0101011010
100010101
01010010
0100101010
0100100110
001010010
01010101
1010001
10001010
0100101010
01010101
01010101
010100101
01010101
100100001
1000101
010110010
101010010
010101010
010101010
01010101
01001001
0101001010
101001010
010010101
01010101
0100101010
00101010
100101010
01001010
010100101
010010001
0001010010
100101010
1010001000
010010001
0010101010
001100010
01010010101
10010101
101010
01010101
0101001010
101001010
100101010
010101010
101001010010
0100101010
010100101
010100100
010101010
01001010010
010010101
10010101
010100101
001001001
010101001
100101001
0010100001010
010110010
01010101
1000101001
010100101
100100101
01000101
01010101
0010101
010101010
01010101
0100101001
100101010
010101010
001001010
1000101010
100100010
0100101010
1000101010
01001001010
0101010010
01001010
10100101
1000101
0010010101
0011001
0110101
0010101001
1010011
01010101
010101010
01010101010
00101010
0101010010
101001010
01010010010
00100100101
10100101
0100100101
01010101
00100001010
010101010
01010101
01010101
1001010100
1010000101
01010101
010101
1001001
10010101
010101010
100101010
0110101
10001001
010101010
1000101010
0101010
100101
010101010
010101010
010100001
110111
10100101
01010101
100101010
100110010
000100100
10001010
00101010
01010010
10010010
010101010
10100101
001010101
10101010
010101010
010101010
001010010010
010001010
0101010010
010100101
01010101
10101010
01001001010
10010010
101001010
01010101
10011001
10010010
0101010
010000101
1010001
1001001010
001001010
1010101
10000101
01010101
10010101
010101010
100101010
000010010010
0010101010
01010010010
00101001010
010010101
1010010101
01000101001
011001001
100101001
10100101
01010100010
010101010
010100101
0100101001
00101010
010101010
100101001
010010101
010101010
01010010
0010100010
10101010
010011
0010100101
01001010
101010
0010101010
10101010
0101010
010110010
01110110
0010101010
0101010100
010101010
00101101
01010101
010101010
001001010
00100101010
010101010
010010101
100100101
1001001010
10001010
010000101
010101001
010101001
00100101
010101010
010101010
00101001
01000101
10100010
010011010
010101010
10101100
0110001010
0010101010
100101010
010101010
00100101
01010101
010101010
100010010
01010101
10100101
1010001010
0101010010
01100100010
0100001010
001001010
0101001010
1000001010
00101001010
010110010
010000101
01010010010
1000101010
010101010
011001010
010101010
1010010010
000101010
0100101010
001010010
101001010
001010100100
010010100
0101010010
000101010
100101010
010101010
0100100010
1010010010
100101001
0011010101
1001001010
00001001010
1010101
10101001
0101000101
00101001
01010101
00101001
0001001010
0101001010
0101001010
010101010010
10101010
10001001010
010110101
0101001001
10101001
01001010001
10100101
01010101
010101010
010101010
010110010
00001001010
001010101
0101001001
010101010
10101001010
010101010
01010101
1010101
0010101
0101001
10100101
01010101
1010101
0010101010
11101010
01010101
01010101
010100101
00101001
00101010
10100101010
10100101
01010101
010101010
010010010
101001010
10001010
101000100
010100101
1010101
1010101
010101010
101010010
10010101
100000101
010101001
1010101
01010101
01010101
0101010010
101001010
010100010
0100001010
00101010
0000101010
1011010
1010010
10010101
01010101
010101010
10010100010
001000010010
0010001010
10100101
1010101
0100101010
0100101010
100100001
1000101001
01010010
001010100
0101010010
10001100010
010101010
010101010
01011001
0010101
0110101
01101010
10010101
10010101
010001010
000101010
10010101
01100101
010100101
010101010
1010100000
00001000101
0101001010
0010001010
010101010
0001010010
01101010
01010010
010101010
00101010010
010010110
1001010
00101010
01000101010
0010100101
010010101
01001001010
0100101010
01001010
100010010
101001010
0100101010
10100101010
0000101010
1000001010
10101010
01010101
01000101
010010101
010010101
01010110
101001010
010100101
01010101
100100101
100010101
0100101010
10101010
0101001010
101001010
001010001010
001010010
01010101
010101
0101010
001010010
10010011
01010101
001001010101
01100101
00101101
010010101
01010101
01001010101
0101001
1001010101
0101101010
10101010
1001010
001010010
10000101010
000101010
001010101
000101000101
001010100101
0101101
01101110
010101010
001011001
01010101
00110101
0100101001
0110101010
100010010
0100101010
00100101010
01001010010
0100101010
0101010010
001001010
10101110
0100101010
1010010010010
0101001010
0100101
101001001
1010101
01010101
01010101
011001101
1001001
01010101
001110010
0101001010
10101001
1001010001
01001010010
010010010001
001010101
0100010101
10010101
01010101
00100101
010101
01001001
100001001
101010010
1001010010
00100010
101001010
101000101
00101001
01001001010
0100101010
1001010
101001010
00100001010
0100100110
010110010
010101010
0100101
10010001
010010001
01010101
1010001010
0101010010
01010010
010010010
100100101
101000101
010010010
00101010
100101010
0101001010
0100010101
1000100101
1010100010
001001010
01101010
010101010
0101010010
0101010010
101001010
011010010
1100101010
00101010
0101001
00010101
001010101
0001010101
001010100
010101010
01000101010
0010101010
10001010
01010101010
000101010
010101010
010100101
100010001
01010101
001010101
01010101
01010101
010101010
1001010010
01010101
010010101
01010101
001010101
00010100001
001010101
0101010010
01010001000
010101010
0101010010
10000101
00100101
00101010
01001010
01010101
010101101
010101001
100000101
01010101
011001001
0010101
01010101
01010101
01010101
100101010
01001010
010010101
01010101
01010101
01010101
0100101010
001010010
00001010001
010100101
1010101010
0010010010
010101001
0101001001
01010010
00101010010
1010101
0101010101
001010010
010101010
1010101
0101010101
010101010
0101010
010101010
10001001010
001010010
01010101010
100101010
0000101010
10010101
01010001
100001010
0101010010
00101001010
0101010010
100010010
0101010010
010101010
0100101010
01001000010
010101010
01010101
01010101
010101010
0101001010
0010101010
1010010101
01011001
010100101
0101010
10010001
1000100010
001001010
010101010
01011010010
101000101
01010101
010101001
01010101
1010010
001010010
10101010
01010101
101010101
010100101
010101000101
1010101
010010010
01010100010
001010010
00100100010
0100101
0010100101
010101010
0101010010
0010001010
10001001010
001010101
00010101
01010010010
1001001010
11010101
01010101
0000101001
10100101
01010101
01010101
011001001
10010101
10100001
00000101001
01010110
010010101
1010001
01010101
011000010
01010010
010100101
011001001
010101010
0010010010
010101010
010001001010
01010101010
0101010
0101010010
010101010
1001010101
01001010001
010101010
1010010010
101001010
0101001010
100010101010
00101010010
01010000101
010100101
10010010
100101010
01010101
00100100101
01010101
010101001
10100101
100001001
010101010
0101010010
001001010
010110010
010100101
0101010
010010101
100010101
0100001001
001010101
001001001
010100101
010101001
1100101
001010100010
0101001010
00101010
100001010
01010101
010101001
01001101
01010101001
0100101010
1001010010
0010011
01001001
100101010
010101010
101000101
100100101
0010101101
010100101
10010101
010010101
010101010
0001001010
100010010
01010010
100101001
10100101
010100001
010101001
01010101010
100100010
0101010
101010101
001010101
000100101
101000010010
0100101010
1010001010
010101010
01010101
100010101
010101010
010010010
010101001
010010101
1010101
001010101
001000101
10100101
01010010101
01010101
0100101
010010101
010001010
010101010
01010101
0010010101
1000100010
010101010
01001010
10101010
101011
010010001
0000101010
010101010
01010101
100100101
100101000
001001001
01010101
100100101
01000101010
01010010010
10101010
010101010
10011001
00100101
1001010101
010010101
011001010
101001010
010010101
01010011
0100101
01001001
0101001
0100100101
0100101010
01000101010
0101001
0010100101
010010101
001011
01100101
010010101
1000101010
001001010010
010101010
10101010
01010101
101010101
0101001010
01001010010
100101010
01010101010
00100101010
00101010
10010101
01010101
10100001
0100101
101001010
101001010
01001010
1000110010
10101010
0100001010
0101001
10100101
010110101
01010101
010101010
10001001010
101000010
101000001010
010101010
0010001010
0100110010
010101010
0010101001
010010101
01001001
1010101
01010101
0100101
010101010
010101010
01001010
01101010
0101011
01010101
001001010
011001010
10100101
01011001
1010101
01010101
001010101
010100101
010101010
010101010
0010001010
01001010010
01010101
00101001
010101010
01010101
010101
01010101
010010010
0101010010
1010100010
01000010010
01001001
100010101
0110101
100100101
1010010001
01010001
100100010
00100100010
11001010
0101001010
010010101
01010101
01010010
00101010
10101010
110101010
010101000
0110101
00101001
0100101
10000101010
10100101
0100101010
10101010
0010001001
01010101
0101000101
01010101
0101011
01010101
01010001
10010101
11010101
0110101
01000101010
0100101
00101010
010101010
01010101
10100101
010010010
01010010
01010101
000010101
101010100
1010010
1000101
01100010
001010001
0101000101
010101
00101001
10001010
0101010
01000101
101000001
100100010
010100000
10101010
010101010
0100101010
01010010
001000101
1010101
100010010
0100101010
10011010
010101010
10010101
10010101
001010101
00100101
0010000010
001001010
01010011
01010101
00101101
01010101
10101001
100100101
010101010
010101010
010010110
1010010010
1000001010
011010010
010101010
0100001010
10010101
01010101
0101001
010000101
100101010
0100101010
1010101
1010101
0100101
10101001
100100101
010100101
01000101
101000101
0101001010
10101010
000010101
00100101
001010100101
1001010101
101001010
10101010
01101010
0000101010
10100101
0101010
1010010010
0010010010
0101010010
0010101010
00001001010
00101001010
01010101
10101100
00101010001
00101000101
00001001010
100101010
10010101
010010101
0010101010
0100101010
10010101
01010101
0100101010
0101010
01100101
1001101
01010110
01010101
010010010
101001010
1000101010
010101010
1000101
01011001
01010010
1010101010
0100101
0110101
10001001010
010101010
010010101
0100101
01000101
100010010
00101000010
010101010
0101000101
01001001001
010101010
10010010
010101010
10100011010
10100101010
01001001010
1010001010010
0100100010
010101010
0010001010
001010010
0101010001
1010100101
010010101
10101001
010101001
0010101
01010101
01010101
01010101
10100010
1001001010
0101001010
010101010
100101010
0101001010
01101001
10101010
1010101
0100010101
0100101
00100101
01001101
1001001010
0001001
0001010101
010010101
010010101
100100010
0101100010
10001010
10010010
01010101
01001001
0100000010
01101010
01000101010
1010101010
010101010
01001001010
11001001
010101
01010101
1010101
1001010010
1010101
0001001010
01110010
10011010
10100001
10000101
010010101
010100010
1000100010
010101010
0001001010
01010
10110101
0101010010
010101010
1010101010
0101010010
010101010
10101010
0010101
01010101
0101010001
01011101
010101001
1010101
10010101
010101001
1010101010
1000100010
01101001
0100101
10100101
01010101
101010
10010010
01001010
1000101010
0101001000010
101001010
0010010010
100101010
01010101
10010101
101001
01010101
10010010
001001001010
10101010010
01001010
0010101
01010101
10101001010
0101001010
10101010
010101010
0100101
010101101
10001001
101001000
01001010
010100101010
010100101
0101010101
01010101
01010101
01010010
0010101010
0101001
01000101
010101001
00101001
1000101000
10010101
0000101010
010101001
010101010
10101010
00100101010
0010010010
101001010
011001010
100101001
10101010
10010101
01010101
101010101
010101001
010101000
010010101
10100010010
010101000010
01010101
10010101
01010101
0010010101
010101010
0100101010
0101000010
010001010
10001000010
0100101010
01010101
0010101001
010001010
010001010
010010010
010101010
0010000110
1000101010
10010101
1010100101
010010101
001010101
010101010
10101010
100101010
00010010010
01100101
10100101
00101001010
100110010
00100101
01010101
101001
101000101
0100010101
0101010101
010010010
010010010
010001010
010101010
100100101
0101001
010101001
101101
010100101
010100100
010010
10001010
01001010
01010101
0010101010
0100110010
1010101
10010101
010101010
010101010
001001001
010101101
01001001
01001010
001010010
01001010
1000010010
0101001010
01010101
0101101
010010110
1001001010
0101001001
1010101
001001010
010101010
1001001010
01010010
01001010
001001010
10100101
01010101
010101010
010010110
01010101
1010101
1010101
1000101
01101001
000101001
01010101
01010010
10100101010
10101001010
0010010101
010101
010101010
0100101010
0100101010
00101010
0100001010
0010001010
010101010
10101010
010100101
010101001
01010101
01001001
000101010010
01010101010
0010101010
010101010
01010101
01010101
10000101010
10001010010
01010101
0100101
0100101
100000101
0010101010
0101101010
0010010010
0101010010
101001010
10101010
1001000010
0101010
0101010010
010101010
01010101
01010101
010101010
0101001010
10101010
0101010010
010101010
000101001010
01010101
01001001
10010101
10010010
010101010
101001010
100101010
0100101010
010101010
10101010
010100010
010100010
01010101
10010101
011010010010
01001010
1001010101
01010101
000010101
1010101
01010101
01010101
0101010
010101010
1010010101
100100101
01010101
1001000101
0101001010
000010101010
01101010
0101001010
010110010
010011010
0100100101
011010101
10000101010
0100101010
010101010
011001010
100100101
01010101
010101010
0010101010
1010101
001010101
0100101
01010101
0101010101
011010101
0100101010
100001010
001001010010
010101010
010100101
100101
001000100010
010101010
010101010
0000101010
101000101010
0101001010
01010101
01010101
01011001010
10010101
10000101
1000011
1010101
01001001
000101001
01010101
00000101010
0101010010
10010101
1010101
0100101001
01001001
100101010
10000101010
00100101
1010100101
010001001
01100101
00101010
010000010010
0010101010
010110010
0101010010
00010101010
1001010101
010100101
01010101
1110101
00101010
1000101010
1010101
10010101
10010100
10100101
010010101
10010001001
01010101
1001010101
010001010
100010010
10100010
01010010
010101010
0010101010
010101010
110101010
100010101
0100101
01010101
01001001
010101010
01010010
1001001010
010001010
010101010
10011010
01010101
10010101
100010101
01010101
1000101
0010010101
001010101
01010101
0010101
1010101
100100101
10100101
001010101
0101001
0011010010
0101001010
01010101
0010100101
01010101
01010101
010101010
0010101010
10100101
01010101
1000101010
0100101010
010100001
010100101
01010101
010101
01101010
10001010
0010101
100010101
01010101
01010101
010100101
01010101
01010101
01010101
00100010
010101010
10101010
00100101010
00100101010
010101010
01010101
0101010001
010110010
010101010
01010101
0000101001
0100100101
001000101
0010100100
0010001010
0100101010
100101010
100010101
0100100101
010100101
010101001
001010101
010100011
1010001010
10100100010
01010101
0101001001
010100111
101000001
100010101
10010101
00101010010
001010101
010010101
10010101
01100101
01101001
010101010
0101001010
0110010101
0100101001
10001001
01010101
0010101010
10001010
100100101
010010101
100001010
0010010010
100100100
1010101
010000101
001000101
0100101010
1000001010
0100101010
0010101010
0110001
101001010000
0010100100
0011001010
10100101
010101001
01010010
010010001010
001001010
0100101010
10101010
01001010
00100101
10100101
00100101001010
10101010
0100010101
0110101
10000101010
010010010
001010101
1010101
0100100101
001011011
0100101010
1001001010
1001001010
100001010
01010101
010100101
100010101
01010101
01010101
01010101
010100101
10101001
0101010010
010100010
0101010010
01010010
00101010
010101010
01010010
10001010010
01010101
10010101
001001001
001001001
011010010
010010010
100010010
010001010
1010101
001001001
0100101010
0101010
010110010
001010010
0100101
00100101
010101010
10010010
010010101
010010101
01010101010
01010010010
0101001001
10101010
1010101
100010101
10100101
01010101
010101010
0101001010
01010001
1010101
010101010
010101010
10100101
1010101
00110001
01010101
010101010
1010010
1010101
01010101
10010101
01010000
10010101
01010001
01001010010
010101010
01010100010
100001010
0000101010
010101010
101010010
0101010010
0101010100
10010011
0101001010
1000101010
010101001
00110101
100000101
0010101
011000101
01100101
001001010
10010010010
1001010010
101001010
1010101
10110101
010100101
01010101001
010101010
0010101010
101010101
0100100101
1010010
10010101010
01101101
100101001
100100010
0101010
0010100010
100101010
0100101010
100010010
01001010001
01010101
1010101
10010001
0101010
001001010
1001010
1001010
01010010
1001001010
10101001
1000101
101010010
010101010
101001010
00101010
100010101
0100101
0110101
01010101
100101010
101010010010
010101
01010101
001010101
10010101
010101010
0100001010
0010101
01001101
001001010
010100010
1000110
1010101
010011001
100100101
100100100
01010101
01101001
010010101
1001000010
010101010
100101010
01001010
10101010
10101010
100100101
1001001
0010101010
00010010
1000100101
01000101
100101001
01010101
0010101010
0101010
10101010
010101010
01010101
0011001
0011001010
000101010
100101001
01010101
01010101
011001
01010101010
01001010
0010101
01010101
010101010
010101010
1010101
01010101
1000100101
1011010
00010101
10100001
010100101
1010101
01001010
1001001010
010010001
0011001
1010101
00010101
00100101
00101010
0100101
010101001
100100101
00100101001
0110101
10010101
100000101
10100101
010101010
001001010
010101
10010101
010010010
00101010
10010101
0010101
0101001010
10010010
010110010
101010010
001001001
010010101
0010100010
010101010
1010101
0101010
1000010010
010101010
0010101
01010101
0101001010
001010011
01010101
1010010
0010001010
010101010
01101001
00100101
1010101
0110101
1001001010
101001010
010101010
101001010
11101010
01010010010
101010001
10100101
01010101
0010101
00100101
00101001
100010010
0100010010
10000101
01001101
010010010
1001010010
01010101
100101001
01001001
101001
1000101010
0101001010
010101010
100101010
0100101
010100101
010110010
001000001010
010101010
0101001010
001010010
0101001010
010101010
010101010
01010101
010101
101001010
010101010
010110010
0101001010
1000010010
101010
01010101
01010101
1010100010
010101010
1010010010
010101010
1000101010
10101010
010101
010100101
10001010010
011001010
10010101
1010001
1010101
0011010
00100100010
011010010
01001010
0100101010
10010101
10001000
001010010
001001010
0100101
0010000101
10101010
0001001010
010101010
0101001010
1000101010
010101010
010100101
01010101
0010101010
010101010
1000100101
00010100100
1000101010
1001001010
010101001
01010101
011010
01001010
10101010
01100101010
010101010
01010010
0010101010
010101010
10010101
1010101
0101000010
1010101010
00101010
01010101
100100000
100010101
001001010
10001010
00101010
010010010
10001010
100001010
010101010
001000101010
010110010
010101010
0101000110
001010100010
010101010
0100101010
001010010
010110010
10100010010
01011010
01010101
001000101
00101010
010101010
1010010010
001010010
00101001
010101
100100101
010100010
1010101
10001000101
10101010
00100001010
010010101
10001000101
001010101
10101001
000101010
100101010
011001010
010010010
0001010010
00101010
00101010
00101010
1001001
01010101
0100101010
001001001010
0010110
0010101010
1010101
01010101
01010101
00101001
10010010
010010010
10100010
010100010
100100101010
1001001010
01001001010
010101010
1010101
10010101
0010101010
100001010
101010010
1001001010
00100110010
0101010
010101
00100101
0101010010
1000101010
0010101
1000101
0101010010
10101010
101001010
00101010
1010100010
10101010
0101000101
100100101
10100010
10001001010
10101010
01101010
1000101010
01010010
001001010
001010101
0010010101
101010101
10001010
010101010
1001001010
100011010
00101010
010101010
00100001010
1001010
00100101
01001001
010110010
010101010
0010101
0110101
00101010101
1010101
1000101
101000101
10101001
0110101
100110010
00101010
0101101
01010101
100100101
1000100101
1000001001
01010101
01010101
01010101
010101010
101001010
01010101
0101000101
0101010010
010101010
10010001010
0101001010
0010101
1010101
01010110
101010010
10010101
101000101
00100101010
010101010
010011010
010101010
001001010
01001010
010001010
001001010
1010101
10100101
1010101
0101101
0010101
0100101
100110010
100101010
010001010
101001010
01010101
101010101
1001001010
100101010
10101010
010110010
0001010010
010101010
000101010
001001010
10100100010
01010010
1001001010
0010101010
10001010
010101010
00100011010
01001001010
1001001
0101010101
010101010
1001010010
1000000101
0010010101
01001001010
0010100010
010000101
1011001
10000101
00111001
010101001
0101010101
0100001010
0010010010
0100101010
01001001010
001010100
010101001
100010010
0010101010
01010101
01010101
00101001010
0101001010
10010101
010010101
0001010010
1000101010
010010101
00101101
00110010
00101010
0101101
101010001
01010101
01010101
010010001
1000101
01010010
0101010
1000101010
01010110
10010101
01010101
100010010
0010010010
100101010
010101010
01010010
010101010
001001000100
0010100101
1010101
01100001
0110101
1010010001
010101010
101001010
010101010
010101010
010100101
001001000100
0101010101
01010001
01100101
010100101
010100100101
001001001
00101010
00101010
001010010
001011001010
001001010
001010010010
0101010101
010100101
101001010
10010110
010101010
0100001010
00100101010
010101010
010101010
1010010
01010101
0100101001
0010100101
01010010
001001010
100101010
010110010
0100101010
00101010
010100010
010101010
010101010
0010100101
01010101
010101010
010101010
100101010
00101010
10101010
00101010
1000101010
010101010
001010010
1010101010
10101010
010101010
00101010
10101010
01001010
0101001010
01010101
0100101001
1010010010
10100001010
00100101010
010110010
10000101
1010101
1010001010
0101001010
01001010
1000100010
101010010
101000110
01010101
001011
010101000010
011010
000101010
101001010
010101010
0100101010
01010101
1010101001
0101010010010
00101010
000101001
01010101
100101010
01010100010
00101010
01010100010
0110101
1000100101
001000101
1001001001
1000101010
00101010
01010010
0101001010
001001010
1001001010
000101010
10101010
0001010010
010101010
101001010
0100101010
0110011
1010101
0010001010
010101010
0101000101
01001001
000001001001
001001001
1001101
01000101
1010101
0100101
0101101
01010101
001010010
100010010
000101010
100101010
0101001010
100101010
0010101
01010101
01010101
10000101
01001010
10101010
011001010
01101010
010101010
010010010
101001
1010101
01001010
1001010
010101010
101001010
010010010
00100101010
0101010010
010101010
010101010
101000100
1010101
0100101
100010010
10101010
0100101
001010101
0101001010
01001010010
1001010010
00100101010
001010101
00100101
01010101
01010101
01000101010
010011010
1000101010
0010010010
00001010010
010101010
001001010
010101010
001001010
1000101010
0101010
0010101010
100101010
010101010010
100101010
0101001010
010010101
10100101
100101010
1000101010
010010101
100100101
10101010
010101010
100010010
100101010
01001010
10101010
101010101
01100101
10101010
10010010
010000101
0110101
010101010
010101010
011001010
001001010
1010101
01011010
0010101
10101001
010100101
1000001001
011010010
0011010
01010101
0101011
010101
010100101
010010101
10100101
010010010
1001001010
10100001010
10010010010
01010010
00100100010
0100101010
01001010010
001010101
1010011
010101001
0100100101
010101010
00101010
0100101010
010011010
10010101
1001010101
001001010
101010010
100010101
101010101
010110010
101001010
010101
10010101
00100101010
100101010
00101001
01010101
10001010110
01010101
100101010
10101010
01010101
01010101
0101010000
001010101
1010101
1001101
00101010
10001010
010101010
010101010
010101010
01001001010
000101010
00100101010
001010101
0010101
10101010
0100101010
000101010
010101010
100101010
010101010
000110101
010100101
1001010010
01001010010
01010101
0010010101
010101001
10101001
0101101
0101010101
01010101
010010101
0010010
01101010
0101010
10000101
01000101010
01010010
100010010
10010001010
1000101010
01011010
0010001010
010101010
10010101
010011001
00001010010
10110010010
010010101
0100101
0100100010
00101010
1001001
100100000
0010101010
0101100010
10010101
10010101
01011001
00110101
01101010
10101001010
01010101
0110101
100101010
10101010
0110010101
100100101
00101010
1000101010
01001010010
010101010
0010101
010010101
1001010010
1010001010
001010010
010101010
000101010
01001001010
0100101010
11001010
01001010
01101010
10010101
10010101
01010101
001000101
001001010
0010101010
101010010
1001001010
1001011
01010101
01000101
1000101
0100101
010101001
10001010
00101010
101010010
011001010
00101001010
0100101010
000010001010
01001010
10001010
010110010
0101010010
01101010
010101010
101001010
001001001010
101001010
11010010
101001010
010010101
100010101
010101010
010101010
011001001
0110101
0010101
01100101
100101010
10100001010
01010011
01010101
001000101
01010101
010101010
0100101010
1001001010
010100100100
00101010
10001010
001010100
1010101
0100101
01010101
10101010
010101010
101001010
010101010
01001010
010100010
01001010
00101010
00101001
10000101
1010101
010100101
10010011
10101011
001010101
1000101
1000101
011001
1010001
11000101
01000101
01010101
001001010
01010010010
1010001010
0101010
000101010
0100001010
100101001
01001001
100101010
0010101010
01001010
01001001010
001001010
1000010010
0100101
0101101
101001010010
01010010
1000101010
101001010
1010101
0101001
100010101
10100101
010110010
010100101
00101010
10100010
0100101
100110001
1000101010
01101010
010010010
010101010
1010010010
0100101010
010101010
0101001010
01001010010
010101010
0010101010
100110010
10101010
010011010
001001001
101010101
00101010
01010010
10100101
01010101
1001001001
01010101
010100101
001010101
1001010010
0010101010
000101010
0101010010
100101010
000101010
101001010
010101010
010010101
10010101
1010001010
010101010
0101001010
010101010
0101001010
10001001010
00101010
011001010
001010001
0010101
001001010010
001101010
01010010
01001001010
1010101
01001001001
01011001
1010101
101010010
10100010010
01001010010
00101010
00100101
10100100101
10101010
11010010
01010101
001001001
00100101
0010101
01101010
00010101010
0100101010
0010101010
1010101
010101010
100001010
0010001010
0110101
0100000101
010010101
0010101
010101010
10101010
01000010
10100010010
001001001
01010101
00010101010
010101010
10010001
010101
1000101
10001101
1011001
01010001
0100101
0101101
00101010
10101010
01010101
0100101010
1010010001
01100001
0101011
010010011
0010101010
10101010
01010001010
010101010
001100010
001010010010
0010001010
100101010
1010101
001001001
010101010
1010010100
00100010010
1001010
010100101
01010010
0010100010
0100101010
1010010010
010101010
01001001
01010101
1001010010
0101001010
10001010
0101010010
1010010101
00101001
1010100010
0101010010
1010101
001010001
001001010
101001010
101010001
01011001
001001010
0010001010
0101010010
10010010
10101001
0100101
010101010
01001010
100101010
010010010
010101010
01001010
010101001
010101
0010010010
101001010
01010010001
01010101
010010101
01010010001
10101001
1010101
01010101
01100010010
010101010
0100001010
01010101
1010101
1100101
100001001
01010110
1010100010
1000100101
01010101
101001
0100101
010101
0101010101
010010010
101000010010
010100010
01001010
1001001
00101001
010101010
100110010
0010101010
010100101010
0101010
01001010
010100101
0101101
001000101
01010101
101001010
0010101010
010010010
010101010
0100101010
00101010
00101010
01101010
01010101
10010101
100101010
0101010010
101001010
0110010
01010101
01001001
0010101001
0110010
1010101
1010101
1010101
1010101
010010101
1010101
00101001010
01010001010
00100010010
010110010
10100101
0101101
1010101
01010101
0101001010
01010010
010101011
1010101
001010010
010101010
010000101010
0101001010
0010101010
001011010
0100010001
10100000101
00101010
0010101010
00100010
00001010010
10100101
10101001
0100101010
001001010
0101010010
0101001010
010100101
100110101
100101010
001010010
01101010
010101010
010110010
010101010
0000101001
00100101
10001000010
0010101010
010101010
01011010
01010101
0010101
10101010
010101010
00100101010
00101001010
1010101
1010101
001000010
01001010
00101010
010101010
1010101
01010101
10010101
01100101
0101101
0100101
111010
100101010
00101010
0010101010
001101010
1001010010
1010101
01010101
100101010
0100001010
10010101010
0010101010
1001000010
1010101010
010101
010101
101010101
10101001
10010010
0100101010
0101001
100100101
0010101010
0110010
10101010
00101010010
00101010
0101001010
01001010
0100101010
101001010
0101001010
1010111
010001001
010101010
0100101010
101001010
01011010
0100000101
010010101
01001010
00101010
100010001010
100101010
100100010
010101010
0010101010
00101010
001010001
01001001
00100101010
010001010
101010010
010010100010
0100101
010010100
10010001010
01001001010
00010100010
00100010010
1001000010
10010010010
0010100010
01101010
010101010
011001010
10100010
10100010
100101010
0101010
0100101010
01001010
100101010
10010010
010101010
0101001010
01011010
01010010
0010101
001001001
100101010
010101010
101001010
101010010
01010010010
100101010
0101010010
010101010
010101010
0100001010
010010010
00010110010
00101010
0100010
1000101001
00010101
010101010
10101010
00101010
0101010
0100101010
0100101010
01010101
010010101
01001010
0101001010
0101001010
010101010
0100110
00011010
01010101
000100101
000011010
0100101010
001010101
010010101
10001010
0101001010
01110010
10010001010
10001001010
100001010
00001001010
010101010
01010101
0010101001
10100010010
0101000100
01010101
01010101
010011010
0101010
0101010010
01010001010
0110101
0100101
0101010010
10010100010
00101001
01010101
0100101
1010101
010100100
010100010
01010101
0010100101
0101010010
0101010010
0101001010
0100101010
10001010010
0010100010
100101000
010010101
010101010
001010010
0101001010
01001001010
010101010
0000101010
010101010
10101010
0101001010
01001001010
101010010
0010001010
010101001
0101001
010101010
0101010010
00101010
0101010
01001000010
00101010
001101
10101001
01010101
01010101
01101010
001001010
010101010
101001010
00101010
0101010
101010
1010101010
0101010
0101010010
010101010
0100101010
1010101
00100101
0101010
1000101010
010100101
100010101
0100101010
00101001010
0010101010
0100101010
01010101
010100101
10010100101
010100101
10110010
0001001010
100010101
01010101
0101010010
010101010
1000100110
00101010
010100101
1001010001
01001000010
00101010
0010101
0110101
01001010
01010101
00101010
010101010
0010101010
1010001010
0010010100
010010101
1001001010
010101010
010101010
0010101010
0010110001
1000101
0101001001
0010101010
010100010
0101010010
10001001010
0101010010
01010110
0100100101
010100010
010100010
0010101010
01011010
000010101
010101001
1001101
001010101
01010101
10101001
10010001010
01001001010
10100001010
010101010
0101001010
010101000010
0100001010
000101010
010101010
00101010
010101010
010101010
0100100110
001001000010
1001001010
001001010
010101010
10001010
0101001010
010101010
10101010
010010010
100101010
101001010
100100010
010101010
0010001001
001000101
1001010010
0101001
010010101
1001010001
0001010100
0100101001
1010001
100100101
01010011
01010101
10101010
101010010
0010101010
100101010
0010001010
0100110
01001101
00101001
0101010010
010010010
0010101010
000101010
0101001010
001010010
001001010
010101010
0101001010
1001010010
001000101
010101010
100101010
10101010
010100110
101001010
0101010010
10101010
10101010
100101010
1010101
10100101
010001001
0101010101
001000101010
010101010
100100010
01010101010
1001001010
001001010
100101010
01001010010
010101010
0010101010
01010101
01010101
110101010
01010001010
00101010
010101010
0100101
010010101
10101010
00101010
01100100010
00101010
010101010
1001000100010
010101010
10101010
10010010010
0100101010
10101010
010010010
010101010
10000101010
010101001
100101001
001010001
01010101
00110010
0101001010
100101010
0101010010
00001010
00101010
100100010
001001010
0100101010
0010010010
000010010
010101010
010101010
010101010
001000100010
01011010
01010101
010010101
1000101010
010101010
1000010
010101010
0101010101
010010001
00100101010
0010001010
010101001
01010101
010000100010
001001010
001010010
010101010
010101010
0100101010
0100100010
0100100010
01010101
00100101
00100100010
1000101010
10010101
01001001
100001010
01001001010
0101010010
010101010
00101001010
001000010
1001010001
01011001
010100101
010101001
00101010
1010100010
0010101010
1010000010
1001000101
0010101
010101010
1000001010
01010101
010100101
101001010
100100010
010101010
010101010
000110010
01010010
0100101010
0010101010
100110010
0110010010
0110101
010101001
01001010010
010101010
10101010
010110010
100101010
010010101010
01010010
01010001010
010101010
010101010
01010010
010101010
0101010010
0101010010
0101001010
101001010
10101001
10100101
0101001
01010101
100001001
010100101
10101010
0100101010
0010101010
01000101010
0101011
0001010101
011011
010010010
010101010
0101010010
01010101010
000101010
01010101
010101
001001010
101001010
0101010
001001010
100101
00100101
10101010
01001010
01001101
01010001
100000010
10101010
10101010
010101010
0100101001
0010101
001001010
0101001010
0100101010
0100101010
101001010
01010010
010100101
01001001
01010101
010100101
01010001
00100100010
1010101
01010101
000101010
0100101010
1000010101
010101010
00101010
010101010
100101010
010101010
0100101010
011001010
10101010
010100010010
0101010010
01001010
01010101010
0100101010
010101010
001010010
010100010
010011010
10101010
010011010
10101001
01011010
100101010
1001001010
00100101
01101001
1000100010
010101010
0100101
100010101
0101001010
0010101010
100100101
010101001
100101010
1010001010
010010101
010100101
1000100101
010010101
0010010010
0101001010
101010001
01010001
101001010
01010010010
1010101010
0100101010
1001001001
100100101
10010101010
000101010
0010010010
010101010
010101010
010101010
1010010101
01010101
0010101010
00010101010
0100101001
010101001
0101010
0100100010
0000101
001100101
010101010
10100010
1010010001
01001010001
010101010
10010100010
0010000010
0101001010
0101010010
010101010
010010101
10100101
1000101010
010011010
0100101010
001010010
101000101
010101001
1000101010
1000101010
101001010
0101010010
01001010
10010010
010101010
10101010
010010101
0101011
11010100
1010101
1010101010
1010010
100101010
0100101010
10001010
00001001010
0010010010
001001010
010101010
10001010010
10010100010
010110010
0101001010
101001010
101010010
00101010
010101
0010101001
10101010
010101010
010101010
00101001010
00010101010
010101010
0101000101
01011001
100101010
01001010
11010010
010101010
010101001
0010010101
0101010010
010101010
01010101
0101001
01000010010
0100101010
00101010010
11010010
10101010
101001010
010101010
00101010010
001010001
0100101001
010010101
00100101
0101010010
01001010010
010100010
010100010
010100101
010010101
001010001
01000101
001010101
010101
0101010010
100101010
101010010
01010010
1010101
1010010
10101010
10101010
10101010
00101010
0010101010
01010001010
1000101010
011010010
01001010
0010101
010101010
1001001010
1010100010
0010101010
0001001010
001001010
101010010
0101001010
1010101
01001001
1010101
01010001
1001010001
01010101
01010001010
0101001010
101010010
1001001010
1010101
010101001
0101010010
01010101010
01010101
01100101
1010101
010010101
0110101
010101001
010100010010
01011010
010101
1000101001
101010101
1001001001
1010001
10101001
110010010
000101010
00101010010
0000101010
100001001
010100101
1010001010
10010001010
010101010
100100110
100010101
1010101
0100101
01010101
010100010
010101010
01010101
0010101
010101010
1000101010
0010101010
010101010
00010101010
1000101010
101001010
010010010
101010010
010101010
01010000010
010010010
01010101010
01001010
0101001010
101001010
1000101010
011010010
01001010
10100101
0101010010
010001010
10101001
10010001
0100101
00100101
0010101010
00101010
001010101
0100111
0100101010
10101010
010010010
010101010
001010010
010101010
1001001010
0101010010
010001010
1000101010
01010101
010100101
010101010
01010101
101001010
10001000010
0100101010
01101010
01010101
10101001
1010101010
0011001010
0010101010
01010101010
01001101
01000101
0110001010
010101010
10101010
010101010
10101010
01010101
100010101
010100101
00010011
001010001
0101001010
101001001010
010010101
1000100101
0100100001
01010101
1010101
01010101
0010101001
01010101
01010100
01010101
001010101010
0100101010010
01010101
10010101
00100101
10010101
0101001
10100101
0101001010
10100101
010101010
01010010
10010010
0100101010
0010101
01010101
01010101
010101001
010101010
10101010
010010101
010101
10101010
01010100010
10100101
1010101
100101010
101010010
00101010
0100101010
01010101
10100101
001010010
010101010
01010110
0110010
100101010
1001001010
01010101
010010101
01010101
10000100100
00101001010
010101010
0101010
01010010
10100101010
0010011010
0010011010
0010010010010
0001010010
101001010
0101001010
0100101010
00010101010
010101010
01001001010
01001010010
011010
11001001010
00100101010
0001001010
100101010
100001010
101001010101
0100010101
010101010
010101010
1000001010
010101010
00101001001
0100101
00101010
0010101010
001010101
0100101001
100001010010
01000101010
010100101
001010101
10101010
101001010
001001010
010010010
10101001
10010101
01010010
010010010
00101010
1001001010
101010010
010101010
0101001001
1010101
00101010
01010101
01101010
000010000010
010101001
1011001
010101010
0101010010
100100101
10010101
001010101
01010101
1001001
010010101
001010101
01010101
1010101010
10101010
0101000010
10101010
0100101010
1010100010
00001010101
01001010
0010100010
1010001010
010101010
01010010
00101001
01010101
0110101
00100100001
1010101
01010101
01001001010
1001010
101001010
01010010
01001101
010001001
010101001
1010101
01010101
01010101
00100101
0010100101
0100100101
1010010
01010101
10100101
0010101
010010101
00101010
01010010
01010101
10100101
000010100010
01010010
01010011
00100101
1010000101
01010101
10101010
011001010
00100101
0101010
10100001
01010101
010101010
010101010
100101010
01001010
010010101
010010101
1000010010
010101010
0101101
0101101
0010010101
0010010101
010101010
00100010010
101010101
001010101
00101001010
0100010010
0100101
001010101
101000101
01010101
010010101
01010101
1010101
10010101
010101010
00100100100
0000101010
010101010
0100100101
1010101001
01010011
10100101
1010010010
0100101010
010101001
001011
0101001010
010010010
000101010
10101010
010101010
100010010010
00100101
100100101
01010100010
010101010
001010010
0010010010
100101010
0101010010
1010101
010101001
0010001010
010101010
101010010
0000100110
010100101
01010101
0101101
01010101
010001010
0001001010
0100101001
10010101
001001010
010101010
010001010
0101010010
100101001
01010101
0101001010
010101010
1001001010
010010010
010100101
100010100
0101010
010101010
001001010
010001010
01010101
10010101
00101010
0010010010
010101010
0101001010
010101001
1010100101
0010101
0110101
0100101010
10010100010
010100101
1000010101
0001001010
010010010
010101
10101010
001010010
001010101
1000101010
0101001010
010101001
100100101
10010101
1100101
01010101
10010101
010101010
100010001010
11001010
1000101010
10100101
010010101
010101010
01111010
010010101
1010101
1010101
0010000101
10101010
00100100010
010101010
0010101010
0101001010
1001010010
00101000100
010101010
0001010010
010010010
0101010101
1001001
0010101001
010100101001
10100101
010010101
0101010
1010010010
0100101001
100010001
010101010
00101010
1000100101
001000101
100101010
010101001010
010101
01010101
010101010
0010101010
0010100101
101010010
010101010
010101010
1010101010
01101010
1010101
0010101
0010010100
0100101
101000010
010101010
100101000
01010101
001010010
10101010
10001010001
1000001
010010010
010101010
01001010
1010100100
10010001010
00001010010
01010100010
00100001010
010101010
0101010
0010101010
1001010
00101010010
000101010
1000001
01001001
0101010010
0101010010
0010101
10010101
10010101
01010101
010100101
1000010101
010101010
101000010
10100101
010100101
1010101
00100101
00101010
1000101010
0100100010
00101010
1000010101
1000100101
0101010
001000010
0101001010
00000101010
0010101
010101001
10010101
0010101
010101010
10101010
1010100010
0100010010
0001001010
01011010
0101001
1001010
101001010
100101010
010101010
10101010
0010100110
10100101
010101010
0100001010
10010101
10101001
0101001010
01001010
101001010
0100101010
101001010
10011010
01001000010
100001010
0101010010
01001010
01010100101
01000101
100101001
01010101
0100101011
010100110
1001010100
10101001
101001010
0010101010
1001010010
00100101010
01001010
10100101010
01010101
0101001
1001000010
001010010
01001010
010101010
10010101
00100101
0110111
100100101
100101010
010101010
010010101
0101010101
01001101
010100101
0010001010
1000101010
0100100010
01001001010
010001001
101000101
10101010
1001010
0010010100
10100101
01001010010
0101001010
01010101
010101001
00101001
010101001
01001010010
010001010
01000101
10100101
010101010
010101010
01010101
01010101
0101001010
00010100010
00101001
01010101
0101001010
0101001010
0010101
000010100
0100011010
101010010
01010101
001010101
0100101010
0101000010
0101001010
010101010
010010101
01010100101
00010101010
010101010
100100101
001010101
010101010
0101000010
100100101
01010010001
0101010
10010101
010100010
100101010
001010100
010101
10010101
01010101
01010101010
010101010
01001010010
01010010
1000101
010101001
0101010010
010101010
1001000010
101001010
01010101
010100001
0100101
10100101
001010010010
100010010
01010101
001010101
01100101001
1001000101
01010101
1010101
101001000010
0101001010
10010101
0101001000
1001000010
1010000010
0101010101
10010101
100100100
000100101
01010101
0010101
0010101010
001001010
10101010010
01000001010
01001010
10010001010
00101001010
10101010
01000101
0010010101
0100101010
100101010
00110101
1001010001
001011
01010101
010101010
010101010
010101010
01001010
10100010
01101010
01010101
10010001
010110010
0110010010
00100101
101000101
001001010
100101010
0010001010
010001010
01010001010
0010001010
010101010
010101010
01010101
1001101
011001010
10101010
010001010
010101010
010011010010
0101001010
010101010
010101010
0010101010
010101010
010101010
010101010
01010101
010101
0101001010
00101010010
01010001
001010101
010001010
01001001010
01010101
00100101
01010101
0010010101
010101001
01010101
0100101
0100100001
010001010
0101001010
10010001010
010101010
00100101
010010101
0110101
010010101
01010010
10101001001
001010010
1010100010
01010101
01010010
0100101001
1100101
01010010
010010010
010101010
0010100010
0101001010
01010010010
0100010101
01010101
0100010101
010100101
100101010
0101010010
00101001010
010101010
0100101010
100010010010
010101010
001001010
0100101010
100101010
010101010
00101010
10010101
0010101
101010010
101010
101001010
10001010
0010101010
011001010
0100010101
0101001001
010101010
1001001010
100100101
0110101
001010101
01101001
010101010
101001010
1001001010
0101010010
10101010
10010010
1010101
010010101
010010110
0100101010
01010101
001000101
010001010
001001010
0010001010
01010010
010101010
1001001010
1001101
0100100101
01001010
010101010
010001010
0101010010
10011010
010101010
00100101010
1001010010
00101010
001001010
010101010
01011010
010101001
010001001
001010100
010010101
00110101
100010101
0010101010
010001010
1001010001
01010101
10010101
0110101
10010101
01010101
00101010
100101010
00101010
01010010
0100001001
1001000101
0010101
010100101
01010101
010100001
01001001
01001001
1010001010
011001010
1001001010
101001010
10100101001
01001011
100010101
0100101
0101010010
100100010
010101010
01010010
0001010010
0101010
010101010
10101010
10101010
010101010
01010101
01010101
0101001010
0101010
010100010010
000101010010
00100001010
0101010010
010101010
10010100010
010101010
01001010
100010010
010010010
0010010100
010101010
010010110
1010101010
010011010
001010010
1010010010
010010010
010101000
10010101
10011010
01010101
100101010
0101010010
01010010010
01010101010
01010101
01010101
010101010
00101010010
01101010
001001010
010100101
0100100001
0100100100
010010010
10010101
00101000100
100101010
10010010010
0010101
010001001
00100101010
10101010
010001010
100101010
001001010
001001010
00010101010
100101010
0100101010
10101010
0101001010
010101010
0100101
00100101
10101010
010001010
01001010
0100101010
10010101
001010101
1000001010
100101010
1010101
10010101
0100101
01010101
0001001010
011010
01001010
010101010
0100101010
1010010
0101010001
10100001
00101010
0100101010
101010001
010001001
10010101
1001010101
01010101
0101010
0101010
10101010
01010101
0100101000
001001010
0010101010
10101010
01101010
010010101
010100101
1010010001
010101001
001010101
010101001
0101010001
10101001
010010101
1010011001
001001010
100011001
1010100010
010101010
100101010
010101010
000011010
10100101010
010010010
100101010
100100101
1000100101
0001010010
10010100010
010100101
01011001
010100101
01010101
010101010
00010010
00101010001
010100001
010101010
010010110
1001010
0100100010
101010010
00101010
0101010101
010100101
01010101
01001001
1010101
10100101
0101010010
100001010
01010101
1010010100
01010101
0010101001
0101010010
101001010
1011001
010101001
001001010
1001010010
10100100
100010101
01001010
010011010
0100101010
001101010
10101010
010101010
0000101010
00101010
0101001010
010010101010
001010100010
01011010
0100010010
0101010100
10001001010
000101010
010010101
01010011
10101001
0101010
010101010
010101010
10010010
010001010
010101010
010101010
0010110010
010101010
100101010
010101010
1010010
10101010
010101001
010010101
010100101
0100101001
000101010010
10100010
00100101
101011
10101010
0101001010
000010010
00001010
101000010
01010100010
101010010
01001101
10010010010
0010101010
100100101
001010101
0100000101
10010101
101001010
101010010
001001010
10101010010
010101010
010101001
010010101
10100000
1001001010
010101010
010011010
101010010
10010101
010110011
010101010
100110010
0010101
01010101
101010010
010101010
1010101010
010101010
10101010
01001010010
0110101
0110101
00101001010
10101010
1010101
1001010101
101010110
01010001010
1010101
10100101
010101010
01000001010
00100101010
010001010
010010101
01010101
0101010010
1010100010
1010101
010010001
01010010
010101010
0100110010
010101010
100100101
10100101
1010101
1010010
01001010
0100101010
00101010
1001010
00101010
1001010
10010010010
10101010
101010010
010101010
1010101
101010001
01010101
01100101
10001010
1010100010
0010010101
01011001
0100101010
01001010010
0010010010
010101010
101010010
01001010010
00100001010
0101001010
1010101
01010101
0100101010
0100101010
10101010
00100101010
010101010
100101010
10010101
01010101
001010010
100001010
1000101010
01010010
10010001010
001011010
0010101010
10100100010
01010101
010100101
00010010
00100101010
1010101
01010101
0100101010
001001010
0100101010
10001010
0100101010
011001010
001010010
00101001010
0010100010
100101010
010101010
101010010
010101010
010011010
10010001010
001001010
010101010
10101010
010101001
01001010010
10010101
0101010101
10010101
010110101
1001010010
0101010010
101010010010
101001010
01010101
010101001
00100101010
101001010
01010101
01010101
01010101
1010101
01010101
01010101
1000010010010
0010101010
10001010
0100101010
010101010
0100100110
010101010
011001010
001010010
0100101010
01010101
01010101
100001010
0010101
00100001010
01010101
010100101
001000101
0010010010
010101010
10010101
000100101
1000001010
01010100010
010101010
001001010010
00101010
010101010
100100101
1010010101
10101001
01010110
101010101
1010101
01001010
01101010
00101010
010001010
010010010
010101010
010101010
00010001010
1010100010
01101010
1010010
011001010
010101010
0010101010
001001010
01010010010
010101010
01101010
00110101
0101010001
1001000101
101010100
10010101
1010001
010010010
01011010
101001010
0001001010
010100101
01100101
010101010
010101010
010001010
100011010
0100101010
010100010
0010100010
1001010
0100100101
1010101
01010101
10010101
00100100010
0101001010
10010010
001101010
00100010010
010101010
10010001010
001001001010
0100100010010
0101010010
101011001
100010101
010100101
1010001
01010101
0101010
0101010010
1010101010
010110101
101000101
0100101010
01010010
01001010
0010010010
010101010
010101010
0010001010
1000101010
00100101010
1001001010
001010010010
000010101010
1001001010
0010010010
01010101
1001001
010101010
101001010
010101010
1001001010
