001010010
01011010
1000101010
101001010
1010101
0101001001
01010101
01000101
010101010
100100010
10100101010
0101010010
01010101
01010101
010101001
0110101
01010010
1001010010
0010010
01000010
010001010
010011010
010100010
0011010
00101001010
1001000110
101001010
0101010010
0101001
01010101
010100010
010011010
010010010
10101010
10101010
0010101010
10101001
01010101
100101010
010101010
101001010
1001001010
10010100
01010101
10101001
010100101
0101001010
0100101010
01010101
001010001
01001010001
10000101
01011010
010101010
01010101
10101001
100100101
01000101
0100101010
100101010
0101010010
010101010
01010101
010100101
100101010
10101010
10100101
01010101
01010101
001010101
10101010
01001010
0101101
100100101
01010101
01010101
100100101
010101001
010101010
010101010
1010101
1010101
010101010
0000101010
001001010
010100010
1001011
1001110
010101001
01010101
1000101001
1010101
01010001
1001101
1010101
01010101
01010101
10100101
1010101
10100101
10100001
1010101
1010101
01000101
10101010
100101010
10010101
10100101
01010101
01001010
101010010
10100010
10101010
010101010
10101010
100101010
00100101010
010101010
100100101
111100101
01010010
010101010
10010101
001101001
10100101
1010101
0100101010
10100010
0101010110
010101010
01001010
010101010
1010101
101001001
1010101
10100101
10100100
001001010
0101001010
00100101010
001100101
010001010
000010010010
100101010
01001010
010100101
010010101
101010001
01001010
010100110
10001001010
10101010
010110010
00101010
101100010
10101010
00100101
1001101
010101001
01010101
1010101
10010101
010010
01010101
10100101
0101010000
10101010
001001010
100101010
101001010
1010101010
010101010
010101010
0100010010
010101010
010101010
0100101
01010011
100100001
1010101
10001010
101010010
010101010
101010010
100100101
01010101
1001010
01001010
0010010101
1010101
01010101
10100101
0110101
1010101
010101010
100101010
100101010
0010010010
010101010
1010010010
10100101
1010101
101001010
010101010
10100010
10101010
01001010
0101010010
010010101
01010011
011010
0010101
0101010010
0101010010
1001001010
101001010
101010010
00101010
10101010
010101010
0110101
0010101
1010101
1010101
101001010
010101010
1010001010
010010010010
001001010
10101010
0010101010
01001010
10101001
01010101
101010010
010101010
010101010
10010010
010101
001001101
0010011
1010101
1010101
0010101001
0100101001
01011001
01010010
0101001010
101010
1010101
10101010
10101010
10101010
10101010
0110011
10010100
01010101
0010101
10010101
010101001
010101010
010101010
010000010010
0101001010
0010101
0110101
001010101
0100101
0100100101
01001001010
010101010
010101010
001001
1000101
00100110
0010010010
101010101
01010101
00101010
0101001010
000100101
01010101
1001001010
010101010
1010101
0101010101
0010101
1010101
1010101
01010101
01010101
10010101
