010010101
1010101
010101010
010101010
0001101
1010100101
1010101
01010101
0101010010
10100010010
01001010
0101001010
0000101010
0010101010
01010010
0111001010
010100101
0100101001
0101010010
100101010
0101010010
010100010
00101001
01010101
0101010010
0100101010
10101010
010101010
00100101
0101011
10101001
00101101
01010101
00100101
01011000
011010101
10100010101
01010101
01010101
00100101
100100101010
010101010
0101001
010100101
10101010
01001010
010010010
100100101
00101001
0010101
0000100101
0101001
101010010
001001010
1010101010
0100101010
001001001010
1010101010
100100101
100101001
0101001010
0010100010
0101010001
0101001
100101001
001010101
010101010
101001010
01010101
010010101
010100101
0100101
100010101
01001001
001001001010
010101010
010101010
0101000110
1010100010
010101010
1001101010
101010010
001001010
1000101010
0110101
10101001
100101001
01010101
001001001
0101101
001001010
00101010
1010110010
101010010
001001010
01101010
001010010010
0001001010
10101010
01001010
01010101
10100011
0010001010
101001010
010101010
1010001010
0100100010010
101001010
10100100101
0010010101
01010101
010101001
101001010
0101010010
10101010
10001010
101001010
01001010
01101010
10101010
0010101
01010101
010101010
1010100010
0101000101
01010101
0101010
010110010
00101010
010001010
100011010
10100110
0100001010
010101010
010101010
101001000010
010101001
0100101
0101001010
1001010010
100100001
010100101
010010010010
010101010
101000101
01010101
001010010
1000101010
1000010010
010101010
010101010
0101001010
00110010
010101010
0110100101
01100101
011010010
010011010
010101010
001001010
01001010
001010010
10101010010
01001010010
1000101
0010101
100101001
0100011001
101001010
010100101
01000010010
100101010
0010001010
01010100010
0101001010
101011010
1010101
0010101
010101010
010101010
010101010
1000101010
0101001010
01010001010
001010101
100010101
0101010010
1001001010
000101010
10101010
0010101
001000101
010101010
011001010
00100101
10001101
0101001010
1000101010
0101010001
0101011
010010101
0010101001
01000100101
010100100
0101010010
101010010
1011001
01010101
0010101
01010101
010101010
101010010
01010101
01010101
01010101
101001000
010010101
1010101
0101010010
01001010
01100101
0100100101
010101010
00100001010
0101010001
01101001
010101001
101010101
01010101010
1000101010
0100101010
001001010
0010101010
1001010010
01010010
010101010
1010100101
10010101
0101000110
00100101010
1001001010
01010010010
0100101010
10100110
01011001
010010101
1010010101
101001001
0101010101
0101010101
10100101
1010101
0101011
100100101
0100001010
011010010
010101010
01001010
00100101
10110011
010101010
100010010
1001011
01010101
101001010
0101010010
10010010
1001001010
0010101
1001001
01010101
01010101
10001010
0101001010
0101010110
00101010010
100101
00101001
001010010
00100101010
00101010
010101010
10110101
01010101
010100101
01010101
100001010
010010010
0100101
01010101
101001010
00101010
1000101010
010010010
00101001
1010101
100101010
00101010
00101001001
1011011
10110010
010101010
10010101
01010101
100101
010101
10010101
1010101
010010010
010101010
100010110
01010101010
01001001010
0100110010
10101010
10010001010
100001010
1010010010
1000101010
10101000010
10100101
01001001
1000010101
101010010
00101010
010101010
0101101
10100101
1001101
01010001
01010101
01010101
01010101
001010101
00101010
0011001010
010101010
0101010
010101000
10010101
010101001
0100101
1010101
0010101
01001010110
10101010
10010010010
010101010
00010101
10010101
010101010
00100101
101001010
010101010
01010101010
0101001010
101010010
1010010000
01010101
010100001
001010010
1000101010
0001001001
0010010101
0101010010
101010010
001010010
010010010010
10010101
001000101
0101010010
01010010010
1001010110
010101010
0010100010
010101010
01010101
10100101
010101001
010010101
10010101
010010010
0101010010
100101010
101001010
010101010
10101010
010101010
011001010
010101010
1010101
10000100001
01001010
00001001010
1001010
101010010
0101001010
0101010010
001001010
010101010
00010100010
001010010
0100101001
10010101
1010101
0010101
10101010
010010010010
010010101
10100001
0110101
10110101
10101010
1000110010
100100101
01010101
01010101
010100101
0010101
01100101
010101010
1010011010
100100010
100101010
101000101
0101001
00101010
010101010
0101010010
0010001010
01010100010
01010010
01010001010
010011010
0010100010
01010010
0010101
00100101
1010101
1010101
101010010
00100100010
1001010010
010101010
00101101
001010001
00100101
001010101
010110010
010100010
01110101
10100101
010010101
1001001
011001010
1000101010
10101100
01010010010
010101001
0101000101
010101010
010101010
0100100101
01010101
010010101
010100101
10001001010
00101010
1010101
01001001
00101010
0101010
010101010
011001010
010100101
0100101
01001010
0010001010
010101001
01010101
0101001010
010101010
1010010010
001010010
01011010
101010010
010010010
010101010
00010111
01010101
01010101
0101001
1010101
100101001
1010101
0100001001
10100001
10110101
0101001001
01010101
10101010
101010010
010101001
00100101
01010101
10010101
00110101
1000010101
10101010
010101010
0001010010
101011010
010101010
100101010
01101010
01001010
0101101
0101010001
1000101010
010100110
010100101
10010101
01010101
0110101
1001101
0101001
010101010
010101010
00100001
10110101
1010010010
0001010010
1001010
10101010
0010101
10100101
10001010
01100010
01001010
0101010
0101001010
010101010
10100101
0010100101
10101010
10101010
0100000101
1010101
01001001010
01001010010
010010101
01010101
1010101
100010101
001010010
100101010
10101010
0010101010
100010010010
101001010
10101001
01010101
0101010010
101010010
0010101010
001101010
01010101
100010101
0101010010
0100101010
10101010
100100110
10001000010
010101010
010101010
1001001010
0101010010
00100001010
100000101
010101
10101010
01101010
10111010
010001010
0010100101
100010010
1000011010
00101010
00101001010
0101001010
101001010
0100101010
100101010
0100100110
01010101
1010010100
100010101
1010101
101000010
00110010
1001001010
10010010
0101001010
100100010
1001001010
00101010
01001010
010110010
1100101
01001001001
0100101
010010101
01010101
010101
00110010
0101010010
1000101010
100101010
101000
01010101
101010010
010110010
100100101
010011010
0101101
0100101
10110010
1010101
010101010
01101010
010101010
00101010
1001000010
10011010
0100101010
01010010
11010110
01001101
01101010
101001010
101010010
0101010010
1001001010
01011010
0001101
100100101
101010100
0100101010
1010101
010010101
101001010
100101010
0100101010
01010010010
1010001010
01011010
0010101001
01001010
100010101
01010101
1010101
1010101
100001010
1001010010
010101010
010101010
100101010
010101010
01010011
01010101
010101010
0101010010
100101010
01101010
01001010
010110010
0101010010
01001010
010100100
001001001
010100010
010010010
10100101
1010101
000101010
01001001010
010010101
01010101
100100101010
010101010
010010010
1010001
1010101
1010110
0100101010
100011010
0101010010
101010010
001101010
1010000010
10010101
100010101
1010101
101000101
0100101010
010101010
010101
010100101
101000101
0010101
01010010
00001010
01010101
10010010
001001010
1001001010
01010110
0010100101
0101011
01010101
10101010
010101010
0101001010
0010100010
10100101
010010101
0101001010
10101010
010101010
1001001010
10101010
101001010
010101010
010101010
0010001010
010101010
10000001001
0101101
01001010
00101010
0100101010
0101001010
001010010
10101010
10100101
0100101
001010010
00101010
0100101001
01010101
10100001
010100101
101010101
010100101
10101001
01010101
0100101010
101010010
010101010
010101010
1010101
01010101
010101010
1001000010
0001010010
101010010
01010101
10010101
010101001
010010101
0110101
001010101
10101010
010101010
010010101
01001011
01001010
0010101010
010101010
0101010010
0101010010
10101010
1000101010
0001101010
001010101
010100101
01010010010
0100101010
01010101
0110101
0110101
100010101
01010101
0101010
001001010
01010010
01010101
100100101
01010101
1010101
010101
100010101
101001010
010101010
1010100010
0100101001
10010010
010110010
010101001
01010101
10011001
01010111
001001010
0101000010
00100100100
1001010100
001001010
00101010
010101010
1001001010
010101
010010101
01010101
1000101
10010101
00101001
01010101
1010101
1010010010
010101010
0010101
01100101
101001010
1000101010
10100101
1010101
0101001010
0010001010
1011010010
0101001010
0010101010
01001101010
0010101010
00101010
010010101
01100101
10010101
10101001
1000101010
10001010
001010010
101010010
001010010
01001010
010010101
1010101
1010010010
010101010
010101010
100101010
1010101
10100101
101001001
10101010
01001001010
10100010
010100010
1010101
0100101010
01101010
01010101
0010101
01010101
010101
01010101
10010101
010101010
10010101
10101010
100101010
10001001
1010101
11010101
0010001001
011001010
0100101010
01011001
01010011
0010100101
101010101
00101000010
0101001010
10101010
01010101
10010101
10100101
0010101
10010101
101001010
1001000010
010101010
0001010010
1010101
10010101
101001010
0101010100
10101010
0010100010
101010010
0101001010
10101010100
01001010
10101010
010100010
01010101010
010010010
010100101
10010101
001001001
00101001
0010100010
011001010
00010101010
10101010
101010010
101010010
10101010
0010001010
001010010
101001010
1010101
0010101
0100101010
011001010
01010101
10101001
10101010
010010110
010100110
010101010
10000101
0110101
0101010010
010010010
010101010
0101010010
1010101
010100101
0101010010
01001010010
10101001
010110001
10001010
0100100110
101010010
0110101010
1010101
010100101
101010010
0101010010
1010101
01010101
100101000
1001010010
10100101
1010101
1001001010
101001010
010100101
001000101
01010101
010010101
100100101
10001010101
010101010
00101010
01010101
01010101
0110010010
010100010
0101101
10100101
010101010
010101010
01010101
1010010
0010010101
0101001
1010101
010100101
0010100010
010101010
010101010
10101010
1010101
01010101
001010101
01010101
00101010
011010010
010101010
0101001010
010010101
100010101
0101000010
00100101010
101010100
010100101
0101001010
10010010010
100101010
101010010
10100101
01010101
10101001
00101101
100100100
00100101
001010101
1010101
1000101010
1000010010
10101010
011010010
010011010
1000101010
010101010
010011010
10101001
010101001
010101001
01011001
0010101
1010010001
100101010
0100101010
000101010
01001100010
01010101
1010101
1010101
010100101
010100101
101101010
01011001
100100101
01011010
100001010
100010101
01010101
0101010010
0101001010
000101001
0100101
101001001010
01001010
10010101
1010010
01010101
01010101
01010101
0101010001
001001001010
0010010010
10001010
010101010
00101101
0100101
10010101
01011010
001010101
00100101
00110101
01010101
101010010
11010010
0010101
0110101
1010010010
0101001010
00101101
0110101
101001010
010101010
10010101
1010101
010101010
010100110
10001001
0101001001
1010110
01001101
100100101
01010101
01010101
00100101001
01010011
010101
01101001
1010101
00101010
0101010
10100101
0010101
0101001010
00101010
0100101010
10001010
00000101010
0010001010
01010101
0010101
010101010
0100100010
10010101
01010101
01001010010
0100010010
010001010
010101010
100101010
01001010
001001010
010101010
010101010
100101010
01010101
01010101
1000101
01010101
00101010
1000101010
01001010
10101010
0100101010
1010100010
100101010
10100100010
10101010
010101010
1001001010
010101010
10010010
101010
1010100010
001010010
0101010
10101010
101011010
01010100
0101010
0101001010
010101010
0101001
010101010
00100101010
10101
10010101
100101010
01001001010
10100010
010101010
10101010
101010010
01010001010
010101010
01010101010
1001001
0101001010
101000010
101001
010010101
10101001
1010101
0101010
1001010100
00101000100
0101010
10101010
10100100
10010101
001000010
1010101
100100101
01010010
01010010
10001010010
100101010
10010010
001001010
1000101010
0101010
01010010
1010100100
1001010010
010110
010101010
1000101010
01001010
0101010
010100101
10001000101
0101001
01010101
0100101
100101
1000101
0101001
0010101001
1010010
0100101101
0101001
1010101
0010101
010010101
010101001
00010101
100010101
01010101
10101001
010101010
0100100010
0101010010
01001010010
1001010100
1010100101
010100101
01101010
1010101
0100101
010101001
010010101
1010101
00110001
101001010
010101010
00101010
010110010
0101001010
0101001010
010101001
010100101
010010010
0100101010
101010101
1001101
10101010
10010010
1010101
010100101
100101010010
010101010
101001010
00101010
101001010
0100101001
010100101
01010101
0100101
01010101
1000101010
0101010010
0101010010
10101010
01010101
010101
10001010010
101010010
1010101
1000101000
100101010
010101010
100101010
010101010
1001001
0101001
1010101
10100101
0101010010
00001001010
10101010
10101010
011001010
001010010
010101010
010101010
10010101
01010101
0110010
10001010
010101001
10101001
0010010101
010010101
001101
0101001
1010100101
001010101
0101001010
0101010
0101001010
0101010010
0101010
01101010
0100101
0010101
0101010
010101010
00101010
1001000010
010010101
01000101
01010101
0100101
010101010
0100101010
1010101
01010101
10101001
01010101
0101010010
0100101010
01010101
01000101
101001010
0100101010
10001010010
001001010
01010100010
0101010010
10010101
01010101
100010101
0100101
010101010
010101010
0010101
0110101
0101001010
0101001010
010101010
0010010010
010100101
10100101
1001001
00101001
01010101
01010101
010101010
10101010
010100101
00110001
1001010
10101010
010101010
1001010010
01010101
1010101
101010010
10101010
0110101
01011001
010101010
0101010
0100101010
010101010
011010010
010101010
0101001010
10001000110
1010101
0100110
0010001001
0010101
000101010
10101010
010101
01010101
011101010
01101010
01010010
1000101010
0101001
1010101
01001001
01001001
1010101
10100101
010101010
10100100010
01010001
010100101
100101001
01010101
0010100010
010101010
001001010010
000101010
1010101
01010101
010101010
010101010
1001001010
010010010
0010010010
0100101010
1010101
00100101
010101001010
100101010
00001010000
010011010
010101010
01011000010
010101010
010101010
001001010
01101010
100101010
00010101010
101010010
1000101010
001000101
010101010
010101010
001001010
0100101010
100101010
00100101010
010101010
0101010010
10101010
00101010
01001010
010101001
1010101
00101010
1001000010
0101010010
0010010010
1010101
010100101
10101010
00001010010
000010101
0011001
01010010
010101010
0010001010
1010101
0010101
0010001010
0101010010
10100101
1010101
10101010
0100101010
0010000101
000010101
0010100110
0101001010
010100101
010101001
100010101
1010001
10010101
100000101
10101010
10101010
101001010
10101010
00101001010
00101010
010101010
010101010
1010101
100100101
10101010
001001010
001101010
001101010
0100001010
00001001010
00100101
101001001
0010101
100010101
1000001010
010101010
00110101
10100101
0101001
100101001
10010101
01001010
011001010
010101010
10101010
010010010
010101
010100101
01010101
0110101
010101010
01101010
10100101
0000100101
10010100010
100101010
010101010
0101010010
00101010
1010101
01001101
00010101010
010101010
001001010
0101010010
10000101010
10000101010
0101010
100101010
10100101
100101001
1010101
010011001
1001010010
010101010
100001010
01010010
1010101
1001101
01011001
010101001
0010101
0010101
010100010
00100100010
101010001
001010101
10010100
1010101
00101010010
1001010010
1010101
01010101
0011010101
1000101
1000010101
00101010
00101010
001001010
10010101
0101001
01010010
0101000010
011010001
1010101
10101010
0101001010
010100101
010010101
010101010
00101001010
01001010010
0101010010
100101010
100101010
10100110
01010101
00100100101
01010101
010101010010
10101010
10101010
010101010
010100001
010101001
100001001
01001001
0101001010
01001010
10000010
01010010
00101010
01001010
10101010
100101010
101001010
10101010
0110100101
001001001
00100010101
10010101
0101001001
00100101
1010101
1010101
001000101010
01011010
10010101
001000101
1010101
10010101
10011001
010101001
1010010010
0101001010
001001001000
1001010110
1010101
100101010
100101010
0100101010
010101010
10101010
0010101010
1010001010
1010101
10100100001
100010101
0100101001
10010101
0000101001
00100001010
010101010
1010101
01010101
01010101
1010101
010101001
01001001
01001010010
010010010
0101010010
0101010010
0010001010
010101010
01010101
01010111
010101000
0010101
001010010
00010101010
010101010
0100101010
10010001001
001010101
10101010010
10010010
10010101
0010010101
1010101
00100101
00010101
0101011
0101001010
010101010
10101010
0101010010
1001000010
001010010
1001010010
0010101010
1010101
101100101
1001101
10100101
1010101
10010101
01010101
01010101
00101000101
1010101
0101001001
100100001
0101010010
1010001010
1010001
001010101
1000001010
010101010
1000101
010101001
00100100010
010101010
1010101
10100101
0101001010
1000010010
01010011
01010101
010101001
1010101
01010101
1011001
010101010
100101010
0101010010
101001010
1010001010
01010001010
01010100
01001010
010101010
10100110
10001010
001010010
1010101
010010101
101010101
1010101
001010101
100101101
100101010
1010010010
01010101
10010101
01010101
01010101
10101010
0101001010
10010010
0000101010
01010101
10100001
0001010010
010101010
101001010
10100010
010101010
101001010
010100101
010100101
1010101010
101001010
0000001010
01101010
101010010
10100010010
00101010
10101010
010101010
1010001010
001001001
1000101
10010101
10010101
100001010
10000010100
11001010
1001001010
01001010
0101010
0101001
10011001
01010101
0101010101
001010010
001001010
100101001
10100101
001001010010
01011010
010110010
0010101010
0010101010
00101010
0100101
1010101
1000101
010101001
0101010010
010101010
00010101
010010101
011001010
000010000010
1000101010
10001001010
010110010
0101010010
00101001
100101001
100010101
10101001
01010101
01001001
1010101
1010101
000101010
0010101010
10010010
01010101010
010101
01010101
10010101
0100101
01010110
010101010
00100101
011011
100010101
010010101
10010101
010001101
100101010
01010101010
0100101010
01001010
10100110
01010001010
01010101
01010101
1000100101
01010101
00000100010
0010100010
0010101
0010101001
001010101
0010101
1000101
010101001
100010101
1011101
0101001010
100011010
10100001
10100011
01010101
101001
10010101
01100101
00101001010
010101010
10101010
00100101
100101010
010101010
01010101
010100101
010101
010100101
1010101
10101001
001001010
1001001010
1010100001
01010001
0010101010
001001010
1010111
01010101
01010101
01010101
100100010
100101010
01010100010
101001010
01001001010
1001001010
