001001010
10101010010
100101010
00101010
001001010
0001010010
00101010
010101010
01010101
01010100100
10101010
010101010
010101010
01010010010
10001010010
0101010010
010101010
010101010
00101010
01001001010
10010001010
01010010
010101010
100100110
001010101
000101001001
0100101010
0101010
10010101
1011001
0101010010
10101010010
10010001010
00101001010
010101010
10000101010
100101010
100101010
010101010
01000101010
100010101
010100101
10010101010
100010100010
01001001010
010101010
01001011
00101001001
10101010
100001011010
00101001010
0010101010
10101010
0010101010
0010100010
10101010
0100101010
010010010
1010101010
1000110101
10010010010
0101001010
100101010
0101010010
010101010
0101010010
00101010
100101010
01001001010
00100101010
100101010
001001001010
100001001000010
0101001010
00000100101
001100101
0010101010
010101010
0100010101
010100101
01010101010
0101101010
01100101
010100101
010101010
10100101010
0101001010
100101010
01001001010
0010101010
010100101
00101001
1001001001
10010101
0100101010
01010010
01010101
1000100101
01011010
0101001010
10101001
1001001010
010101010
100101010
010101010
0100101010
10100101
101010101
0101001
100100101
010101010
010101010
01001010
001010010010
0101001010
0001010001010
0001010010
01001001010
0010001001010
0101001010
01010101010
010100101
010001010
0010001010
1001001001010
01001010
010101010
0100101010
1000101010
1010010
100110010
00010010010
001010101
0100010101
10101010
0010101010
0100101010
10101010
10010001010
01000110
0100100100010
001010010
01001001010
0010101010
10010010101
00101001001
0101001010
0010010010
0101010101
01010101
01011010
0100010010
100110101
10100101
100001000010010
00101010
01010101
01010101
001010101
1010101
0010100010
0101010010010
010101010010
0100101010
10001001010
0010010001010
0100100101
1010101
0100101010
0010001010
0010010101
0101010100
0100010101
01010101
01010101
001001001
0010010100
0101000001
00101001010
0100101010
00101001010
10101010
100101010
100101010
1001010001
10000101
0100101010
1001010010
100001010
001001010
010101010
01001001010
101000010010
1000011010
010100101
0101010101
0100011010
001001001010
0101010101
001101
01010101
10101001
00101010
100010100010
00101010
001010010
100101010
001010010
001001010010
010010010
001001010
001001010
0101010010
010101010
0100001010
10001001010
001001001
10010101
1010101
100000101
00101010
1001001010
0100101010
010101010
00101010
100010100010
01001001010
00101010010
0010100010010
00100001010
01101010
00101001010
1000101
01010101
010101010
010101010
010100101
01010001001
0101001010
0010100101010
001000100101
110100101
010101010
10101010
01001010010
0010101010
00101001
0010010101
0010010010
101001010
01001001
1000100101
0010101010
10101010
10100101
0010000101
001001010010
001001010
01001001010
001010010
0101010101
10100001001
0101001010
01000101010
0101010010
010101010
01100101
0010101
0010101010
01101010
0101010010
101001010
0101001010
10100001010
011010010
0010101010
10101010
010101010
10100001010
00101001010
1001001010
010101010
10010100010
010010010
00101010010
0101001010
0010101001
1001001001
010101010
0101010010
1010101
010010101
001010010
001000010
00100101
1000101001
01001010
00101010
10100010101
10101001
01101001
1100101001
010010010
0100101010
10100001010
101010010
10010101
0001010101
0010101010
01010101010
0101001001
010010101
000001010010
01001010010
0101001010
1000100010
1001001010
01010010
001101010
010101010
01001001010
01010001010
011010101
010101001
100100101
00110101
0101001010
0101001010
0101001010
00100100010
000101010
010101010
10100000010
01010100010
1001001010010
0010101
000110101
01010101
010100101
01010101
1010100100
00101010001
001010010
010001010
01010010010
01010010010
0101010010
0101001010
01010010
1001001010
01101010
010010010010
10001010101
10100101
0010001001
010011001
00010010010
101001010
000101010
010100100
01001001
101001001
00101010
10101010
100010010001
0101010101
010010101
0101010100
0100010010
0101001010
101010010
1010010010
0100010010
0100101010
010101010
0101001010
101010010
00101001010
1001001010
0101001010
100101010
01011010
0101001010
1010001010
100101010
010101010
010011010
1000101010
011001010
101001010
101000101
010010101
100010100
10001010010
0010010010
00101010
0010100101010
101010010
0100101010
1001010010
010101001
010101001
010101010
1001001010
10000010010
0001001010
00010100101
1011001001
0110101
10010101
01010101
0010100101
10100101
01010010
0000101010
0010100110
001010010
100101010
0101010001010
10001010
00110101
010010101
01001010010
0100101010
10100101
10000101
01000010
1001000010
0000010101010
101001010
10101010
010101010
1010010100
01010101
0101010101
1000100101
0101010010
0101001010
100101010
10101010
10000101
0101101
101001010
10001010010
00101010
100100101010
0101001010
001010010
010101010
01001010010
0101001010
00101010
10101010
0010101010
010010101
010010101
1000100110
000110010
0101001010
00101010
00010101010
0101010010
10001010101
01001010101
010010101
01011001
1010010001
100101000
01001001010
0010101010
1100101010
100101010
01000101010
010101010
10101010
001010010010
0101010010001
0101010101
0010101010
1001000010
10110101
01001010101
00010101010
00101010
1010101
0001010101
01010101
010010101
00101010
0100001010
101001001
010001001
01001001001
01001001010
001010100
0100100101
0101001010
0010001010
10000110110
01010000
00100101
0101010101
01010101
001001001
010110010
1010101
101001001010
100101010
10100101000
1010010
100010101
00101010
10001010010
0010101010
01010010010
00101001010
0100100010
1010010
1010011
01010101
01001010010
010100010010
101000101
010100101
0010010010010
01010010
1001010010
10010010010
0101001010
010101010
00100101010
10100110010
10010101
00101001
10100101010010
01001010010
1010101
0010101
010101001
010100101
001001010
010101010
1001010010
100101010
010010101
010100101
1010001010
1001001010
011001001
0010101
1000101001
101000001
01010101001
010100101
0101010100
010101010
010101010
0101010010
010101001
10010101
10101010
0100101010
0101010101
01100101
100101010
0100101010
101001010
1010101
00101001001
0101001001
010110010
001101010
0100101010
001010010
100001001001
00101001
010101010
01010010
100101010
010101010
0101010101
0100100101
01010010100
01010010101
10101010
1001001010
010101010
0010101010
0101010010
10101010
10010010
000100100010
100010101010
1010101010
1010010010
0010110010
0110110101
010100101
1001001010
10001010
1001010101
10101001
0001001010
010001010
1000001010
0100101010
0010001010
101000101010
10010100010
0100101010
0101001010
010101010
0100101
010010101
0100101010
1010010010
1001010010
1000010010
010101010
10101001010
1010101
01010101
0110101
1001001010
101010010
0010101010
010100101
0101010001
01101001
101010101
0110101
0101001001
100101001
100101001
010101001010
10001001010
0010101010
101010010
100010010010
10100101010
101000101
010101010
101010010
00100101010
010101010
1010101010
1000101010
0010001010
0001010010
10010101010
100010010010
1000101010
0101001001
100100101
010101010
1000001010
10010100101
1000100101
0010010101
01001001
0100101
1000100101
01001010
101010010
10101101
0101101
001010101
01010101
00101010
00100101010
101100110
10100101
0100010101
1010101
00101010100
10101010
01010101
010100101
0010010101
000101000101
010100101
1000100101
0010101000
1000101001
1001010101
01010101
001000101010
0010010010
1000001001010
01001001010
01001011
01010101001
00100010010
10100001010
00100010001010
0010101010
10100101
0100100101
0101010101
10010101
0100101001
1000010101
0010101010
01001001010
0100100101
0100100101
10010100
101100101
01010101
01010101
010101010
0101010010
0100100010010
00100001010
1010010
010010010
010100101
1001010101
10101001010
101001010
10010101
0100100101
0101010010
01011010
01010010
1000101010
10010010010
0010101010
010110010
0101010
101001001
010101001
0010010100
00100101010
0010101010
01010010
0101001010
010100100
1010001010
10101101
1010101010
1000101010
010101010
01010101
0101001001
010101001
0101001001
101001001
010101010
01001010
0010101010
010001010
1010101
010100101
000101001
10010101
0110010010
1001001010
01010101
010010101
101001010
010010010
10010001010
1001001010
10101010
001010010
0100100101
101001101
10101010
0010101010
01010001
01010100
010010101
010011001
0100101010
1000101010
100001010
010010010
01010101
001001001
01001010
010101010
00101010
00101010
1010010
0101001010
0000101010
01000010010
00101010
010101010
1010101
0100100101
1001010010
10101010
00001010010
10101010
0100101010
00101010
010100101
01010101
001001010
10101010
010101010
101001010
0100101010
0101010010
101010010
101001010
010101010
0100101010
1010101
1010100101
01010010
100101010
010101010
0101001010
010101010
101010010
0101010010
010101010
001010010
00100010010
10101010
010001010
00100100101
001010101
0100101010
001001010010
10101010
01000100010
0100100101
1010101
0100101010
00101001010
010101001
0010001010010
01011010
010101010
01010010010
0100101010
101010010
001010010
010011001010
01010010
0010101010
0101010
01010101
01010101
00100100010
010010010010
010101010
0101001010
00101010
1010100010
1001010101
101010101
1001010010
001010010
10100101
001010101
10100101
0010101
010101010
0101010010
10001001001
01010101
0010001001
01010101
100101010
101010100010
001000100010
01010001010
1011000
011001001
100101010
0010101010
10010101010
00101001010
10010010010
011001010
0001010100100
010100101
00101010
0100101010
010101010010
0101001010
0110101
0010101001
100010010
0100101010
001000101
001001010101
010100101
10100101
0010101001010
001010010
00101010
010100110
01001001010
0010010010
10101010
0101010010
100110010
0101001010
01010010
01001010010
010010010010
000101010
101010010
101001010
1001011
10010101
01010101
01001001
10010100101
100100101
01010010
010110010
01010001
01010100001
01001010
010101010
00101010
001001001
0101010010
0101100010
101100101
0101010101
1000100101
01010101
1001010100
010100110
010011010
001001010010
0010101
0011010101
0101010
0110100010
010100101
010101010
01111001
010101
00101000010
10010101010
1010101
0010010101
0101010
010101010
10100010010
0100100010
0011001
001010101
10101010
1010001010
00101010
01001010
0010010100
0100100101
0110101
0010101001
010101010
1000101010
010101010
010101010
0110010
010101010
100101
01100101
01001010
010101010
1010101
010101000
00100101010
0101010010
0110101
010100101
0010100101
1000100101
10101001
01001000101
1001001010
0101001010
00101001
10100101
00100101
01010101001
100100101
0101000101
01001001010
00101010
0101001010
10001001010
010101010
0100100010
01001010010
010011010
10001000101010
0010101010
0101000010
0100101010
010010101
01010101
0100101010
00101001010
0100101010
01010010010
010101010
001010010
10100101
001010101
010101001
0100101
101001010
0010010010
0010101010
1011010
0100010010
00101010
0100100101
010110101
101010100010
10000001010
01001010100
010001010010
1010101010
1010010010
010100101
01010101
1001010010
010101010
001010001
01010101
01010101
1010101
10010100101
00100101001
010010101010
0101010010
010100101
010101001
010010101
10100010100
10010101010
01011001010
00101100010
010101010
0010010101
01001001001
10010001010
010010010010
0101010001010
1000101010
01001010100
0100100101
01010101010
010001010010
0101001001
100101001
001010101
101010101
10010001
10100101
010100101
0100100101
001001001010
1101010010
100101010
0100101010
0010101000010
010101010
10100101
10010101
0100101001
010101001
001001010
1001001010
0011001010
00100101010
0110101
00110101
10010101
010100101
01010101
01010101001
010101010
010101010
1000011010
01001010
100100101
001011001
101001010
010101010
1010000010
010001010
10100101010
100100110
10010101
0101100101
0101001010
001011010
00101010010010
010101010
1001001010
1010101010
0101010
01001010
0100101010
010101010
10101010
01001010010
00101001
10010101
01010101
01010001
010100101
010100101
01010101
1010101
10010100101
00100101001
010101001
01010101
010101101
01010101
01010100
0101101010
010101010
0010101010
0000001001010
01010100101
010100101
0110101
100101010
1000100010
010010010
0100101010
100100101
010101001
0101001010
0110001010
1001101010
010101010
0010101010
1001001010
01011010
01010100010
0101001010
010011010
10100101
010010101
10010101
0100010101
0100101010
01001001010
101001010
010101010
101001010
010101010
0101001010
01010001010
0010100010010
010110010
0101001010
10100101010
10100101
001010101
0101001010
01010001010
1001010001
110010101
0010001010
0110100101
0110010010
010101010010
01010101
0010101
0101010010
1000101010
0101101
10010101
0100101010
100100010010
1100101
00110101
1010101
01010101
010101010
001101010
01010101
010100001
0000101010
0101010010
01010101001
00101101
010101010
0101010010
100101001
01010101
001010010
0101010010
01010010101
001010101
010101010010
1000001010
0100101010
0101010010
1000101001
0101100101
0010010101
01010101
101000010
01010101
10001011010
0010010010
0100101010
10101010
0100110010
010101010
010010101010
10100101010
1010101
001001001
0010010101010
0101001010
101000101
10100010101
0101001010
001010010
10100101
10101001
1000101010
10001001010
01010101
1010000101
010101001
1010101
00101001010
0100101010
01010101
01010001
101000101
01010101
010101010
01001010010
001010101
1010101
001001001
0010101001
001001010
1001001010
00001010010
10101010
0101001010
0010010101010
10101101
0101010001
100100010010
0100101010
100101010
00101010
100101010
01001010010
1010101
010010101
01010101
0100101001
10101001
01010101
01010101010
1001001010
01010101
10101001
10101000010
01001010
00001101001
0010010101001
010101010
001010010
01001010
011010010
1010000101
0100010101
010101001
101010101
101001010
00101010010
0010101001
100010101
001010101
0010101
0100100100
010101010
10101010
00101001010
10100101
1010101
1010010
10100101
0100101010
010010100010
001010010
01010001010
101001010
010101010
0001010101
0010101001
0101100110
10100110
010010101
01010101
100010010010
10001010
01010101
01010010100
11010101
01010101001
0000101010
0101010010
0011001010
1010100010
0100101010
1010101010
0010001010
01001001010
01010110010
10101010
01011010101
00101000101
0010101010
101001001010
101001010
00010010001010
0100101010
010001001010
010101010
10010001010
10101001
0100101
010101010
010101010
01010101
101001001
1010001010
0101001010
0100101010
0101010010
101001010
000010101010
01000101010
0010101010
0101010010
00100101010
00101010
01000101010
001001010010
0101000001010
01010101
01010101000
010100101
01000101000
10001010
01010010010
01010000101
001000101
101010101
010100101
00010100010
0100100010
01010000010
00101010
00101100010
1010010010000
0101001010
10101010
0101001010
0101001010
100101010
0101010
0101101010
01010101010
0100101001
01010101
0100010101010
10010101
001010010
01001010
0101010110
101000100010
0010010101
10010010101
010101001
1010101
1000100101
01000101001
0100101010
010010001010
0101001010
001000101010
1010010010
0101001010
0100100101
001010101
010110101
0010000101
01010101010
0101010010
010101001010
0100101010
10101001
00010100101
010101010
00100101010
01010101
001010101
10010011
010101000
01010100101
10010101
0001000010010
00100010010
0101010010
0010101010
10100101
10101001
01001010101
10000101
0101010010
10101010
000101010010
010101010
10101010
0100101010
10010101
0010011001
0101010010
0010101010
0101001010
0101001001010
1001010011000
101010010
001010100010
0010101010
10000001010
010010010
10010101
001010101
0010101010
010101010
0010101010
001010010
10101010010
10010010010
01000010010
010010001010
100010101
0101010101
10100000101
001001000101
001010101
1001010101
001010100010
00100101010
01001010001010
1000101010
0110010
100101010
001001001000
01010111
01000101010
001001010010
001010010010
01001000010
01010101010
0000010101010
010010101010
0010101001010
100101001
01001010101
100010100101
0010100101
010101010
001010010010
100010101
010101001001
1010101010
1001101010
00101000010
010101010
01010101
0110010101
010101010
100100001010
10011001001
0101001001
100010001010
01100010010
0010101
001010101
100101001001
0101100101
0100101011
000101001
1001001010
100101001010
100100110
01010101010
010101010
1000101010
0010010101010
011010001010
0010100000
010101001001
010010010
010010100010
010101010
010101010
0010101010
01010100010010
010101010
010101010
001001010
0101010010
1001001010
1001010101010
0101001010
01010010
1010101010
01000101010
010100101
10010101
100101001
010101101
001001101
010100101
010101001010
110101010
010010101
101010101
01011010
101000010
1000100101
010010101
0101010010
001010100010
0101001010
0100101010010
010101001
010100101
00101001010
10010101010
0101010101
01001010
01001000101
10000100101
0010010001010
01001010010
010100101
00010010101
10100101001
100010101
001100101
0110010101
01001001010
10101010
100101010001
0100101001
0101010101
1010101
0010100101010
01010100101010
001010101
010101001
00100101010
00101010010
0010101010010
00100101010
0101001010
010101010
0000101010
1000101010
01010101001
100100101
010101010010
1010101
101010101
001010001
001010010101
0100100101
001000101
010101
1010001
010100001
101001010
010101010
10100101010
0100101010
0100100100
000100100100
010101010
0010010010010
010101010
0010100010
001010101
001001000101
01001101001
1001010100
01100010
01011000010
001001100101
00010010100
01001001010
010000101010
00101010011
001001000101
00100101010
101000101
0100101010010
01001010010
100100001010
0100101010
01001011010
010100001010
0100101010
01010001010
10001010010
010010010010
00101001010
01010000101010
01010001010
1001001000010
1010101
0100100101
01001010010
0100101010
00101000010
0010100101010
100010101010
010101010
010001010101010
10001010010
001000100110
0010100101010
01001010
010101010
00100001001
01001010101
01010100101
0101001001
10101001000
1001010010
010100101010
100010010010
101001010
0100101010
0100010101
10010010101
010101001
01010101
01000101001010
10101010
1010000001010
10010001010
00110011001
01010101
10001010001
0100100101
001000010
10100101
0100100100
001010010101
001001010010
0010001101010
010101
1010101001
01010101010
10010101010
10100011
010100101
0101001010
1001010010
0000001010
01001010
10001001010
00101010010010
1001000101
00101010001
10000011001
010100101
010101010
10010100001010
00101011010
10001010100
0010100101
001010101
0100100101
001010100101
010100101
010010101
01000101010
00101010
0010101
001100001
010101001010
10010001010
010010101
1010000100
10101010
010000101
0101010100
0101010010
1010010101
010010101001
0101001010101
001101010
010100101
01010100101
1010101
1010100
001000101010
1001001010
01010010010
00101001010
01010001010
0010001010
10100101
10010101
10100101
10010101
100101010
0101010010
010010010010
01010101010
01001001010
0010101010
001010110
01010010010
010101001
01010101
00001001010
0100101010
010101001
0101001
001001001
01010110101
101001010
00001001010
0100001010
00101001010
100101000101
100100101
010100101010
00101010
01010001001
100010100
0100101010
10010100010
01000001
10000101001
01001001000
0101100101
0101001010
011001010
101001010
0101001010
001010101000010
01001010010
01001100101
010100101
01010101
010101001
00001010100010
0101010010010
0101010101
1001001001
01010100010
01010100110
0100001001010
100001010
010101010
0100101010
10010010010010
10010100010
01001001010
0010101010
01001010010
100101001010
0101010100010
001001001010
010101010
0010101010
010101010
0101010010
1010001010
1000101010
10010101
101000101
010010101
10100100101
010100101
01010010101
1000101001010
00100101010
010100101
010010101
0010100010
000010101010
0100100110
10001001010
000100101010
1000100100010
100101001
010010010101
010101001
001010001001
01010101010
10010010010
010100010100010
01001001010
0010101001
0100010101
010010101
010001001000
1000100101010
1000001001010
0101010101
01100101
010010101
00010101001
010100010101
01010010001
0101010010
010100010010
101010010
0101000110
00101001010
010100100010
0100100101
1010101
010011010
001010010010
1010101
1010101001
010010101
1010010001
01010101010
1000001010010
100010100010
1001001010
010010110
00100101010
10101010001
01101001
010000101010
010101010
10100101001
001010101
0110100101
01010101
0010010101
1000010101
00100010010
1100010010
01011001
001010101
0010100101010
010101001010
101001010
00100010010
001010101
10100100101
0100110100
01001010101
100100101010
1010101010
1010010101
001001010101
0101010101
01001010101
10000101001001
10100100101010
000010101010
0010101010
010100100100
010010101
01001010010
00100101010
000101010010
01010001010
0101010010
10100001010
100110001010
1001010110
01010101010
010101001010
00001001010
001010001010
0101001001010
010100101
010101010101
1010001001
00101010010010
10101001010
10101010101
01010100101
000101001010
01010000010
10000010101
10100100101
01010101
0101001001
100101010
100101010
0100101001010
0101001010
0101001010
0101101010
000100101000
10010100100
100001010
010010100010
010101010
010101010
010010101
100010100
010101001010
010101010
0010100001
0100100101
10100101
1010101
1010101
10100101
001001010101
01001010100
01001010010
10100001010
0010101001
00101010101
010100101
01010010101
00101000101
0011001001
0101010010101
00001010001001
001010101
01010101001
1001001010010
10001000010010
010101001010
00100101010
0010010101
1010010101
0100100101
0110100101
10100101
0101010101
010001010010
10010101010
10011010
010101010
01010101
010100101
0000010001010
010101010
010101010
001010010
00100101010
00101010
010010010101010
0010100001010
001001010010
100100101010
01010010101
01010001010
0010001010010010
01010011010
1001010101
10100101
10010101
01010100101
0101000101010
1001001010
0101010101
100010101
0101100010010
1001000101010
100001010010
0101010010010
10010010101
010010010101
01010101
010010101
010101010
01001001010
01010101
010100101
1010101
0100101001
01001010101
1010101
1010101010
010101010
0000101001
101001010101
11010110010
00101010010
010101010101
1001010100001
01001010
010101010
010101001001
010101001
1001010101
0100100101001
0101010101
01011001
1000100010010
010101001
000010101001
10010100101
0101000101
01010101
01010010010
100010101010
01010010001
010100101
001010010101
000010010101
0100101
01010101
010101010010
10101010
0010101010
010100100
010010101
01001000101
0010101010
1000101010010
010100101010
001010010
0101010010
010100010
0101000101010
0010100010
01001101
10001010101
001001010101
0000101001
010110001010
01010101010
010100101
010100110101
001010101
01001101
010010101010
1001001010
0100100100101
001101000101
0010100101
101000001
010101010101
001000101
010010101000101
01010101
010100101
0101010101
00101001
0100010101
0010100010
100010001010
10010001010
0101001010
101010101
0010101001
0010010001010
1000101010
01010101010
00100001010
000100101010
01010101010
1010000101
01010101
1010101010
0101001010010
01001010
100100101010
001010001010
101001010
010101010100
01010101
00101001
010010101
001010010
010100101010
0010010010010
100010001010
001010101
101001001001
0101001010
1100101010
0011001010
01010101
10001010101
0010000101
10001010101
010010101010
01000101010
1001010010
01101000101
10100100101
0101001010
11001010
0101010010010
10010001010
110010101
1010010101
10010101010
0010100101010
010101011
01010010101
10010001010
01010010010
101010101
0011010100
10010100001010
001010010010
0100001010
10010101010
0101010101010
010101001010
10100101
0010101001
0101001010
0100101010
01101001
01010101
01001010101
010010100101
01010101101
001010101
010100001
0101010101
001001010
01010010010
01010101
00100101
0100001010
01011010010
0101001010
000010001010
01010010101
010100101
0010010001010
0100001010
10101001
001001001
100100010010
100101010
1010010101
0100101001001
01001000010
01001001010
1010010101010
01000101010
001001010010
01001010
10010101
010100101
0010100010
0010010010
001001010
1000100001010
010100101
010010101
10101010
101001010
010010101
100100101
01010101
0010100101
010010101010
00101010
1010101010
010101010010
10000010101
001001001
010010101010
01001010010
0100110010010
1001010
010101010
0101001010
10001010101010
1010010010
010010101
0100101001
100101010
01010101010
01010101
010010101
0101001010
010110010010
1010101
100101001
10101010
01010101010
0010100100010
01010110010
101010010010
0101010010010
010101010
0010010010
0101001010
1010101010
10100101
0000101001
001010101
1010100101
1000101001
10101001
10010010100
01010101
010101010001
0101010101
001010100101
010100100101
110010101
101010101
0100101010
010101010
0101001010
0101001010
10100010010
0100101010
010100101
01010101
1100100101
01010101001
0110101010
010101010
000100001010
00101001010
1010001010001
10101000100
1001010010
010010101010
100100001010
1000001010
0010101001
001010101
100101010
0010101010
01011010
0101011001
01010101
011010011
01001001010
10101001010
10100101
010100101
00101010
1000010010
01000100001
010100101
1001010100
010100101
01010101
1000101
010010010010
0010001010
0100101010
01001001010
0001010010
010101010
01010101
010010101
011101010
0101010010
010101010
0100110010
0001001010
0100101010
00000101010
0101010010
010101010
010101010
00100101010
1000010010
0101010010
0010101010
0010101001
11001001
0100100101
0100100101
001010101
0101010101
010101001
0101000101
00100101
1010010101
10101010
1010010010
0101010001010
01010100010
00100101010
101001010
001010101
01010101
1010101
100100101
0101010010
0101101010
01010101010
1001001010
010101010
0100101010
0100100101010
01010001010
000010101
01001001
0010101010
1010001010
10001010010
101001010
0100100110
1000101010
001010101
0100100101
001010101
101000101
0101001010
0101001010
001010010
0101010
00101010010
0101001010
0101010001010
010010101010
0010001001
010101001
10101010
00010100010
0010101010
01001010010
00100010100
00010100101
1001010010
001001001010
00101001010
0100101010
010100010
01010101010
0101101
01010000101
010100101
001010101001001
0010100101
001001010001001
010101010
1010001010
01010100101
010101001
010101010
10010001010
10001001001001
010010101
1001000001
0010010100
1011010101
011000101
101000101010
1001010010
100101010
11010010
01010101010
1010101010010
0101000101010
0010001010
0100100010
0100101010
01010010010
0100010110
001010101
01010101
1000101010
1001000001010
101010010
0101000010
0000101010
101001010
1010101010
01010101010
001001010
101001010
010100101
010101010
101010101
0010100101
101001101
00110101
01010101010
0101010010
100101001
10100101
0110101
1010101
000010101
1001010000
010101
010100101
0100101010
0101010010
0100101010
000001001010
01010100101
00101101001
001010101
0100100101
0010110010010
010000101010
101001010
001001010
0001010101010
010101010
001010010101
01010101
0010010010
010110101010
10010010
0100101010010
00010101010
0101010010
0100101010
01100110
010101010
0101000110
1000010010
0010010010
100101001
010101
001010100010
0101010010
10100010101
0101010101
00010101010
0100101010
01011010
1010101010
1001010010
01001001010
0101001010
01010101010
010101010
001001010
10001010010
0010101010
0101010010
0101001010
100101001
001010010101
100100101
010010101
0100101010
0101010010
0010101001
01010010001
001001010
1001010010
01010110001
0101010101
10010101001
010010101
10101010010
01001001010
01010101010
01010010010
1010101
0010100101
0100000101010
010011001010
00100110
00100101010
010100101010
0100101010
001001001010
01001010
010010101
01010101
011001010
00100001010
001010101010
1001001010
001010101
0010011010
101010101
10101001001
10010010001
001010101
00101010
010101010
001100101
01001101
0010010010
100001010
00010100110
01001001010
1000101010
0001001010
010101001
01010101
010010101
010010101
0101010010
01001010
0100010101
01001000101
10010101010
010101010
0101010010
10001001010
0010101010
011011001
100010101010
010101010
110100101
01101001
0100011010
100101010
01010100101
010101001
0001001010
0010100010
10010100101
01010101
00001001010
10101010
01010101
010101010101
10100010101001
01010101
01001010
10010100010
01010101
010101001
100010101010
0100101010
10101001010
0011010010
011001010
010101010
0100101010
0010101010
001010100010
00101001010
0101010
101010
11010101
00101011
00101011
10101010
01010101
0100101
010101010
0100001010
10010101010
10100101010
10101000
010010101
10110010
100100010
100100101001
0000101001
01011010
000101010
10101010
0010101010
0101001010
00100101010
0010010010
0101000101
100101010101
001001010
010101001
100000001001
0010101001
001001001
0100101010
00101010110
00101001010
101010101
100100101
1010101
10100101
10001001101
01010101
0101010010
10010001010
010010101
0100101001
010101010100
0010001010
0101001010
1000101001010
10100010100010
001010101010
01010101001
10100010101
01101001
010101001
00010101010
1001001010
0011001001
101001001
0101001010
0101010010
1010010100010
101010010
01000010101
100101001
010101001
010101001
010100101
0010100101
01001001001
1010001101
100110101
1000100101
010001000101
001010100101
0010010010
00101001010
010010010
100101010010
101001010
0101001001
0101000100010
100101010
0001010101
0100100101
010010110
010011001010
00100101010
10101000010
001000010101
10100100101
01001010010001
0101100101
10000010101
0101010
1010000010
010010101010
100010100101
010100101
0010101001010
0101001010
10101011
0100100101
10100101
1000010101
00100101
0101010101
10101010100010
01001001010
0100001010
0101101010
100101000101
101010010
00110101
001010101
0101010010
10101010
1000100101
010001001
01001010
00001001010
10100101010
001000101010
010010010010
1001001001010
001010010
0100101010
0101001010
0100101010
1000101
0101000101
0010101
10101001
0010101001
101000101
0101010010
0101011010
011010010
0100101010010
101001001
0100101001
010010010
010101001010
01001010
100101010
0101010010
0011010010
10101001
010010101
10001001010001
001010101
011010010010
00100101010
0101010010
1000001010
1010010101
100101011
010010100101
10011000101
0101001010
010101010
01010101
10000101001
0100101010
010101010
1010101
001000101
01010010
100011001010
010101010001
00100101
0101010101
100100100
01100101
1010101
110100101
010010101
0010101010010
00001010001010
0100101010
1010010001010
001000101
10101001
0100101010
000010101010
1001000101
00110101
0100100001010
1000101010
010101001
010000101
01000110101
0010100101
01010010101
001010101
0000101010
0101010010
00100101010
00010101010
10000101001
100010101
0101010010
10101010
01001001010
010101010010
1001001010
010101010
0010101010
10100010110
101000110
01001010100
01010010010
10001010010
010010100100
010010101
1000100101010
010110010
0010101010
010101010
00101010101
100010010101
0010001010
1000110010
1000100010
01001000110
010100101001
10101000101
00101001010
10001010010
1010010100
10100101
01100101010
100001001010
00010101001
0101001001
0101001000
10001010100
010100101
00010100101
1001010100010
010001010010
10001101
00100100100
010101010
01010100
0100101010
001001010010
010010101
01010101001
01010101
010110101
010101010
01001010
0010101010001
100010101000
0100101010
0100101010
0101001010
01010010010
010100001010
01010101010
0010100001
1010010101
00000101001
100001001001
00001010010
0101001010
010001010
000101010010
01010101
1001000101
000101010
100101010
1000101010
0101010010
1000101010
000010100010
0101010100
010100101
010110
01010101010
0010101010
01001010010
101010010
00101001010
000101001010
010010010010
00101010101
01010101
010101010
01011010
001010101
01001001
010100101
01010101
010101010
010101010
010101001
0110001001
1010101001
100010101001
10010101010
001001010010
10001010010
101001010
100010010
0101010010
101001010101010
101010101010
00100100010
00100010010
10100101
01010101
00101010010
0101001010
010100100101
010010101
0001010010
1001001010
0010101001
100010010101
1001001010010
001010010010
001010010010
0101010010
010101010
10101010
010101010
000101010
0000100101
010100101
0010010001
100101001
01011001
0101010001
00001010100
0101010101
00101010
000100101010
010000010010
1001010010
100001010001
100010101
10010101010
01010100
01001010010
0101001010
0100101010
010100010
1010101
01010100101
00101010
01001010
010010101
010010101
001010101
101001000101
010101001
0100101001
0101001010
10010001010
0101010010
10100000010
010101001
1001010000001
00100101
010101
0101010010
00101010010
010101010
000010101010
001010100
101000101
1010010110
00010101010
001010101
010101001
00110101
0010100101
010010101
011010101
01000101001
101001001
01010100010
0101010010
010101010
00100101010
001000110
00110101010
0101001010
0101010010
00010101001
101001001
100101010
0100101010
010100110
01010010
10010010101
010101001
0101001001010
100101010
1000100101
01000010101
010001010
100101010
001001010
0010101001010
0100101010
0101001010
010100101
0101001
010101010
001000010
00101010001
0010010100101
1010100010
010101010
010010101
0010010101
01001001010
1001010010
010101010
1001001010
010010010010
101010010010
010010101
00100101001
010101010
0100010010
00001001010
010101010
01010100101
01010101
001001010010
01001010010
010101001010
101001010
1000001010
10100101010
0101010101
0010101
101010010
001010010
0101001010
0100101010
0101010010
1010101010
00101001010
01010010
000101001
100100101
001010100
0100101001
010101001
01010101
1010100010
00010101010
10001001
010010101
0001010101
010010101
01010101
0010101001
001010001010
01000101010
10100100010
010100110
10010100000
0100101010
10100101
01010101
1000101010
10100010
1001000100
01011001001
010101001
010010101
010010101
0101010010
0100101
01010101
0010101
101000101
01001001010
1001001010
000010010
00101010
0100101010
00000101010
00110101
01010010001
0010101010
1001101010
000101010
0101001010
0010100001010
001010010010
01010100010
10100100010
10010101010
0100001010
010101010
01010010
010101010
010001101010
0010010010
010100101010
010101001
01010101
01010101
01010101
101000001
010101001
0101010010
0101001010
01010101
01010101
010011010
10010010010
0010100010
010101010
010101010
10100101010
010100101
1001010101
0000101010010
00100100010
01001001010
0101101010
00100110010
1001010010
100100101
00101000101
0100101001
0100101001
0100001010
0010100010
1010101
010110101
1001001010
001000100001010
010010101
0010101
001001010
100100101010
100010010
010101010
100101010010
10100001010
0110010101
010101
0010100101
100010100
01010101010
0101010010
1001100101
0101010101
10101001
01000101001
0101010001
010101001
100010100010
01001010010
00101001
0101010101
0101000101
1010101
0101001010
01010110010
001010101
01010101001
010100101
0100100101
101101000
001010010
0010010101010
01000101010
010100101
01010101
00101001010
01010010100
1000010101
010011101
01011000010
01001001010
001001000101
0100101
100101001
1001001001
100010100100010
101010010
100010010
001010010
1001001001
00101001
10101010
010101010
10101010
010000101010
001000101010
0100101010
001001001010
01010101010
0100100101
1010101
1010010101
010100101
10100110
01010101010
0100100101
0010100101
10101001
010101
0101001010
10101010
01001001010
00101010
00101001010
01010010010
010101010
0101010010
1001001010
0010101010
010101010
1001010010
10010010
1000101010
01010010010
001001010010
001010001000
10101001000
10010100101
0100101001
0100101010
10101001010
001000101
010110001
0100101010010
001101001010
0001010101
00100101000
0010010101
0010100101
01100010
01001001010
101010010
010101010010
001000100101
10110100
001000101010
010101010
10100101
1010100101
001001001
1001010100
0101001010
0100101010
10100000001
10101001
010001001010
010100001010
0100101010
1001001010
01010101
001010101
0101010101
10001000101
010010101
010100101001
001010101
00001010101
010010101
001010101
01001101
0100101
1001010101001
101000101
0101000010
0010000010010
10101001
1000100101
01010010010
001001010
1011010
10101010010
0101001001
001001001
01010010
1000101010
00100101001
010101010
010101010
10001010100
1010001010
0010010010
101001001
0010110001
010101010
100101010
0101001010
010101010
0101010101
100010101
01010101001
010000101001
01001011
0010010101
010010101
010010100
000101010010
1101010
1010000101010
0100101010
00100101001
01010100001
0100101010
0101001010
01010101
0101011101
001001010
01010010010
101001010010
0101000010
0101010101
10010101
100101010
010000101010010
01001001010
10100101010
10000101010
1001001010
0101001010
010001010
10000010001010
01011000010
10100010010
01001001010
01010101
0101010101
0101001010
1011010
0101001010
00100101010
1001000101
0010101001
01010101
0010010101
001010110
0000010001010
1010101010
01000101010
0100100101
1010100101
0010101010
01010110
01001001010
1000100101010
00100010100
01010101
010101001
010101001
1000101001010
00110100110
010101000010
01001001010
100100101
000100101
10101000101
00101001
0100101001
010010101
1010100001
101000101
000010101
01010100101
01010010010
101001001010
01001001101
010100101
010101010
010101010
0101010101
01010010101
010101010
010101001010
010101010
001001001010
01010101
010010101
0010010101
1010101000
010000101010
010100101010
10101001
0010101001
01001010010
010101010
0001001010
0010011010
010010101010
010101010
01001001010
100101010
0101010101
010101001
01010101
0101000101
010101010
01001001010
1001010000010
010101010
1010101
010010101
000100100010
101010010
0101001010
010010100010
010101010
010101010
0010100101
101001000101
0001010101010
1010001010
001001010
0001010010010
01010101
10010101
010101010
010010100010
1000100110
1000101010
1010010010
001010101010
1001001010
010110001
0010100101
01010110
0100011010
0101001010
01010101
01011001
001001001010
0101010
001000001001010
1000100101010
10010101010
0100101010
0010001010
0001101010
0100101010
010010010
100101010010
0010010001010
0010101010
00000101010
01001101
001010100
10001010
10100010010
10010100101
01010010101
010010101001
010101001
0001001001010
010101010
100101001
010101001
010101010
00101010010
10101010
0101010010
10001100010
00101000100010
010100101010
00100101010
010100100001
010100101
100100101
010100101
00101001010
0101001010
010010101
010110101
010010010010
0000001001010
010010010010
010101010
0010010101
0011010101
0001010001
10010100101
1100010101
01010010101
100010100010
0100100001010
010100101010
01001010010
10100010101
10101010001
000010101
010100010101
010101010
0010001010
0110101
1000101001
000010010010
00100100010
0010000010010
0010001010
10010101
01001010101
00101000010
010010010
01001010010
0101010
000011010
001010010
0100100110
0010001010
01010101
0100101001
1001001010
10101010
0001001010
1010001010
1001001010
1001001010
100101001010
1001001010
0101001010
1000010100010
100100001
0110101
00001000101
0101010001
10010101
00101010001
01010010010
101001010
010001001010
10101010
0010101010
0100110010
0101010100
010100101
01010010010
01010101010
00100001010
0010100001010
010101101001
010001000101
100100000110
011001001010
010010101
00010101001
010101001
1010100101
010101010
0101001010
1001101010
10100110010
001001001010
10100101010
1001010100
00100001
10101001
0010100101
0010110010
0000101010
100101010
01010101010
10100101
010100101
0100101001
01010101
0001010010
101001010
1000100101
00101010001
101010010
0101001010
01010101
010101000
001000101
0110010101
0100100101
011001001
100111010
010101010
0010101010
10001001010
1001010010
0101010010
10101010
10001010
00100101
000010101
01010101
110100101
01001010010
00101001010
000101010
0100010001010
0010100010
01001010
100100101
00000101001
0010101
010010101
10101001011
01010101
010101010
10100010
1010010101
10101001
01010101
0110010101
001010010010
1010010010
10110001010
001010010010
100101010
001010010
10010100110
100101010
010110010
010001001010
10010010010
100010100010
010010101
0101000101
0100100101
00010101
001010001
0100100101
101010010
100100010
010101010
0100101010
010101001
101010101
1010101
101001000
010100101
01010101
0101101
01100101
10100010001
10100101
100100101
0101001
10100101
101010101
001010010
1010001010
010101001
01001001001
10001001010
101001010
1010101
010010101
0101001010
00101010010
010101000010
0100101010
0000101010
1010001010
100101010
0010101010
010001010
0101001010
010100101
010101001
00101010010
010100101
0100100010
0011010010
01010011010
0101010101
1010001010
0101010001010
1010010101
0010101001
010101010
001001010
11001010
010101010
01010101010
0100001010
00100101010
101001001010
010101010
10100010010
001001001010
1011001010
10100101
010111001
0100101010
010101010
10000010010
0010011010
01010101010
01010101010
010100101
001010101
1001010001
010010101
010100101
010100101
100010101
10010101
01010110
010101001011
0101010010
1010001010001
10101001
10010001
01001010010
1010101010
010100101
101001000001
0100101010
101001001010
100001010
100101010010
100010101010
101010010010
01100101
011010101
0010101
010010010001
10000100101
10101010101
00101010001
1001010001
01010101
1010101
01001001010
0101010010
0010101010
01010101010
0101000010
1010010010
101001010
000101010
010101001
001001001
1001001010
010110010010
001010101
0010010001
1010001010
01010010010
0010100101
1000100101
010101010
0010100010010
001010101
00101101
010101010
0101010010
0101001010
00100101010
01000101000010
010010101010
01010101
0101010101
010101010
01001001010
01010101
10100010100
001000101010
0101001001010
0010101010
1010010010010
0101001010
0100101010010
0101010010
0101010010
0001010101
1010101
010010101
010100101
100010010101
10101010101
0010101
001010101
10000101001
010010100100
1010100010010
01001010010
0010001010
0010101010
0010001010
010101010
01010010
100001010100
010101010
010010010
1001000101
010100101
100010010
10101001010
00100101
10100101
00110010101
1001000101
0101010010
001010010010
010011010010
10101010
0100101010
01001010010
1011001010
0100101010
01101010
0010101010
01010101
01010100101
100100001010
01010101010
0100010101
001000100100
0010010010
0101001010
100010101
0101010101
01001001010
0100101010
101000011
1010010101
1001001010
0010101010
010101010
0010010010010
01010101010
010100010010
010101001
01001001001
01001010101
101010101
0101001010
0100101010
1001001010
001010010010
001001010
01001010010
001001010
0100110010010
010101010
101001001010
001001010010
10100101010
010010101
0010010101
10010100101
01100101
1000101010
100010100010
010100100101
010101100101
010101000101
10100010
1010010101
1001000000101
0101001010
0101010
0100101000
010101
0001010010
010001001010
10101001
1010000101
1010101010
10001010101
000101010
0010001010
100010001010
1000101010
0101001010
001001010010
010100100100
010010101010
01010101010
0101010010
100101010
01000101010
10101001001
0010100001010
00101010010
10010001010
0100001010
0101001010
100101010
0100101010
0000001001
100100101
100101
10101000001
001000101010
1001010010
0100101010
10100100010
0100101010
0000010101010
00101010100
00100100010
00100010010
010101010
01010001010
01010101010
100101010
0100101001010
10100101001
01011001
0101010101
100101001
01001010001
0100101000
0101010101010
010101010010
1001001010
101001001010
100101010
10001010010
010110101
001010101
01001010010
0101001010
100010101
01001101
0010101010
0101010010
1010101010
010101010
001011010
001001001010
010010101
01010101
0100101010
00101001010
01001010010010
001001001010
0101010110
01010101010
10010110
010101010
1001001010
1010100101010
0101010010010
0101001010010
00100101
0101010101
0010001010
010101010
10100101010
00101001010
01011001001
01010100100
0101001010
00100010010
010010101
0010100100101
100101011000
10101001
0101001010
010001010
001001010010
0010001010
00010100010
010001001010
011001010
010110010
010011010
100010101010
01010010010
0010101001010
0101001001010
0100101010
00100101001
01001001001
0101001010
010100101010
10010100010010
100101010
101010
010101010
00100100101
10100101
101000100010
010101010
010101010001
0101000101
000101010
1001001010
00101000101000
001000111
001010101
010010101
000101001010
10000101010
10100101
010100100101
0101001010
10100001010
010101010
0000101010
01010101
0101001001
001010100010
01010101010
000101001010
01001001010
01010101010
101010100010
0100101001
0100010101
0010101001010
010101010
