01010101
010101
1010010
0101010010
010101
0110101
01010101
1010101
01010101
0110101
0011010
0101001010
010010010
0010101010
010010010
101001010
00101010
00101010
010101010
10101010
1001001010
001010010
1010101
01010101
1101001
010001001
10001010
0101010
1010101
011000101
001000010
010101010
0101010
00101010
101010010
01010010
010101001
010101001
0010110010
0101010010
010101010
101010
100001010
101001010
010010101
1010101
01100101
0010101
0010101010
10101010
1010101
01010101
000101010
00101010
1001001010
001010010
01010101
1001101
00101010
100011010
01010010
010101010
100001010
001010010
001001010
010101010
01010101
01000101
0110010
010101
10100101
00101001
010101010
10101010
01001010
1011001
1010100
0010101
01001010
101010010
10101010
00101010
10001010
1010101
1010101
01000101
01000101
0100101
10101010
10101010
0101010
010101
1000101010
010110010
01010010
100101010
110010
001001010
01010010
101001010
111010
1000101010
01010101
01010101
0101011
0010101
1001010
010010101
01010010
0010100010
01010101
0110101
0100101
0001101
100101
1001001
1010101
010101
10101010
10101010
00101010
01001010
0101010
0101010
0101101
00010101
1010101
01010100
1010101
001101001
10101010
00101010
0110101
1010001
00101001
01001010
100101010
010101010
10101010
10101010
1010101
01010101
100101010
0100101010
01010101
01010101
01010101
101001
0110101
01011001
01010101
0100011
01001101
0110101
100101
1000101
1010101
01010101
00101010
0101010010
1110010
010101010
011101
0011001
1000011
0110010
