100010
1010010010
10101010
001001010
01010010
1000010010
01010110
10100001
00110101
010101001
100101010
1000101010
00100101
1010101
0100101010
100001010010
10001001010
0101010010
100010100010
0100101010
010101000
10001010
10101010
0101010
10101001010
00101010
0101010010
1001010
101001001010
0101010010
010100001
10010101001
1011010
1001000010
010101
00101001
010010010
0101010
0100100101
0100010101
0101010
10001010
001010101
00100101
01101010
0101001010
1010010
01010001010
10101010
0101001010
01010010
00100101010
10100010
10101010
1000100101
001010101
10101001010
1001101010
010010010
100101001
01001010
00101001010
10110010
001010010
101001010
1001010
00101010
0100101010
010101010
10101010
01010010010
0010101010
1001001010
1010101010
010101010
0100101010
1010101
01010101
1001000101
001010001
0101010010
010101010
010101000010
1000101010
0101010010
1001010010
001010101
101100101
0100101001
01010101001
010010101
01100101
00101001
010010001
101001
01100100101
1000100101
01010101
011001
001001001
010010101010
10101010
10001010010
00101000010
01010110
0010101010
01010101010
001010010
010101010
101001010
00101010010
0010001010
010010010
01101010
101001010
10100010010
01010010
101000010
010100010
01010100010
0000100001010
000101010
0101010
010001010
001010010
1010001010
100101010
010110010
010101010
0000101010
010101010
0101010
010101001
100100100101
0011010
01101010
10101010
0101010
010010101
01010101
0101001010
001001010
10101001010
010101010010
010101001010
100101010
010101010
100101010
001001010
10001010
10101010
0101001010
0100100101
01010101
10101010
0001010010010
0100101010
1010101010
010010110
1000100010
01110101
01010001
001001010
010101010
1110101
0010100101
010010001
0100001
1010010
1001010010
01001001010
0101010
010001101
010100101
10001101
010101001
10010100101
01100101
100100101
1010101
101000010
0011
100101010
100110010
010010101
10101
0100100101
0010101
00100110
0010101010
010010010
10010010
01010101
0001101
010101010
0101010010
0100010101
01001010101
0100101010
00100101010
01010101
010100101
00100101010
1001010
010010101
010010011
101000101
10010101
010101010
001001010
10010010010
010101010
0101010010
0010101010
0101010
101010
1010011
0010101001
0101001010
010010010
01000101010
010101010
01010100
100100110
01001010001
010101
010010101
00100101
10010010010
101001010
01100100101
010010101
01010101
10010101
101000101010
0100101010
01010010
00101010
0000101010
10101001010
0100101001
0010101
010101010
00101010
010101010
010101010
1001010
010010010
01000010010
010101010
010100101
1001101001
1010101010
01010010010
010100101
1010101
010010010010
10101010
01010101
0010101
010100101
10100101
010101010
100001010
011010010
010101010
011010001010
0101010
100101
100101001
001001010
0101010
01101010
010100100010
01101010010
001010010
01010101
1001001
1001001010
10101010
100100100010
01001010
01010101
0101010101
010101001
1010101
1001010010
101010010
10000010010
0100101010
011010010
100101010
0101001001
00101001
0110101
0101010101
0101001010
10101010
01000001
10010101
010100110
00101010
100110
10101010
10010
1000101010
001101
0100101
010100101
010010101
01011001
01010101
0101010
010101010
100101
1001010101
1001010
00101010
101010010
010011010
101010110
00101001010
0010101
010100101
100010101010
010101010
101010010
100101010
01000101
10100101
0101001010
10001001010
1001010010
010001010
0010010101
1010101
010101010
1001010
01010101
01101001
01001010
00101010
10101001
01001101
01011001
1010010101
010101010
0101001010
01101010
100100100
010101010
101001010
0100101010010
00101010
0101
0000101
010101
101000100
00101001
10001001
01001001
00101001
0101001010
10101010
010101010
010101010
10011001
1011001
1010101
010101000
10000101001
0100100101
010100
010010101
10100110
011001010
0100101
101001010
010101010
0101010
01010101010
0110010
0100101
0010010101
00101010
00100101010
01000101
10010101001
10101010
010101
01100101010
01010101010
001001010
0101010
10010101
010100101
0101010
01001010
01100001
0010101001
01100101
010010101
01010010
00101010
111010
100100101010
010101
10100101
01001001001010
00101010
0010001010
001001001010
010010010
0010100110
100101010
010101010
01001010
000100101010
01001010
0010101010
00101100101
0000100101
010010010010
00010100010
01101010
1000100100
01010001010
10000101010
1001001010
1010101010
001001010
01010101010
01100101
1000101
010101010
0101010
00001010010
10010010
010101010
010101010
0101010
00100100010
010101
0101010
0101000101
0010100101
010101
0101010
0101101
10101001
1010010
010101010
010100101
0001010101
1001101010
01011010
1010010001
1010101
0101010
10101010
0100101001
01010101
101010
10010010
01010101
001010101
011010010
10010000100
001000001
10010101001
01010101
101010101
010101
10010101
101001
10001001
101001
11101
010001010
010101010
010101010
10100001010
010010010
010101010
0101010100
100101010
01010101010
10101010
0100100001
100101001
00101001001
1010101
10100101
01001001
10101001
010101
010010010
00100101010
100101010
1001010
0101010
010101010
1000100100
1001010
10100101
010101001
01001010010
10101010
10110100
10100101
0101001010
01001010
00101010
01010010
101010010
00100101010
10010101
01001010101
010101000010
101001010
001010010
01010101
0101010
000101010
1010001010
1000101010
01010010
001001010
0101001010
10101010
0100010101
01010101
0010101010
010010101010
010101
010100100
010101010
10101010
00100101
00100100101
101001010
0010001010
10101010
01101010
10001001010
010101010
0101001010
011010010
010101
1010101
10101000
1001001
011001010
01001010
101001
11010101
10100010
101010
01110101
00100010101
01010110
10100101010
0101001
101101
010101010
0101001010
10010101
0010001
0100110
00101001010
10101001
0100101
0101001010
101010010
1001001010
0101010
01010101
010101001
0101010
10101010
0101010101010
001010010
1001001001
1010011
01010100101
1010010101
010101010
0101101010
0101001010
10101010
10101010
101010010
101010
101010110
00111010
100101010
01001010
1001010
01010110
0101010
0100101010
010101010
0101001010
010101010
0100101010
01010101010
010010101
10100101
0010010010
01001010
01010010
10101010
10001010
1001010101010
