0101000101
010101
10001010
101010010
0101010
10101010
1000101010
10101010
01010101
0100101
01010101
100100101
1010101
1010101
1001010
00101010
01010001
0010100
010101
1000101
1010110
10101010
10101010
10101010
001010101
0101001
10010001
1010101
010101010
10101010
010100101
0110101
001010100
0100101
01010101
010100101
1010101
1010101
01101010
10101010
101001010
10001010
100101010
1001010
01010101
10100101
10101010
10010010
10101010
01000101
1010101
0010101
010101001
1010101
1010101
1010101
1010101
0100101
10101010
10101010
01001001
01010101
10101001
100100101
0010001010
101001010
010101010
10101010
1010101
010010001
0100101
10010101
0100101
100101
010010101
0010101
01010100
101011
010101
01010101
10101010
100101010
0010101
1010101
01010100
1010101
01010101
1010101
1011010
0110010
10101010
0101010
010101
0010001
001101010
010101010
0010101
1010101
1010101
1010101
010101
101001
