010101010
1010010010
0101010010
1001010
10001010
0101010010
010101010
1000101010
10001010
10101010
0010101
010100101
1001010
1010010010
1010110
0100101
0101001010
01001010
1010101
10010101
00100010
10101010
1010010010
01001010
10101001
1010101
010101010
001101010
01000101
10010101
00101010
01010001010
100010101
00100001
0100101
10010101
01010101
0010101
101010
1010100
100100101
010101010
0101001010
010101010
1010101
1010101
0010101
100101
100101
1010101
00100101
01010101
100101
1010101
10101010
00101010
0100101
0100101
0010101
1010101
0110101
0100101
1000101
1010101
1010010
1010101
01001010
010101010
1010101
10010101
01010101
001000101
00101010
100101010
10010101
1010101
001101
0100101001
100101
10101001
010101010
10101010
10010101
1010101
1000101
0101001001
1000101010
0101010
0101001
001010101
10100101
10100101
101101
1010101
1001010010
10101010
0001010100
10100101
010010101
10100101
0010101
1010101
1010101
0100101
1010101
100101
0100101
01010101
100010101
100101
10010010
101001010
01010011
1010101
1010001010
10100010
10100101
1100101
101001010
101001010
101010010
001010010
01010101
01010101
000101010
0101010
10001010
00001010010
001001010
100010010
0101001
10001001
1010101
1010101
10100101
1000101
10101010
10101010
01001010
00101010
00100101
01010101
01001010
10101010
00101010
001010010
1010101
1010101
1001010
001010010
010001010
101001010
0010010010
010101010
1010011
010101
010100101
0100101
10010101
1010101
00100101
1010101
01001010
010101010
1001010
0101001010
1010101
0010101
01001010
01011010
100101010
01011010
1010101
0010101
00101010
10010110
010101010
001001010
10110010
011001010
0100101
0010101
1010101
01010101
10101010
100101010
1010101
1010101
100101
010010101
010101010
10101010
10010101
01010101
001100
011010
10010001
1000101
0101010
010101010
1010101
01010101
00101010
01001010
10101010
01001010
01010010
01001010010
0101010010
10101010
10100101
1010101
1010101
01010101
0101010010
0101001010
10010101
101001
1010101
1010101
0101101
1010101
0100101
001010101
1001001
010101111
0101011
010101
101000101
010101001
01010010
10101010
10101010
11001010
01010101
010010101
100101010
10100110
10101010
01001010
1010101
1010101
10010101
1010101
01010101
0010101
010101010
000101010
1001010
0101010
10101010
101010
00101010
101001010
1010101
01010101
01101010
010010010
010101
10100101
1001010010
1010010
1001010
00001010
010101010
00101010
100101010
00101010
100100101
1010101
00101010100
1000100100
00101010
01001010
10101010
1001010
11001010
10101010
0010101
01010001
1010101
01010100
101001
0100101
0100101
1010101
10101010
0100101010
01010101
1010011
010101
100101
0100101
0101001
1010101
01010101
10010101
100010101
010101
10000101
01010010
0101010
10010010
0101010
000101
1010010
0101010
0101010
00101010
100101010
0110011
1010101
10101010
00101010
1010101
10010101
00101001010
01010010
10001010
010101010
010101010
1011010
010100101
01010101
001001010
00101010
01010101
0100101
10010101
101001
100101010
001001010
1001010
0101010
01010101
1010101
10101010
0101010
0010101
010101001
0100101
1010101
0101010
0100010
010101
0100101
101000
1010101
10100010
01010010
101001010
1001010
01001010
10101010
00101010
00101010
10100101
010101001
010101010
00101010
010101010
00100010
10101010
1001010
1011001
01001001
01010101
001010101
1001001010
010001010
0110101
01010101
0010101
10010101
100100010
10001010
010100101
100101
010101001
01010101
1010101
0101001
10101010
010001010
00101010
01001001010
01010101
010101
0100101010
1010010
00101001
10001001
1010010
000100010
0101001010
00101010
10101010
000101010
0100101
01010101
0010101
1010101
0101010
00101010
01010101
00100101
00101001
10100101
1010101
01010101
10101010
010101010
01010101
10000101
0101101
010010101
10101010
0101001010
010101010
100101010
10001001010
1001001010
101001010
10101010
0101010
1010101
010100101
1001101
010101
00110101
00101001
0101001
10010101
101001
0010000101
1000101
10101010
100101010
1010101
1010101
01010101
0010011
1000101010
101010
0100101
01001001
0101010
0010100010
010101
010010101
010101010
001010010
10101010
01001010
0101010
010101010
00101010
0010010010
101010101
1010101
010100101
010101001
100101010
10001010
101000101
10010001
010100001
0100101
010101
00100101
00100101
100010101
01010101
01010101
010101010
100101010
01010101
010100101
101001010
01100010
10100101
0100101
10101010
0101010
1010010
10101010
01010101
01010101
10000011
01010101
10010100
010101010
010101010
100101010
100101
0010101
1001001010
10101010
01010101
1001001
1010101
010101
10101010
101001010
01010101
1010101
1001010
00101010
100101
1010101
001010101
1010101
10010010
0101001010
100001010
01001010
1010101
01010101
0100101
01010101
1010101
100101
010101010
01001010
0101010
10101010
1010101
0010100
0010101
0010101
10010101
1011101
1010101
1010101
0101010
0101001010
00101010
010101010
0101001
1001001
100101010
010101010
0010000101
01010101
100101010
010101010
01101010
0101001010
10010010
10101010
10101010
10100100
100101010
0101010
0101001
01010101
10101010
10101010
01010101
01010101
1010101
1010110
1000101
010101
01001010
01001010
0010101
0101101
0101101
101101
10101010
0101010
10101010
00101010
1010001
01011001
100101
01101001
1000101
10101010
10101010
010100010
00101010
00101010
01001010
101001010
00101010
100100010
1010101
10010101
1010101
0101101
0100101
100010001
01010101
10100101
100101010
10001010
01010101
0101011
1010101
10010101
0010101
1010101
0010101
1010101
100010
10010101
010010010
100101010
1010010
000101010
1001001010
10101010
100101
0101010
0101010
101001
01001001
1001010
000101010
100010010
0101001010
010011010
10001010
0010101010
101001000010
010101010
10101010
0010100010
0100101
1001001
10010101
1010101
0101010
01010010
0101010
00101010
1010101
01010101
1010101
1010101
010101010
0101010
00101010
00100010
101010
10100101
0101101
010101
010101
0101010
1010101
100010101
010101010
01101010
10010010
10010101
1010001
0100101
01001010
1001010
010101010
00101010
01010110
010101010
00100110
010101010
00101010
0101001010
10100100
100010100
1010101
000100101
10101010
00101010
1010101
010010101
00101010
001001010
100101010
01001010
00100101
010101001
100000101
1010101
101001010
01001010
010101001
01010101
10101010
0101010010
010100101
010100101
1001010
10101010
1010101
100101
1010010100
010101010
010101010
01001010
0101001010
01010010
0101010
010101010
100101
101001
0010101
101000101
1101001
0101001
1010101
00010101
10001010
101001010
01010101
0101011
0100101
010101
10010010
00101010
010101
100101001
0010101
10010101
1010101
01010101
1010101
00100101
00101010
01010010
01010101
1010110
0010101
010101
00101010
0110010
100010001
1000101
01010101
1010101
01010101
010101
10101010
10101010
1010101
0100101
01101001
0110101
0101100
00101010
01010101
010100101
1011001101
0010101
01010101
00100101
01010101
0110011
01010101
1010101
1000101
0101010
00010101
010101
10010010
010101010
01010101
0100101
00101010
01001010
1010101
0010101
00101010
10101010
001001010
00101010
1010101
0100101
1001010
00101010
10101010
0101001010
010100101
1010101
1010101
1110101
1001100
10001010
0100101
01010101
10101010
001000010
01010101
0101001
100100010
00101010
1001010
01010101
0010101
1010101
01001010
10001010
001101
0110101
10100101
01010101
100101
1010101
0101101
00101001
10101
0101001
1010
0100101
01010101
1010101
00101010
00101010
1010101
01010101
00101010
10101010
00101010
00101010
0010101
10010101
1010101
01010101
00101010
10101010
01001010
1001010
0101010
10101010
100101
1010101
1001010
01001010
01010101
10011001
01100101
0010101
1010101
1010101
100001010
1010010
100101
010101
10001010
10101010
1000010010
10101010
10010101
0010101
00100101
10010101
001001010
00101010
1100101
1010101
10101010
01001010
010101010
01001010
10010010
010010101
000101
10100101
10100101
0010101
1000101
01010101
1001010
1010001010
00101010
10101010
101000
0100101
1001010
101010
1011001
10010101
010101
101001
1010010
1001010
10101010
010011010
0101001010
010101010
0101010
101001010
100101
001010101
001010001
1010101
101010
01010101
0101001010
00101010
010101
01010010
100101010
1001010
01100110
101001010
1100101
1000101
10101010
10101010
010101010
01011010
010101010
1001010
1010101
0100101
10101010
10101010
0010101
10101001
10101010
0101010
100101
100101
0101010010
00101010
1010101
10010101
1000101
1010101
101001
10101001
100101
1010001
0010101
0100101
10101010
010001010
100101010
10101010
00101010
0101010
1010101
01011001
00101010
100011010
01100010
1001010
000101010
100010010
1010101
0010101
100101001
000101010
0101010
01001010
010101
10010101
01001010
00101010
1010101
100101
10010101
1000101
1010010
101001010
1010101
010101
10001001
01010101
1001010
001001010
100101010
0100101010
0101010
10101010
100010010
010101010
0010101
100010101
1001010
010101010
