1010101
1010101
10101010
11101010
00101001010
01001010
01001010
010101010
01001100001
01010010
01010101
1000101
100010101
0100010101
010101010
0101010010
1010101
10010101
100101010
01010010010
0101001010
010101010
100101010
10010101010
010101010
0000100110
101010010
010101010
100101010
1001010
100101010
1010001010
0101010010
0101010010
0100101010
010101010
01001010
1010001010
0100100101
01010010
01001001001
10010101
1010000101
0110101
1000001010
01010101010
0010101
1001001001
100001010
0100101010
1000101010
0101000010
00101000010
001000110
1000011010
1000010001010
0101010010
010101010
010010101
01010010101
10001010
1010101
01010010
1010101010
10101010
10101010
1010101
1000010101
00101001
010100101
1000101010
0010101010
01010101010
1001001010
01010010
00001001010
10100101
010010101
01010010
100101010
100101010
10101010
0101010010
1000101010
0101010010
010101010
010100101
001010001
11001010
1010010010
0100100101
010101001
10101001
0100101
10001010
00100101010
0100100101
000010101
10100101
00101000100
101010010
010110010
0101001010
010101010
10010101
1001001
100101010
01010101010
10101001
0101010100
010110010
10010010
100101010
001001010010
1010101010
10101010
0101010010
1000101010
010101010
10101000101
1000101
0100101
10001001010
1100101010
101000101
01010101
0101001010
101010010
0001010101
01001101
001010010
01001010010
00101010
0100101
1010100110
10010010
10010101
100100001
010101010
01001010010
01011001
010100101
01010101
0101010
00010001010
1000101010
0101010010
00010101010
0100100010
010101010
0101010010
0010101010
10101010001
0100101
1010101
00101001
101011
1010101
00110101
0010101
10010101010
010101010
1000101010
010101010
001010010
010010010
1000010010
0101001010
10100101010010
10010100010
010010001010
0101010010
1010010101
010100101
10010010010
001010010
0101101
01001010
10101010
100101010
0101101
0100101
01011010
01101010
1010110
010101010
010101010
0100100010
100000101
00100101
01001001010
01001010
0101001010
01001010
0101000001
010010101
0101001010
1011010
010101010
100101010
00101010
010101010
0101001010
00010101010
101100101
0100010101
1000101
01001001
0010101010
001001010
0100101010
001001010
100101010010
00101010
001010101
001010101
10100100101
01010101
010101010
1010001010
1010101
1010101
01010101010
0101010010
1001010010
001001010
010101010
10001000010
001010010
00101010
1001010101
10100001
10100001
10000101
01010101010
0101001010
0101001010
01010010
01101001
010010101
01001100010
0100101010
010101010
01010010010
010101010
010101010
010010101
01010101
100101010
0100101010
100101010
10000010010
10001010
100101010
010010101
0010101
0101101001
1000101
01101010
010101010
010101
01010101
00100101010
1000101010
0010101
01010101
1010101
00101010
010100101
001010101
001010010
0100100010
011001010
10001010
101010010
100001010
00110010
10010001010
10001010
0101010
000101010
11001010
0100101
10100101
