0100101
1000101
0000101010
01001010
100101
1010101
100010010
01001010
00101001
010100101
0010001010
101001010
01010010
0100101
10101010
0010100010
001001010
0100100010
0110010
0101100
01010101
001010101
1010010
010001010
1000101
10101101
0010010010
10101010
1010101
0100101
0110101
010101001
0010001010
01010010
000101010
00101001010
101001001
010101001
00101010
01010101
10101001
01010101
01010010
010101010
0101001010
001011010
01001001010
001000101010
000100010010
1010010
00101010
0101010
0100101
01010101
010101001
1010101
001010101
010101
00100101
0001011
10100100
01010100
0010101
1010101
011001
10010101
10101
010101001
01010101
0100101001
101010
010100010
1000101010
0000001010
01010101
01010101
00100101
0101011
0101010010
001001010
010101
1010010101
101010
0101010
0100101
1010101
1000101010
010101010
100101001
101010
