010010010
0101010
101001001
01010101
010010010
010101010
010100101
0110110
10010101
010101
10101010
00100101010
00010101001
0100101
10010101
0101001
0100101010
010101010
100001001010
0010101010
101101
1010101
100100010101
10010100100
101010101
010010010101
001010101
00000101
0010101010
0010010010
10100101
01010101
101001010
1001010
1010110
10100101010
0010011
10010101
0011010
1000100101
0010010010
01001010010
0011001000101
10010010001
100101001
0101010101
1010010001
1001000101
100100101
100101010
0010001010
001101010
0100101010
101010010
10001010
101010010
100101001
1010101
10100101
100101001
010101001
100101010101
00101010
1001010010
100101
01010101
001010001
1000100101
10101010
00001001010
0101001010
0001010001010
1000110010
10101010
01000101
100100101
100101001
0010101
10100101
001010000101
1001001
10101001
001001010
01010110
010010010
010111010
00001010010
101001010
001010010
01011010
011000101
01010101
010101010
0101010
01010101
01010101
0010001010
1001000110
1001010010001
1010101
10101010101
0010010010100
10010101
010101
1010101010
100101010
10101010
010101010
01010110
10010101
01001010
010101010
01010010
0101010
100001010
1000101010
100010101
010010101
0110101
101010001
01010101
10100101
1001001001
01010
000101010
10010010
1010010100
0101010001
1000101010
10101010
0011010
00101010
101010101
001010001
00101010001
010010101
00101001010
010100101010
101010110
010101010
001010101
0101010
010101010
00101010
010101010
1000101010
00101010001
100010101
01101001
01010101
001010101
01010101
0010101
0101010
011001001
0010101000001
0101101
1010101
00101010
001010010
0001010010
01010101010
1010001010
100101010
10100001010
100101010
010101
0101001
1010010010
101010010
0100101
1001011
101010000
01010101
011010
10101010
1010100010
010001010
100101010
100101010
1010101
10110101
0010010100101
001001010101
0101
10100101
010010010
1010001010
01001010
010101010
101010101
001010101
1010101
0101010101
100101010
10101010
1001010
1000110010
010101001
100100101
0010101001
01010101
10010101
1010101
100101010
001010100
101010101
10110110
010001010010
10101010
10100101
1010101
100010101
01010101
010100101
010100101
100010101010
1001010010
100101010
00110010
00101010101
101010001
0101010101
01010101
0101000101
01010101
000101010
010101010
00100101
10010101
010101001
101010
010010101
001010101
0100010010
0101000001
10010101
01100101
01001010010
010101010
1000101010
0101010
0010101010
101001010
00001001010
00100100010
01001010
0010101010
001101
0101010101
10001000101
0100100101
100100101
10100101
10000110
010100010
0101010
1010101010
1001010101
01001100101
001010010
0101001010
101001010
1000101010
010101
01010101
010101
1010101
01010100
0010101
01010101
1010101
010101010
0100101010
0101010
10101001
01010101
01010101
100010010010
010010010
0100100010010
1000101010
010101010
01010001010
10101010
101010
