1010101
10100101
01101010
00101001010
0001001010
0100101010
0010100100
01010010001
0101001001
10010101
01010101
010010101
010101010
0101010010
000101010010
01001001010
10010101
0101001001
0101001010
01001001010
010101001
000011001
01101010
0101001010
10010010010
101001010
0100101010
10100101
001010010
010101010
10001010
1000001010
01001010101
01010101
010010010010
0010100010
0101010010
101010010
10101010
101001010
10100101
1010010101
010101
0010010101
01010101
0100100101
001010101
01010101
00110101
010010101
0101010010
0010010101
001011001
101010101
01010101
010100101
0101010010
0100010010
001001010
011001010
001010101001
01010101
010101010
01010010
0101010010
010101010
10001100101
01010100101
0100101010
00100101010
00101010
000101010
010101010
0101010010
01010101
110100001
01010101
010101001
0100101
0010100101
100100100101
0100101010
01001001010
010101010
010100101
10100101
00100100110
01010001010
0001001001010
01001010
010100101
010100101
00010110010
1001001010
010100101
10010101
010001010010
10010011010
0101001010
010101010
001001010
01001001010
001001001010
001010101
010110001
010101001
010100101
10100010
010100101
001010101
001010101
010101001
010101010
0100010010
100101001
010110101
010001001010
010101010
00101001010
01010101010
01001000101
0101001001
001010010
0100100101
001101001
100101001
01100101
001001001000
1010010010
01001010010
0101001010
0101010010
0101001
01010101
010101010010
0001010110
01001010101
001010001
010100101
01010101
10010101
0100100101
01010000010
01001010
0100100010010
001001010
1010101010
10100110
0100101010
1001010010
010101010
101001010
01100101
01010101
101001
0001010101
01010100010
01010101010
0010010010
100010010
01001101
01010101
0101010010
010100101010
010100101
101000001
001001010
100101010
01010010010
101001010
01010101001
0101000101
0101001001
0010101
