11100010
00001001
010101010
00001010
0101001
01010101
1010001
01011001
1000101
01001001
10011001
010010101
101010
010010101
01010101
100010101
101010
01010010
00010100010
010101010
10100010
010101010
10101010
1001010
01010101
01010101
010101010
10001010010
0100010101
01010101
10001001
0101001
10101010
101001010
0101010
1001010
01011010
10010010
010010101
10010101
0101010
0100101010
0010100110
010101010
10100010010
01010001010
1000001010
010001010
10001010
0101001010
01010101
010100101
000101010
0101001010
101010
010010010
001010010
10101010
00001010
0101010
10101010
010101010
001010010
00101010010
010101010
0100001010
010101010
10010010
100101010
01010101010
0101011
10100101
10010010010
010101010
010010101
01010101
1001010010
0101010
1010101
01011001
0010101
0101011
101001010
100101010
01010010
0101010010
1010101
0100101
01001010
01001010
01010101
01010101
100101010
100001010010
01010101
00101001
00101001010
010001010
010001010
0010000010
010101010
00001001010
00101010
0101001010
000101010
001010101010
010010101
010100101
01010101
101010101
1010101
0100101001
00100110
100010100
00101010
01001010010
0010101
1001101
01001001010
0101001010
0010101
010100101
01001001010
01011010
010101010
10101010
001010010
00101010
0100101010
10101010
010101010
1011010
0101010101
0100010101
0100010101
010000101
101001
010001
0100101
01001101
010010101
101011
101100010
0010101010
01100101
01010101
010100101
100010101
010100101
101001
010101010
010101010
1000101
0010010101
01010101
0010101
0101001010
001010010
100010101
100100101
10101010
010101010
1010101
0100101001
0010101
00110101
0101010010
1001001010
010100101
0101101
0101010010
100101010
010101001
10100101
101011
001010101
1010101
010101001
01101010
00100101010
0101010010
10101010
100101010
0100101010
100101001
01010101
00100101
010101001
