10010010
1000101010
0101010
0101010
1010101
10100101
10101001
01011010
1001001010
010010101
010010101
010100101
10010101
010101001
01010101
010010101
0010101010
1000101010
01010101
010101010000
010101010
1001010010
01001001
100100101
01001101
010010101
01001010
100101010
1110101
01010101
01010101
100001001
010110101
0100100101
010110101
1010100001
10010101
0010010101
0100010101
100010101
1010101
10100101
01010101
100010101
010101
01010101
101010010
100101010
01001001010
010011010
100100101
0101001
001001010
10101010
101000110
010101010
1010101
1010001
010100101
0101101
01010101
0001010101
10000010010
10001010
101100010
0001101010
001010001
01010101
10010101
1010101
101010
0101010
101010
000101010
01010101
1000101001
01010101
10010101
010101010
0100010010010
01010101
01010101
01010101
01000101
10100110
100100001
1001001
1010101
11100101
1010101
1010101
010010101
010010101
1100101
1010001001
010100101
01010101
01010101
0010101
010100101
01010101
01010101
010100101
01010101
001010101
01010101
1001010010
011001010
