10101010
010101010
01010101010
101010100
10001001010
1000100010
010101010
0010001010
10101001001
010100101
010101001
01010010101
1010101
01010101
00101010
1010001010
01010101
1010101
0100101
1010010101
0001010010
00100100010
0100010101
10101001
010101010
1000101010
00001001010
0101100010
00010101
10100101
10101010
0101010
1000101001
1010101
010100100
1001001010
0101001001
1010101
00100101010
0010101010
0110101
100010101
010100110
01001010
01010010
0001010010
100101001
0010101
1000101010
01001010
1001010010
010101010
010101010
010101010
001100010010
100101010
001010010
010101010
1010101
10000101
00100101010
10101010
101001001
10100101
01010010
0101010010
010101010
010101010
1010010
0100101010
