01010010010
01010101010
10001001010
0100101010
010101010
1000101010
00101001010
01010101
010010101
010010101
0100010010
100010100010
1001010001
01001001001
010101001
01010101
010101001
0101101001
010100010010
010101010
01101001
010100101
00101101
010010101
010101010
01010100010
001001001010
0101010010
0101001010
01001001010
1001001010
0010101010
010100101
010010101
01010101010
0010101010
010101101
010101
010101
1010010001
0010011001
10101000
1000101001
01010101
1000110010
1000101010
100100101
10100101
0101001001
0101010101
010010010
1010010010
010101001
001010101
1010100101
010100101
01010000101
011010101
100101010
10001010
10000101010
0010101000100
10010101
010101001
1001001010
00101010
001001101
1001010101
001010101
1010101
01010101
010010000101
10001101010
1010100010
100100101
1010101
10101000001
010101001
10001010010
0010101010
0010101
010010101
100010101
10100101
0100101100
010100100101
101001000
010100101
0010100101
01010101
001000101
101000100001
0101010
010101001
1000000101
1011001001
010100101
0100010101
010101010
00101010010
0001010101
1001000101
1010010101
00101001
1001001010
0010101010
100001001
010000101
01000001010
01010101
101001001010
0100101010
1010101001
0100100101
01010101
01010101
0100101000
100100101
10100001001
0100000001
0101001
01010101
0101010010
1010001010
0010101
010100101
0110101
101000101
010101
010010101
1000101
0001010101
100101010
0100100010
10101010
10001010
101001010
10101010
01010101
10100101001
010010101
00101001001
01010010010
101001010
10010001010
100010101010
1010101
10100101
1010101
10101
101010010
10011010
0101001
01010101
00100101
1001010100
010101010
0001001010
10101001
0101010101
10100101
10100101
0010101010
1010010010
01010101
1001010
0100101010
101010010
010101010
0100101010
010101010
001001010
0010010101
010010101
01010101
001010001
010101010
0100101010
10101010
10001010010
1010101
010101001
1010101
101001001
0100100010
010101010
0010101
101010
10100101
00010100100
10010010
0011010010
0010100101
0101001
010010010
00010100010
0010101010
0010010010
01010101
1001001000
10010011
1001001010
0010101
10100101
010010010
00101000010
000010101010
01001010010
010010101
01010101
0100101001
0101001
1010101
010010101
001010101
01001001
01010101
01010101
000101001
01011010
101001000
1000100101
100010101
010100101
100100101
10000100011
00010101
10010101
1010101
100101001
0101001010
0101001010
1001010101
1010010011
1010101
1000101001
0010101001
100000101
00001001001
010101001
100100100101
1001010101
10100101
0101001
0101010101
010010001
0010101
0100100101
00001101
1010000101
1001001101
010101010
00101010010
0100101010
011010100
00100101010
010100101
010101001
100010100
1010101
000010101
010100101
0100110010
010101001010
1010010010
0100100010
00100101
001010101
1010101
1001010101
001000101
001001001
0101010010
01001010010
00101001
010100101
0010100101
0010101001
1010101
01010010100
010100100
01010101
010100101
00101001
010100101
0101001001
00100100101
001010101
1000101001
10101001
00101001
01100101
00100101001
010011001
010101000100010
001010010
0100011010
0101010010
0100101
0100101001
1010100010
010100101
01010101
01001001
010101010001
01010101
10010101
010100101
0100100101
0010100101
01010101
0010100101
0110101
010100101
100101010
100010010010
100100101
01010101
10010010
01011010
0010101010
0101001010
0001010101
01010101
001000101
010100101
010101010
00010101010
00010010101
01101001
10101010
1000101010
01010101
1000100101
01010101
010010101
0010101
100000101
010010101
0101101
10010101
0101001
10101010
01001010
1010101
10101001
0100101010
0101010010
101010010
001001001010
1000101010
001010101
10100101
010100101
10010101
01010101
01010101
010101001
01010101
01010101
10101010
1000101010
01010101
01010101
01010101
01010101
00100000010101
001000101
11001010
0101100100
01100101
1001000101
10010101
0100101
00101010
10101010
00101001
01010010101
01010101
010010101
01010101
01010101
010101001
01100101
1001001
0101011
010100101
100000101
0101001010
0101010010
1010101
0101100101
10100101
0101010101
010101001
010101
0100101
10101001
1010101
01010101
10100101
01001001
01001010010
001011010
000010010
1000101010
0010101
0010100101
100001001
001010001001
100010101
100100101
010010101
01001010101
0010100
0100101010
010101010
0100101010
10001010
00101001010
1010101
010101001
010010100010
010101010
10100101
00100101
01001010
01000101010
01010101
010100100100
0101001001
001010101
1010000010
0100101010
01010101
0010010101001
10100101
100110
10100101
01110101
001010101
100101
00010100101
0010101001
1010101
010010101
10010101
001010101
010101001
01010101
0101001001
1010101
01010101
1000101001
0101010010
010101010
101001010
0100101010
010100101
010101001
1010101
0101001001
1000101
010101001
100010100
01010101
1001010100
01010101
01010101
1010001
01010101
010010101
0101010010
01010101
100101010
1000101010
1010101010
01010010
10100101
1001001001
01100101
01010101
1001010101
10101001
010101
01010101
01101001
01010100001
00101010010
010101010
01010110
01010001010
1010010101
01010101
10101010
0010100001
010100101
01001010011
10010101
0101001
0101001010
01001010010
1010010101
101000101
100100101
010010101
00101001
1010101
01001001010
010010010
010101010010
010101010
010101001
001010101
1010101
0100010101
10001001010
1001010010
010010101
010010011
1010101
010101001
10000101
0101101
01010101010
010101010
01011001
011001001
010101010
010101010
010110010
00101010
10100101
0100100101
101010101
010101001
010101010
1011001010
010100101
101010100
01010101
0010100101
100010101
10000101001
01010101
1010101
1000100101
010101001
1000000101
10100101
01100010101
01010101
01010101
1000101
001001010
101000001010
0100101
1010101
01010101
0101010100
010101001
10100101
1000100101
0101011
101001010
000101010
1010101
0101000101
10101001
0101010101
101001010
0010101010
101001010
10101010
01010101
0100101001
01010101
00101010101
1010100001
0101010
010101001
1001010101
1001010010
0100111010
01010101
010101001
100010101
01010101
01010101
01010101
00101010
010101010
0010101010
0101001010
01010101
0101010010
0100101
01010101
1010101
1000100100
010010101
01010101
0101010010
01010101010
01010101
10100101
011010101
0100100101
010100001010
10100101010
010101001
0101010100
0010010101
00101001001
10010101
0101010101
010100101
101001010
0101001001
010101001
010001010
010101010
0100101001
01000101001
010100101
010100101
011101001
010101001
0101001001
0101011
010100101
01010101
1000101010
101010010
10100101
01010101
1000101010
0101001010
010100101
01010101
01001101
1000101
01010101
01010011
01011010
0100101010
010101001
10100101
0101001
010100101
010100101
0100101
10100010010
0010101010
01010101
01010101
10101010
10101010
00101001
010010101
0101001010
00100101010
0110101
010101001
0101001
01010101
10010101
1010101
010101001
01000101
010101001
01010101
010100101
10101010
10100010
01010100
010010101
01010101
0101001010
010101010
010100101
010010101
010010101
01010011
000101001
100101001
010100101
0101101
0010101010
010101010
000101010
01001010010
1010101
010010101
101010101
010010101
101001001
0100101001
10100001
00001010100
1001010010
01001010
10101001
010101001
0010011
010100101
00101001
0100100101
1001001001
010010101
100010101
01001101
0110101
001001001
001010101010
0100101010
00010010101
1000100101
10010101
01010101
0101011
0101001
1000101010
000110010
0101001001
01010101
10100101
01010101
0101010101
01010101
10100101
010101001
00101010010
0010101010
0101001
010010001
010101001
01010101
001101001
010010101
10001001
0010101001
011000101
100000101
0100101010
000001010
100010011
01100101
010100101
1010101
01010101
0010101000
0001010100
101000100101
01010101
00100101
100110101
0101010
0101010101
10010000101
0010001010
0010101010
0100101
1010101
10001001001
01010100101
1010101
101001001
01001001
01010101
0101001001
01010101
01010101
0110101
101010101
010010101
0100101
01010101
01010010
010100101
01010101
1010101
10101010
1000101010
1010101
01010101
001001010
0010101010
10010101
1001010001
01010101
010010101
0001010101
01010010101
1010010101
01001101001
001010101
010010101
10101001
01010001
1010010010
0100101010
01010101
100100101
01100101
100100101
0010100001010
01010100010
0101001001
010010101
0100101
001000101
10010101
010100101
0010101
01010101
010100101
010100001
010100101
00010101
010101010
0000101010
010101001
01010101
010010101
0101010101
001100101
00101010
1010101
010101001
01010101
0100101001
1001101
00101001
010010101
10010101
1000101010010
100010101010
0100101010
0010100101
1010101
010010101
01010011
001010101
01001010
0010101010
010101010
0000101010
001010101
01010101
1000100101
010100101
0101010010
010101010
010110010
10101010
010101
001010101
001010100
01001010
0101001001
01010101
010100101
0101001001
1000101010
0010100110
10010101
0010100101
10101010
0100101010
1010101
010010101
0010011001
0010101
01010101
01010101
1101001
00100101
010100101
01001101
100010011
010010101
01011001
0100100101
10101001
01010010101
1010011010
01010001010
010010101
1010101
10111010
01001010010
010100101
01010101
10001001000
010100101
110010101
0001100101
10100101
010100101
1001001000
0101101
101001001
10101001
010010101
010101001
0110101
101101
0101001001
0010101
00100101
010010101
0101001001
01010101
010101010
0101001010010
010101001
010101101
101010010
01001010
01010101
010100101
1010101
01010101
001101
10010101
010101010
1001001010
001001010
010101010
0100101001
100010101
1000101010
10101010
0010101001
010100101
1010101
001000101
001010001
1010101
101010010
100101010
0100101
010100101
0100101001
10000100101
100100101
010010001
100101001
010100101
01010101
1000101001
10001010101
0010101
1010101
011010101
0100101
1001010101
00001000101
1010101
00100101
01010101
0101001001
0101010
1010101
010010001
1000010101
01100101
0100101
01010101
000100101
10100101
010100101
0101000101
010010101
01010101
100010010
10100101
010010101
0101101
010100101
10100101
01001010101
0010101
1010101
10010101
1010101
1010101
000101001
10010101
10010101
1010101
00101010
100101010
010100101
1000101
10010101
010100101
010100101
01100101
0010101010
01010010010
10101010
01001001010
1010101
100101001
010100101
01010101
010101001
001001001
010101010
10001010010
001010101
1001011
10100101
010100101
001001010
0010101010
1001010110
1001010100
100101010
000101010
01010101
010100101
0010100101
01010101
01010101
1010101
100010101
1000101001
1000010101
0101001
0101001010
1000101010
0010100101
100100100
010101001
100010101001
0101001
01010101
01010101
1001000011
0010101
0101001001
010100101
0010101
001010101
01010101
10010101
01010101
01100101
010010101
0010101
100101010
010101010
0101001010
0010100101
10010101
100100101
010101001
10100101
01001101
0010010101
01010101
01010101
01010101
0010101
01010101
10101010
00101001010
1000100101
01010101
0100101
010101010
000101001
01010011
00101010
010101010
100101001
010100101
10100101
10101001
010101000
01010101
1010101
011010010
1010101
01011001
010101001
010101001
001001001010
0000101010
0101010101
0101101
010100101
0010100101
1010101
010100101
0101001010
100010010
0100100101
01011001
010010101
100101001
0101001010
0100101010
101010010
010101010
0101001010
010101010
100101
000100101
00101010010
0101010
00100101010
01001010
010101001
101000101
010101010
01010010
0101001010
01010101010
0101000101
010100101
010100101
10101001
101001010
10010101010
010100101
100101001
010100101
10001010101
010100101
01010101
010101001
010101
0010010010
010101010
101010010
001001010
001101
01010101001
