10101010
01010010
101000101
010101001
00010010101
0100101
01010101
100010101
01001010
0011001010
100100101
01010101
01010101
1010101
010101010
010010101
10101001
100100101
101010101
010100101
0100101
0101010
01010101
01010101
010010101
010010101
010100101
01001011
01001010
1010100
10000101
001010101
001001001010
1000101010
10100101
10100101
010101010
10010010
10100001
01010101
10001101
01011001
010010010
01010010
01011001
01010101
010101010
100101010
1001001010
010101010
0010001001
100010101
0001010010
00101010
01010101
011010010
100100101
100100101
001010101
010101101
01010100
101010100
0010010101
01010101
10100100010
010101010
1010101
10100101
1010010101
100101
010010110
01010101
0010100101
0010101
00001010
01011010
01010101
10100101
01010101
010100110
1010101
010100101
1010010101
01010101
01100101
01010101
010101010
00100110
01010101
0110101
01010101
1010101
01010101
0011001010
010101010
101010010
101001010
010101010
100101010
100101010
01010101
0000101001
0100100101
100101010
101001010
10101010
010101010
01001010
10101010
010010101
0101101
010010101
0100101
0110101
10010101
011101010
001010010
1001010101
01010101
100101010
1001001010
01010101
1001101001
0101010101
010010101
010101010
010101010
010101010
0101001010
010100101
01010101
100010100
100010101
10101
010100101
10100101
00101001
0100100101
1010010101
10101010
100101010
01000101
10010101
010101
01010101
101001010
101010010
010010101
01010101
0101001010
0101010
0100101010
010011010
01001010
100101010
0101001010
010101010
010010010
10101010
10101010
0101001010
11001010
0000101010
1010101
01000101
0110101
001001001
10101010
010101010
10101010
1001001010
010101
1010101
01010101
0101001
011010010
101001010
10001010
00101010
00101010
0101001010
010100101
0101000101
01001010
01001010
01010101
10010101
001010101
01010101
010101010
001001010
101001010
00101010
010011010
0101010
010101010
010101010
0010101
0101011
1010101
00010101
010101010
01001010
010010101
0110101
0010100101
01010001001
010101010
0100101010
10010101
1010101
01010100100
010100101
10010101
001010101
01010101
01010101
01010101
101010101
1010110010
0100101
101001001
100100101
01010101
1010101001
00101010010
10101010
010010101
010100101
010100101000
10101010
010101011
100100101
001100101
0100101001
10100101
1010110010
010010101
001010101
1010101
1010101
1010101
0010101
00101010
010101010
10010101
001010101
0101001001
010100101
0101000101
010010101
10100101
101101
100010101
1010101
010010101
10001101
01010101
011000101
0101001001
01010101
10101010
010101010
101001010
010101010
0101010010
01001010
10101010
001001010
10010101
0101010101
0010101
01010101
10101010
11001010
1010101
100100101
1010101
100010101
10010101
01000001
1001010
010101010
100101010
010101010
10101010
010101010
0100101010
010101010
010101010
01001010
10010101
01010101
01010101
01010101
01001101
00101000101
0100101
010100101
0101010010
0101001010
010101010
00101010
010011001
101010101
010101010
101001010
010010010
010101010
001010101
10100101
0101010
00101010
010010010
001001010
01001101
01010101
00100101
010101001001
01010101
0100101
0010001010
010101010
010101010
100101010
0101001010
001001010
10101010
10101010
0101001010
10101010
01010101
001000101
010011010
010101010
01010010
10101010
10101010
010101010
1010101
010100101
0010001010
0101010010
010011001
10101001
001101010
101001010
10010010100
1010010100
0101001010
1000101010
0110101
10010101
01001010
01011010
010100101
10010101
010010101
1010101
101000100
010010100
10101010
01001010
001101
0101101
101010010
01101010
01010110
10010001010
01010101
01010101
0100101
01010101
00101010
10101010
10010101
100100001
1001
001010101
01010101
10010101
10101010
000101010
1010101
01010101
01010101
100101001
01001010
01010010
1001010
0010001010
0101001010
010101010
10010101
01010101
010101010
10010001010
01010100101
1010101
1000101010
0101001010
00101001
01010101
01010101
100010101
0101010101
01001
010101010
010101010
0100100101
00101001
01000101
10100101
0010001010
010101010
100101010
1010001010
01010001010
010011010
01010101
10101000
100101010
1010001010
001010101
10100101
00110101
101010101
01001010010
101001010
100010101
01010001
010101010
01010010
100100101
01010101
0101001010
10101010
10010101
10100101
1010101
010100001
010101010
100101010
0101010
010101010
01010101
0101001
001001010
010101010
1001001010
010101010
1010101
010100101
010101010
10101010
0101010010
010101010
010101001
010100101
1001010010
00101010
010101010
001010010
100101001
10100101
01010010
1000101010
01001010010
01001010
0001001010
010101010
00101010
00101010
010101010
10101010
1010101
0010101
10101010
011010010
010110010
101001010
0100101010
011001010
010010101
001010101
010010110
10100101
01001010
10110010
010010010
0100100101
01010101
10100101
01010101
1010101
01001010
01001010
01010101
00100101
1010111
010010101
0010101
0101010
010101010
011010010
101010000
0010110
11010101
10100101
01100101
010010101
0101101
10001010
100101000
10100101
101001010
010101010
010101010
01001010
10101010
010101010
01010101
0110011
1010100
10100101
1010101
0010101
01010101010
0101100100
01010010
010101010
0010001010
10101010
100010101
010101
100010001
01010101
001010101
1010101
0010101
10100101
010010101
11010010
00101010
0110110
01010101
01001011
10100000100
101010101
0101001010
010101010
01010101
01011001
010101010
00101010
1010101
001010101
0101010
10101010
1010101
10101001
1010101
10100101
0100010101
1010000101
010100101
01010101
100010010
010101010
10001010
101101010
100101
010010101
01001010
10101010
0100001010
010101010
1000100101
01000101
10101001
10101001
01010010101
00001010
00101010
10101010
1001010
0101001
010101010
01010101
010010
110010010
01011010
010101010
01010101
01010101
01010110
01010101
111011010
01010101
01010101
1010010001
10101010
0101001010
01010101
10101001
010101010
00101010
10101010
010101010
1010101
0101010
01010110
1000010101
01010110
01100101
010101010
01010010
00101001
0010101
010101010
0101011
001001010
01001010
01010010101
01010101
010010101
01010101
01001001001
1010101
010100101
100100101
10101010
0101010010
1000101001
1010101
0010010
10001010
01010101
0101010
0101010
01010101
0110101
01100101
01001010
1000001
01011001
10101001
011101
0010101
00101010
0101001010
0110010010
00101010
10010101
010001
01001001
1010101
0010101010
1010010
0101010001
100010101
0101001
0110010
10101010
10101010
0101001010
10101010
0010100010
100001010
010101010
010101010
101010101
01010101
01010101
001010101
0010010101
010100101
01010110
001000101
1010010
00101001010
101010101
010100101
010101010
10101010
1010100010
0100010110
011010010
010101010
01010101010010
10010010101
0010101010
0101001010
010100101
100010001
01010101
01010101
1000101010
0010000110
010101001
010101000
101010010
010101010
001101010
00110101
010100101
01010101
001001010
010001010
00101010
10101010
00010101
101010101010010
010110010
0010101010
000101010
101001010
01010101
0110101
10101001
010100001
01010101
0110
1010101
10100101
10101010
0101010010
0101001
10010110101
010100101
01010101
01010101
0101010
01010101
10010101
01010101
1001010010
010101010
011010101
10010101
101001
0101010
010010010
0110001101
0101110
100010101
000100101
0101010
10101010
10101001
10100101
010100101
10100101
010101
01010101
010010101
00101001010101
10100101
01010101
100101010
101001010
1010101
001010101
010100101
01010010
1010101
01010101
010010101
01010101
010010101
10010101
001001001
1001010101
01100101
01010101
010101010
0101010
001000101
01010101010101
00101010
1001001010
0101010
0110101
010101010
010101010
01010101
01010110
1000011
0100100001
10101010
1010010
10001001
010100101
010100001
10010101
01010101
10010101
100010010
101001011
1001001010
100101010
10101010
001010010
010100101
0001010101010
010101010
101010
1010101
10100101
010101010
0010100010
01010101
0101101010
01001010
10101010
001001010
010101010
10010101
1000101
10010101
0111001
101001010
0110101
0101010
10010010
0101001010
10101010
1010101
1010101
100100101
10010101
100101001
10100101
100100101
1010101
00101010
01010010
011001
001010101
0101010100
01100101
01010101
0010100101
00100101
1010101
0101010
101001010
010010101
0100101001
010101010
0101010010
100101010
01010010
010110010
010101010
0010100101
1010101
01010101
01010101101010
0101001010
00101010
0101000100
010010101
101010
10010101
01010101
010100101
01010101
0000100101
010100101
01010101
01010101
0100101
0101010
00101010
010101010
10101010
010010101
1001010010100
0010010100
00101010
001010101
1010101
00100110
00101010
100101001
10010101
1000101
1010101
01010101
10001010
10101001
1001001
1010101
010010101
10100101
01001011
10100101
01010101
010010101
001000101
0010100100
0100100100
10010101
100100101
0101010010
10101010
01010101
10100101
1010101
01010101
010100101
0101101
001010101
010101
010110001
010100101
010100101
010100001
010010101
0100101
010101010
01001010010
010101001
01010101
01001010
1010010
0101010001
1010101
101001
010101001
10010101
01011001
01011010
0101001010
1000100101
001010101
1010101
01010101
10100101
1010101
0101101
0101001
10010101
01001001
1010101
10100101
0010101
01100101
10101010
1110101010
1010101
0101001
01010101
100100101
00101010010
010101010
01100101
1100101
0010010101
0101001001
10010101
01010101
1010101
010010101
001010101
001010101
1010011
001001001
010101001
010101
0100101010
00101010
101010101
1000101
001010101
001010101
01010101
00101010
0101000101
010100100101
0101010
010100101
10101001
010101001
101001001
0101001
00010101
010100101
01010100010
10101010
0100100101
1010101
01010010
10010110
0110101
10100101
01010101
0101010
010100010
10101010
00101010
010101010
01010101
010101
100101010
101010010
001010101
001001001
0010101010
010101010
001010101
10010101
101001
100100101
1010101
1100101
0010100101
010010101
1010010010
010100101
010001010
101001010
01010101
010101101010
001010001
001101
01010101
010010
00101010
10101010
10010101
01010101
001010010
0010100101
0011001010
010101010
01010101
100101001
1010101
0101101
010101010
010101010
010101010
1001010010
000101010
010101010
0101001001
1010101
