010101001
001001001
000100010010
000011010
010010101
1010101
010101010
001010010
010010101
1001010
0101101
0001010101
001001010
10101010
0010010100
01010101
000101010
010101010
010101010
010101010
0101010
10101010
001001010
010110010
01001001
10010101
001010001
01010101
0101010010
01001010
0100101
1010101
00101001
10001000010
010101010
0010001010
01010010
10101010
00101010
010010101
10100101
010101001
010101010
00101010
0101001010
1001010010
010010101
0100101001
010100010
0000101010
101010101
1010101
1001010011
100101001
101010010
010010010010
100100101
010100101
100101010
010101010
