010101010
010101010
010101010
0010010010
010101010
0101001
01000101010
010100110
010010101
01010101
010101001
010010101
010001010
01010010010
0100101
01010101
010101
0010101
0101010
100101010
010101010
010100110
1010011
1010101
01001010
1001001010
10100101
010101010
1000101010
01001010010
0000101010
10101010
10101
101010101
000101010
01011010
100110010
1010110
101010100
100100100
0101010010
100100010010
101001010
010101010
101000101010
10101010
100010010
1001001010
01001001
01010101
010101
0101001
1010101
1000101
0101010
01000100010
