1010100
1010101
1001001010
100101010
010100101
010100101
01010101
010110101
0101010010
1000010010
010101010
010101010
010101010
0101001010
00100100101
0100100101
100010010010
010101010
010010101
00100101
0100100101
100001001000
01001001010
01001001010
10001001010
01001001010
100001010
0100101010
01001001010
10010010
010100101
01010101
10110010
0001001010
010101010
100101010
0101010010
0101001010
010100101
00101001001
001010101010
0101001010
100101010
001010010010
1000101001
010100101
010100001
101001001001
0010101001
1010001101
0100101001
1010000101
0101010010
01001010010
010101001
010100101
001001010010
010101010
0100101010
010101010
1010101
1010010101
01001010010
0010101010
10101001
010010101
0010010101
010010101
0010100011
10101011
0100100101
0110101
010100101
0101010101
010101001
000101001
0101010010
010110010
01010101
01010101
010101010
01010010
10010010
010100101
010001010010
10101010010
01010101010
010101010
010100101
10100101010
101010010
0100110010
001010001
010101001
0101001010
010101010
10101010
1010101010
101001000010
10010101010
01010101
100010101
100000101
01010101
01010010010
010101010
1010010010
0010101010
0100100101
01010100101
0100101010
0100101010
0100101010
010011010
010110101
010101001
010101001
0100100101
0100100101
101010101
010010010010
010101010
010101001
010100101
1001010101
010100101
010101011
001010101
101010010
1010101010
0010010010010
1001001010
010100101
0100100101
01001010010
010101010
010011001
0101010001
0100101010
000101001010
010110010
001001010
01010101
01010101
1010010101
01010101
100010101
010010101
010101001
0100101001
100101010
10001001010
1010101001
100001001
010100101
1010010101
010101001
010001001
01010101
010100101
100101001
100100101
1010001010
010101010
0100101001
01010101
000101010
10101010
10010101
010010101
01100101
01100101
010101010
0110100110
010100101
100010101
0101000101
0000100001
10010101
0101001001
01010101
0100010101
01011001
010101001
01010101
01010101
010101010
0101001010
101000101
1000100101
0101010010
0100101010
00101001010
0100101010
100010101
100100101
00100101
010100101
0101001010
01001010010
10001001001
00101001001
0100101010
0101010010
01001001010
010001010
01010101
0101010100
00101000010
01001010010
00001001001
10010101001
000010010010
0010101010
1010101010
0101010010
0101001010
001101010
0001001010
000010101010
100100101
01010101
0010010101
010100101
01010101
010101001
100100101
0100100101
1010001001
010100101
01010101
01010101
00101101
0101001001
0101001010
0101010010
010011001
01010101001
10010101
010101010
1001010010
1001010010
010101010010
10001010010
101001010
101001000010
0100101001
1010100101
010101010
0101001010
010101101
10100101001
010101001
010100101
10100101
1010100001
010101010
0010101010
01010101
0100101001
0101101001
01100101
01010101
0100101001
010100110
01010101
10001001001
0101001001
1001001010
0100101010
10100100101
0100101001
01010010010
0100101010
01001010001
01010010001
010101010
0101001010
010101001
1000101001
1001010
010010011
0101010010
01010010010
010101010
0101011010
01010110
0101001010
010101001
010110001001
010110001
01101001
01010101
01010101
10100101
10100101001
100010101
01010101
101000101
0101010101
10001001010
11001010010
101001010
0010101010
001010101010
100100100010
10101001001
0100100101
01001010010
010010101010
010010100010
01010010010
0100101010
1010101010
01001001010
1010010010
001001001010
010101010
100101010
10001011010
1001010010
010011010
101001010
001010010
10000101
010100101
10100001010
01010010010
101000010
10010001010
100001010
010100101
100101010
0101010010
010001101
001010100
01000010101
10100101
00101010010
00010101010
0010101010
1011010010
101010101
101010101
0010101010
1000001010
10010010101
10010101
001000101
0010100101
010001001
010110101
100101010010
010101010
01010100010
0101010010
10001010010
1000101000010
1010010001
010010101
010100101
00100100101
01010101
010100101
0100100101
0010010101
0110001001
010100101
0100101010
010110010
10101010
000010101010
01001001010
0100101010
01001001010
01001001010
0100101010
10001001010
0011001010
0100101010
100100101
010010101
0100101001
010101001
0101001001
0100100101
01010101
010100101
0010101001
00100010101
0101010010
01001001010
0100101001
0101010101
01001101
010101010
100110010
0100101010
10010010010
010101010
1000101010
10001001010
010010101
01010101
010101010
100110010
010101010
1010010
10001010
0100100010
01010101
100100101
10100100101
01010101
010010010010
01001001010
010101010
000010010010
0101001010
010101010
01001001010
0101001010
010110100
01010101010
0101001010
10010001010
010101010
0101001010
00101011010
0010101010
0101010010
01010001010
010101010
100100101
010010101
10010101
0100101010
010101010
010101010
1101001010
010100101
01010101
100000101
0101010101
1010100100
010010101
1010010010
0101001010
100101001
10100101
10100101
100010101
10100101
10010101
010101010
0101001010
1001010101
010010001
01011001
01010101
01100101
010010101
1001010010
1010100101010
001001101010
10010011010
010101001
100101001
100010101010
01000010010
0100100010010
011001010
1000101010
010101010
0010011010
010101010
101010101
010010101
10101001
010010101
01001001010
01010100
010100101
010100101
10010101
10010101
1000101010
010101010
010010001010
10010010010
010101010
10001011010
0101001010
00101010010
010010101
1010101
010101010
010101010
101010010
10001010010
1010010010
010101010
001010100
01010001
010101010
010101010
0101010010
000101010
010101010
1010001010
01010101
0010101
1010101
1010101
1000101010
0101001010
101010010
010101010
01010101
01010101
0010101010
01010100010
010101001
100010101
01010101
10100101
100010001
01010101
010101010
0100101010
10101010
1000101010
00100101
01010101
1000001010
0100101010
010100101
010100101
1000101010
010101010
100010001010
010101010
10010101
001001001
010101001
0101010101
0010001010
0101010010
1001001010
100000101010
01010101
010100101
0101010010
01010010
0101010010
01010111
010010101
100010001
1010101
011001010
010100110
010100100
10100101
001010010010
101010110
0101001010
0010101
01010101
01010010010
10101010
010101010
010101010
100100010
1000101010
0010101010
01010010010
01010100101
0010100101
01001001
010100101
010101011
01010101
10000100010
010101010
010101001
01001001
11010101
010101001
100010101
10100101
010001010
0010101010
0010101010
10101010
0010001010
000101010
00100001010
010101010
010101010
010101010
01010101
10010101
10100101
01001101
0010001010
0010101010
010101010
010101010
10100101
001010101
010010101
1010101
010010010
010101010
100101001
01000101
011010010
010101010
01010101
100100101
1010101
10101001
010100001
010101001
01010101
01010101
010101010
010101010
00101010
010100010
01010101
01010101
0100101001
10101001
010101001
000010101
0100101010
010101010
010101010
10101010
10001001010
10101010
01010101
0100101
101001010
010101010
010100101
001010101
010101010
10101010
01010101
1010101
010101010
010101010
01001001
01010101
01000101
01110101
1000100010
010101010
1010101
0100101
0100101
1010101
10010101
1010101
10101010
010010101
01010101
10101
001001010
1001000010
101010101
010010101
0101001010
0100101010
1010011
1010110
0010101
001000101
100101010
1001010010
101000101
01010101
10100010
0101001010
010101010
010101010
10010001
0010101
0000101010
1000101010
010010010
010110010
010101010
010010010
010100101
100100101
1000101010
01001010
010101010
010101010
