0101001010
10101010
010100101
01010101
10010010
01001010
101010010
0101010
1001010010
01010010
10010101
0100101
1010101
1010101
0010100101
00100101
0100101010
100100101
10100101
1010101
011001010
1001010010
1010101
01010101
10101010
010101010
010101010
10001010
0100101
10100101
10010101
10100101
1010101
100010101
010101
1010101
01001010
010101010
00101010
0110100010
0111
1001001
10101
100101
1010101
01011
0100101
1010011
01010101
1010101
0101010
101001010
0010101010
001010010
00101010
00101010
0010101
10100101
0101010101
1000101
10101010
01010101
0010101
01010101
0101010
00101010
00100101
1010101
00101001
010010101
0101010010
10101010
010101010
01001010
001010010
0001001010
001001010
10101010
01010101010
10101010
010100110
0101010010
1010101
1010101
100101010
10101010
10101011
01001001
1001001
010010101
010101010
01001010
10101010
00010001010
1010010
101010
010101010
10101
10101010
01001010
10101010
00101010
010101010
10101010
001010010
0100101010
0100101
1010101
0101
01001010
101010100000
01010101
01010001
100101001
1001010
1010010010
101010010
100010010010
01010101
1001010100
00101010010
01001001010
11001010
01001010
00110011
0110101
10010101
010101001
0101001
01011
10101010
10101010
0100101
01001001
1010101
01010101
1010011
10100101
010010010
0101010
1010101
01010101
01010101
0100101
0010100010
010101010
10101001
0101001
010101010
0101010
010101010
00101010
010101010
1001010
0101010
01010011
01010010010
010101010
1010101
0101001
10101001
001001001
101001010
0101010010
10001010
0101010
00100101
0100101
1010101
010101
010010101
010101
01010010
10101010
1010010
101001010
10100101
0010101
10101010
010001010
0010101
1111001
010101010
01001010
00101010
010101010
1010011
0110101
10010010
010100010
01010101
1010101
00101010
011010010
1110010
1010110
10010101
1010110
