010101010
00101010
0101010
10101010
0100101010
1010010
100101010
00101010
0101001001
010101001
1000101
00001010101
100101
100101001
001001
1011001
001000101010
1010110
0101001010
01010010
10101010
101001010
001101010
01001010
01010101
00101001
01001010010
10101010
10010010
0101010
0000101010
010010001010
0010101
00101001
01010010
1001001010
101001010
10001010
1001010010
10011001010
10010001010
00011010
0100011010
101010
010010110
010101010
001001001010
0101010
00101010
0101001010
010000101
1010101
00001010
01010010
01010110
100101010
010010101
101010100
101001010
1001010110
10001001
010101
00101010
1001001010
01010101
01010101
10100101
0100101
10010101
101001
1010001010
00101010
0100101010
1010010
0101010
01001010
0100101010
100100110
00101010
0010010010
01010101
10010101
101001010
0101010010
0100101
0110101
0010101010
10101010
01010010
010101010
0010101
001010011
1000101001
001001001
0101010
00101010
1010101
10101010
00100101
100100101
00101010
1001001010
0010100001
00100101
1010100010
000101001010
0010101
010100101
0001101010
00010100010
0101010
0010001010
01010101
00101001
10101010
0001010010
100000100101
10100101
01010101
1010101
0101010
10101010
10100101
1010101
0101001001
00101001
010101010
1001001010
010010
1010010
0101010
01101010
101001010
101001010
1010101
010010101
100101001
01010101
01010101
10010101
01011010
010101010
0001001010
10001010
1001001
01010101
101000101
01010101
0101010010
011010010
101000110
100010101
0100101010
0010101010
0010010100
010100101
010001010
00101010
0010101010
00100101010
010101001
0010010101
100010101
1010101
010110010
000001001010
10010101
010101001
10101
100101
1000001010
10010010010
01001010
0100101010
00101010010
001100010
10010010
0110001010
1001010101
01010101
10101010
10010101
0100000101
00100101
100100001
0110101
01010010
0010100010
0100101
01010101
1010101
1010101
01010010
101010010
010101010
00100100010
0010100100010
10010101010
10100101010
0010101010
01001010
100101010
001001010
0001001010
010101010
011001010
0010100100
10010101
0101010010
00100010
0001010100
010101001
001001010101
01010100001001
010100101
1010101
01010100100
100000101
1001010
0101010010
1010010
10001010
0010101010
001010010
010101010
100101010
0100100101
101001
1010101
01010101
0001010010
001001010
010100101
0010101
0010101010
00101010
11011
1010101
0010101010
010101010
101001
101001
00100010010
010101010
01010010
100101010
001010101
0101010
010010101
101010
10010101
010100101
1100101
101010
100101010
01001001
10101001
1010101
0010101
001010100
0101010010
010010010
01010010
01001010
0010101001
010010101
01010101
0110101
1010101
010010101
01001010
00100101010
00101010
1010010
010010010
10001010
010101000
10101001
1000101010
010101010
1001001
1010101
010110010
010101010
01001101
10100001
0100101010
00100010010
010101010
1010101
10100101010
01000101010
01001001
01001101
1000101010
010010010010
01010010
01011001
010101010
100010010
0101001
0010101
010101010
00101010
10100101
010101
10101
0101010101
010101010
1010001010
01000001010
0100001010
0101010010
01010010
0010101010
010101010
01010101
01010101
000110101
01010101
01010101
0100101
10101010
010101010
101000101
0101011
0010100010
010010010
1010101
10100101
0010010010
010100010
001010010
010101010
0101010
10010101010
01010101
001000101
1000101001
00101001
001010010
0101010
00011001010
10010100010
1000101010
01001010
010101
01001001
001010100
10100101
1001010010
01001010
000101010
01010010
01000110
010101010
1010010
00101010
0101010
0010010101
10100101
1000010001
0101010
0010101010
01010101
0100101001
0101010
10010101
01010101
1010101
101010
00101010
010111
01010101
1010101
1000101
0101001
010100111
0101001
010100101
01011001
01010101
010010101
01010101
0101100
01010101
01010010
1000010
01010101
1010001
0000101010
010101010
010101010
0101010
0100100101
01010101
1010101
01001001
001001010
10101010
100100101
01010101
10010101
101010
0101001
10000101
00101010
000010010
1010001010
00101010
010101010
0101001010
0101010010
0010001010
010010010
001001010
0100101010
010011010
0101010
01010010
10101010
01010101
0100101
01010101
10001010
100101010
1000100101
1010101
101010101
1011001
1001010
10101010
010101
010101
10101010
00101010
0101010010
0010100010
010101010
010101010
0010101
010010101
101001001
0101001
01101010
00100010010
10011001
101010
01100101
1000101
10101001
10100101
010010101
10010001
0110101
1000101010
101001001
100010101
101001010
010101010
0010101001
0101001
1010001010
01010110
0100101001
01010101
010101001
100100101
010011010
1001101010
0101010
010101010
01001010
101001010
10100101
0101101001
010101010
0100101010
00101010
1001010010
01010101
100010101
01010101
01001101
100110010
010101010
010100101
0101000101
01010101
1010100101
101010010
010011001
0101010010
101001010
010101010
10001010
01010101
010101
0100110010
0101001010
00100101
010010101
001001010
000001010
011001
00100010101
010101010
101001010
010101001
001000011
000101010
0101010
010101010
00001001010
10010010
100101010
0101001001
01010101
01010101
00101001
010101010
01001001010
010100110
00101010
01010101
100101001
0010101
100101
100101010
0110010010
010101
1010011
01001001
0101010
01101001
010010101
01001010
1001001010
01010101
001000101
010010010
010010010
1001010010
001001010
010010010
1001001010
0010010101
0100101
01010001010
0100101010
0101001010
101010010
010101010
101001010
10100101
01010101
0000101010
01010010
1010101
10101000
00101010
00101010
00101010
01001110
100011010
0010100101
010101010
0100101010
00101010
0101010010
10010001
0100100101
0010100010
0101001010
1010000
1000101
001001001
1010101
0110010
0101001
10001001
0100101
100010101
10010101
00011010
10101010
0010101
10100101
0101010
10101010
0010010010
10001010
00101010
00101010
010010101
10100101
000001010
001101010
00101010010
00100010
10010101
0101010
001000101
010101
010101001
1001001
10100101
01010101
10101010
0000101010
01010101
01000010101
10100101
0101101
0100100101
1010101
010010101
100100101
10101010
1001010010
1000100101
100001001
010101010
0010101010
0100011001
1001001
010101010
1000101010
001001001
010101
0001101
1000100101
010010101
1010101
001010010
101000001010
00101010
0010101010
0100101
100001001
0101001010
010101010
00101001
010101
010101010
0100101010
0100101
01010101
10001010
1001001010
01000101010
00101010
01001010
010110010
01010101
0101001001
0010101
10100101
101000101
0101001
010001010
001001010
010101001
10001001
0010101010
1001010010
01010101
100100101
00101010
010101010
0100010101010
10001010
01001010
0100101010
0000101010
0010010010
1010101
10100101
100100010
10101010
00110101
00101001
010110010
00110010
10100101
010101001
010101001
10010101
10101010
1000001010
010100010
1000100010
010100101
010010010
0100101010
10101010
100101
01010101
100101001
0101010
001010101
01010101
011010
0100100101
001010101
001010101
010100101
001000101
01010010010
1010100010
010100101
101000101
0101010
01010101
1010110
01001101010
1010010
010101010
100101001
1010101
01010101
10101001
100100101
1001010101
001010010
100101010
0101010
100010010010
01010010
010101010
1001001
10010101
10110101
10010001
010010010010
010101010
100010010010
100001010
0101010
101010
0101001
100010001
01010010
100001010010
101000100
1010101
00101001010
0010101010
0010101
010101001
01010001001
0100001001
01001010
101001010
1010101
1001010101
01011010
1000001010
01010101
10101001
10100100
1010010001
1000001001
01010101
1000101
01001010101
101010010
0100101010
1000101010
001001010
0010101
010101001
0101001010
01010110
0101101
010010101
10101010
100100101010
010100001
10010101
100101010
010101010
101001010
0101001010
1001001010
010101010
100100010
10101010
0101001010
01010010
01010101
0100101011
00101001
0010010100
0110101
010010101
10001001010
01010010010
001000101
01001101
0101001010
010101010
1001010010
10101010
010010101
10101001
01010101
0000101
1010100101
0101010
00101010
10001010
01010101
1001001000
010010101
0101101
100101001
0010010101
000001010
011001010
010101010
01010010
10011010
101000010
0101001
00101001
0101001010
1001001010
100010101
100100101
100101010
10101010
1000101
100010101
01011010
010101010
10010001010
1000101010
1001010010
01001010
01010101
0100101001
00101010
001001010
00101001
01011001
0101010
100101010
0100101
010010101
01010101
01010101
001010010
001010010
1010101
100100101
010101010
0100101010
0101010101
001000101
101001010
010100001010
01010001010
010101010
0100101
01001101
1010101
1010101
01001010
10101010
100010101
0010101
10010101
0101010101
01001010
010101010
1000001010
10101010
0101010
1001010
1010010
10101010
01001010
10101010
010101010
000101010
000000110
101010
10001010
010101010
001010010
0111010
10101010
100101010
0010001010
0101001010
010010101
100101001
01010101
00100101000
010001010
000100101010
00100001010
010101010
0101001
01010101
10010101
1001000101
10010001
1010101
001001001
01010101
0010101
100100001
010010010
010001010
0101001
001010101
01001010
000101010
10010010
010101010
010010101
01010101
0101000010
100010110010
010010101
1010101
010101010
010101010
101001001
01010101
10010101
1001010001
01001010
010101010
1001001010
0100101010
0101001010
101010010
0100101
101000
101000010
0010100010
00101010
0100101010
010010101
01001010010
01011001
00110101
100010010
0101010010
00100101
0101010
100101001
01000101001
01010010
001010010
010101
1010101
00101010
0101001010
010101010
0100101010
0101010010
00101010
1001001010
1001010
01010101
0100101
0101010010
010101010
011000100
01010101
1010010110
0010100100
010101
1010101
0101010
010010101010
010101010
10100000
0100101001
10100110
001010101
10101001
010010010
0100100101
01010010
0101010101
011001001
1010101
01001010
010010101
0100101
1010010101
1000101
1010101
0100101010
1001001010
010101010
010101010010
001001001
001010101
001010010
010101010
01001010
100101010
010001010
10101010
0101010010
1010100010
00100010010
01010100010
0101010
101010010
1000001010
10101010
1001001010
1010100
010101010
0101010010
0101010010
010101010
10010101
01010101
01001001010
01001010
00101010
1010101010
0101010010
00111010
010101010
0100100101
100101
01010101
0101010
1010010
01001001
0010100101
0010101010
010101010
010010100010
0101010010
100101
00011001
010100101
10010010001
10101001
0010101
0001001010
1000101010
10100010
0010101010
00000101
0010100001
010010101
01000101
01010010
0101010
100100010001
010101
10101010
10001010
10010010
1010010
000101010
1010001010
010101010
00101010
10100010
10000101010
10101001
0101001
01001010010
0101010
10101010
1010101
010010010010
001001010
010110
0101001010
101010010
000101010
010101
0010101
101010
01010010
010010001
001010010
10100101
0101101
01010010
10101010
010011010
1010010
01000101
0100101
0100101
01010101
00100100101
01010101
0101010
010100101
1010101
010101001
11001010
0101010101010
0010100010
00101000010
010101010
010101010
010100010
0101010010
011010010
010101010
10010101
010101
0010101
10010101010
101010
0101010
01011010
0101010010
010101010
0010101010
01001001
00110101
0110001010
01100010
101001010
100101010
100010101
1011001
010101001
001010101010
100100010010
00101010
001000010
1000001010
10101
1001001
010100101
0010101
010101010
01010010010
010101100
0100101
01010010
100101010
01010101
1000101001
0000101001
10100001
101010
000101010
100101010
10101010
001101010
00101010
10010001010
0101001010
01000100101
01010101
0101010
0101010
010101
101010
10000010010
01001001010
10100011
0101010101
01010101
01000101
1001010010
001101010
0100101010
0101001
01010010010
1001010010
10010101
010100101
10100101010
0100101010
01001010
0100101010
10010100010
101001010
100001010
000101010
10101010
0010001010
00101001
00101001
01010101
01010101
010101010
010101010
1010000101
10010101
010101010
10101010
010101010
0000001010
0100101010
010001010
010101010
101000100010
0000010010010
010110010
0101000010
10101010
0101010
0010101010
01010101
0101101
00101010
10000010010
01001010
100101010
00100101
01010101
01010101
0100101001
010101010
010011010
0101010010
1000101010
00101010
10000100010
0101010
0010101
10101
10010101
10100101
00101001
00100100100
00100100101
0100100101
1010101
01010100
101001001001
10100101
010101001
0010101010
0010001010
10100010010
0100101010
000100010
0101001010
010101010
010101010
0100101010010
100101010
01001010
0001001010
00011001010
01001010010
1010010
0100101010
1010101
010100101
010101
10101010101
10100001
101000101
01010010
1010001010
00001010
0000110010
001010101
100100101
010100101
01000101
0001010010
010101010
100000101
010100101
10101001
010101001
01010101
1000100101
0100110010
001001010
0010101010
0010010010
010101010
010101001
1010101
10001100
0101001
001010101
00101000010
010100010
01010010
010100010010
100100101
1010101
0101001010
0100101010
10100100
0010010010
10100101010
100101010
101010010
001100010
001000101
1000010101
01010101
1001001
1010010
101001010
100100101
100010101
10101010
0001001010
0110101
01001010001
010101010
0010101010
0010101010
01001010
0001101
00100101
0101010010
1001100010
00101001
100100001
0100101010
0000101010
001001001
1010101
0101001010
1000101010
0101001010
01001010
0010101010
010101010
0100101010
10001001010
001010001010
101001010
0101001001
1010101
01011001010
10100101010
010010101010
1001010
1001010010
0100101010
01010000110
01001001010
0010010100010
0101010100
0010010010
1010001010
01010101
1010101
100001001010
001010010
010101010
1010100010
1000101001
010100101
10010101010
10001010
001010101
10001010001
10010101001
01010101
0101010
010101010
001101
010010101
1010010010
101001010
101001010
01001010
00101010
00100101010
00101000101
0101001
1010010
000101010
01100101
0010101
01001010
10101010
100100101
100001001
00100001010
0100100010
100101
01001101
100101010
10000001010
101010010
0010100110
01010101
01001001
0101010010
0100101010
01010010
100010010
1001001010
010101010
1010010010
01010010010
00101010010
010101010
001001010
011001010
101010101
100010101
011001001
00101001
0101001010
1001010010
01001010
10010010
0101010
010010101
1001010010
010101010
10100101
001000101
010101
10010101
010101001
010101010
010000101
10100101
010011010
1001010
0101010101
010010101
00001001010
100010010
00100001010
100100101010
01001001
010010101
0011010
0100010010
1000101
00101001
01010010
10010001010
100101010
1001001010
00101010
001001010
1001001010
01001010
101000010
010101010
010010101
1010010101
1001001010
0010101010
010100101
01001001001
10010001010
001000010
010001010
0010101010
0101001010
0010001001010
0001010101
010101
0101001010
0101010010
00101010
010101010
010101
1010100100
1000010010
0100100010
101010
01010101010
0011010
010101001
010010101
010110010
01010010
0101001
0010101
0011010
01001001010
0101001010
0010010110
001010010
001010010
01001001
010101001
1010001010
0100001010
0100110100
10101010
01010101
10101010
10100100010
10100101
100000101
01010101
10000100101
100101
10010100
1010010
0010101010
1000100101
01010101
01000101010
0101010
0101101
10010101
010010101
100010001
10101010
00100101010
0101010001
00111001
0010101010
1000110
010100110
01010010
10000101
01011001
01010001010
01010110
01010101
1010101
10100010
0010101010
1001001001
100100101
0100101
10100101
01101010
00101010
010101001
00101001
010101010
101001010
0011010
0010110
11001010
0101010
010110010
000101010
0010010010
00101010
0001001010
0010001010
101001010
10100100010
0101001010
010101010
00100101
001100101
0100110010
10101010
1010010
0100001010
01010101
0001001001
0100101010
001001010
10101010
101001010
001001010
0010010010
010010010
0101010
010010010
101010010
001000010010
010101010
00010101010
0101001010
100101010
0100101010
10011010
10101010
01010101
01010101
0010100010
10100010
0010101010
010101010
01000001010
1000110010
100010010
01010010
100101010
010100010
010101010
010101010
0010010101
101010101
00101001
010100001
010101010
1010010010
001001010
0101010
01010101
100100101
00101010
010010010
01010101
1001001
00100010
10101010
001001010
001001010
00101010
101010110
010101
1010101
0100101010
100101010
010101010
00101010
1000101001
10010101
0101010
0010101010010
010101001
0100101
0101010010
010010010
0101010
010101010
01001010
0001001010
0101010
00100001010
10010101
0010101
0100101010
10101010
01011001
001010101
1001001010
001010101
001001001010
100101010
0101001001
010101010
01010101
001001010
01010101
010101001
010101010
1001010010
1000101
10100001
001010
10101001
1001010
0100101
01010010
010101010
100101010
010101010
10101010
1000100010
01010010
0000101010
0100100101
0100100011
01010101
010101001
010100101
010100101
0101010010
0010001010
00101010
100010010
00101010
001001010
0010101010
10010010
1001010101
0100101
011010
101001010
01001010
01001010
0010101
1010010
01001010
0101010010
001110
00010100010
010101010
10010010
010010101
010101
010010101
1000010101
001010010
010101010
01010101
1010101
1010101
100101
100010100
01010101
10000101010
0010101010
001001010
10000101010
010101010
010010010
1010001
10010101
000101010
010101010
010010101
100010001
101010010
101001010
100101010
001001010
010101010
010101010
01001010
101010010
01010101
0100101001
010101010010
010010010
10101010
01010010010
010000101
10001001001
0000101010
00101010
0010101010
0010101010
0010001010
10101010
000100101
001010111
010010
10101010
001010100
1001010
1001101
010010101
00101001010
0101010
10010110
010100010
101010010
010010010
1001010101
00100101010
10001010
001010010
01010010
10001010
0100101010
0010010010
1001001001
0101001
001010010
0000101010
101010010
010100010
10100101
01010101
001010010
0101010
00100100101
100000101
001001001001
01010010001
1010101
10010101
010101010
0010101010
01010101
00100100101
0101001010
10001010
0010010010
0010010010
010001010
0100101010
0001001010
01010101010
00010101010
0100101010
1001001
01000101001
010101010
00100101010
010010101
001010100
0110010
1001010
10101010
010101010
1001010
100101010
1010010010010
010010010
00010100010
010010010
0010100010
00101010
0010011001
10100101
0101010010
10100010010
0010010010
010100100010
00101010
001010010
01101001
001010101
0101011
01010101
010101010
10010010010
1001010101
1001000101
101010010
0101001010
10101010
10101010
100010010
0100101010
0100101001
101010010
00100101010
0101001010
100101010
100101010
1010101
0100101
100010010
010101010
0010101
01001001
0101010001
010101
1001010000
001001010
00101001
100010101
1000100101
0101010101
0101110
10001001010
010101010
0101010010
0101000010
100101010
010101010
010010010
0010101
0101010
01010010
01010010
10011001010
10101010
0101101
0111001
01001010
10001010
010011010
101001010
100010101
001000101
010101010
01000100110
01001010010
101011010
010011010
01000101010
10010100010
010101010
01010010
010101010
0100100101
01010101
001010010
00101010
00101010
010101010
01010010
10001010010
0101010
001001010
10010001
0010001001
100010010
1010101010
00101010
0101010010
10011001
00101010001
001101
01001001
00001010010
10100101010
10010101
0010100101
01010101
100100101
10001001
1010101
01010001010
0100101010
101010010
1010001010
101000010
1000101010
1010010
100101010
001010010
101010010
1000101
1000011001
10010101
01010101
00100001010
00110010
001001010
0010001010
00101010
0010001010
010010101
001001001
10001010
001010001010
110010
100101010
0101001010
0010101
010110
01001011
10001010010
001010010
0101010010
011000100010
010001101
01010101
0101010
0010010100
01010101
001010101
010101010
0100101010
00100101
101010101
1010101
010010101
010010101
01010101
10010010
00101010
001000101
010100101
0010001010
011010
1011010
1001010
0101010010
01010110
01010010
0101010
10010101
10010001
0101001001
01001101
01001010010
100101010
01010101
1010101
00101010
100101010
10101010
0011010010
10010010
00010101010
01010101
10101011
0010101
010101001
001010010
01001001010
1010010010
10010100010
10101010
100001010
1010110
0000001010
0100110
01010010
1010101
01010101
101001010
100010010
01010101
10101001
01001010010
10001010010
101010101
001001001
0100101
0100101
0100110101
0000010101
101010100
10001010
01010101
01010101
000101010
100101010
010101010
0101010
101010
101000010
100100001
1010001
001010001
0000101001
010101010
00101001010
010010101
0010101
0100100010
01001001010
01010101
010100101
01010010
110010
0100010010
10001000010
01001001
010100101
100010
0101010010
100001001010
01101010
000011010
100010010010
00101001
010010101
0101010100
100101
010010101
0100101
01010101
0101001
01000101
0101001
101000101
0010
1000101010
0000101010
010001010
10001010
1010
1010101
001001010
00101010
10101010
00101010
0101010
1000001010
001010101
1001001
10010101
100101001
010101
10010101
0010010101
01010101
0101100
010100
01010
101010
010010101
1001001
0010101
10000101
0100101
010101001
10101001010
100101010
1010101
01010101
001101
01010101
100100101
001000101
0100101010
010101010
01101101
101001
1001010
101010
01101001
10000101
01010101
010000100101
1010101
0110100101
010010101
01010101
000001010
1001001010
1010101
00100101
00010101010
1010001010
1010010
1001001010
10101010
101010
0100101010
010101010
001001010
101001010
01000010101
1010101
0011010
001010101
010010101
100010101
10010101
100101
100101010
00101010
10010010
101001010
01001010
1010010010
0101010010
010101010010
010100101
010101001
0110101
1000001
010101010
010110010
0101010
1001010010
0101010
0101010010
1000100101
10001010
010100100
0100101010
01001010
0100101010
0000101010
0010010010
100100101
010100101
001010010
10101010
1001010
100101010
01101010
100010010010
10101010
0101010010
10101010
01010010
10101001
01010101
01001010
010101010
0100101
0101101
101001010
10101010
10001001010
0101001010
001010010
001001010
10101010
0100001010
00010010
10101010
100010101
0010101
000110010
00101010
10101010
0100101010
0101010
01001010
010101010
0101001010
101010
0100001010
0100101010
1010010
10001011
01010101
10100001
01010101
10010010
010010001010
00100101
00101001
1010101
01010101
10010101
0010010001001
0100101
10000101
10010010
01001010
100001010
10001010
01001010
0100010010
10010010
001000101
0101001010
010101010
01010010
001001010
1010101
1010101
001010101
100101
10101
0110110
1000011
10100101
01010101
00010101
00101001
0101001
010101010
0010001010
0010101010
10101010
0010101010
01011010
10001001
1010010
010010101
00010101
0100101
01010101001
00010010010
0100001010
1000101010
00100010
00100101010
00101001010
100001010
010101010
01001001
0010101
0101010
101001010
001010101
100100101
01010101010
00001010
01010101
100001001001
0010010010
0010101010
0100101010
1010010
0010101001
1001001
101010010
10100010
011010010
01001010
01010010
100100010
0101101
1010101
10101010
100100010
1010010
100101010
0010101010
010010101
0101010010
100101010
10101010
010011010
001010010
10101010
100101010
00101010
011000101
01001001
101001010
100101010
001000101
010010101
0101001
100101001
010101010
010100010
01100101
001001010001
010101001
1001001001
01010101
010100101
10110010
00101010010
001001001
100100101
00100110010
10101010
010100101
010101001
0010001010
010101010
10000001001
010010101
01001001010
101010010
100100101
10101001
010101
100001011
010101
0010001010
010001001010
0101001010
01001001010
01010010010
0110010
000110010
010101010
0001010010
0010101010
100010001010
01010010
011010010
01010101010
10101010
01010001010
1001010010
01001001
001010000001
10010101
0101011
001010010
1001001010
10100101
01001001
01001011
01010011
001001101
010100101
01100101
01010101
1000101
010101
0011010010
0101001010
001001010
1010101010
0101001
0101001
0010100101
010101001
01000101010
0010101010
0101011
1001010010
0001010010
1010010
10010101
01010101
1000101001
10001001
10101
1010101
1010101
01010101
01010010
00001001010
1010101
010101001
00110010
0100101010
0010101001
0101001
10010101
0100100101
100101
1010001001
0100101
0101010
0010100101
101000101
010100101
100101
1001011000010
1001001010
010100101
00100101
01000101010
010101010
001001010
101010
010101
1010101
01010110
01011001
01011
01010101
0001010010
01011010010
010101010
100010010
01010010
001010
10101010
101000010
01010101
10001001001
1010000010
010101010
001000101
0100011
001001001010
0101010010
0010101010
100101010
01001010010
0010101010
0100001010
10010010010
010101010
01010010
1010101
1010101
0101010101
101001001
010101
001000101
0010101
01010101
1010000000
100000101
10101
01010101
01010010
1010010
10100101
01010001
001101
10001000101
1000101010
1000101010
10101010
010101010
001001010
1000110100
010001010
100001010
1001010010
10100110
010101010
0101001010
0100101001
01010010101
01010001
0100100101
10011010
10010000
0101001001
0100011001
00100001010
100011010
10010101
1000101
010101010010
010100110
100101010
01010110
10101010
010101010
001010100
0101010010
0101001010
10001010
100000101010
0101010
010100001
0101010
101010010
1000110010
01010101
0101101
001010010
010010010
001100101
000010101
0000101010
01101010
0010100010
0100101010
0000101010
0100101010
0010100100
010101010
01010100110
1000010010
010101010
1010100010
010101001
10100101
0101001010
0010001010
10100101
101001
0100110001
0010101
001001010
01001010
01010010
1001010010
00101001
1010101
0100101010
0101010
010101
0010101001
0001101010
0101010010
001000010
010101010
0001001010
00010100010
0010101010
10101010
1001010
01001010
10101010010
0101010010
1000110
00101010
001010010
1001011010
010101010
00100101010
01001010
01001001010
0101001001
01010101
010011
010100001
1010101
001000101
01010101
01011001
0000110010
00101010
001010010
1010001010
010110
000101010
010101010
010110010
100101010
10100010010
100101010
1010100010
01001010
00101010
00101010
001010010
0010010010
01001010
010010111
01001001
00101010
01010001010
010101001
010010101
01010101
0101010101
100101010
100101010
00101010
0101010
010100010
10100101010
00100101010
00101010
0100101
100101001
1010001010
010101001010
00101010
00100101010
1010101
001011
0010100001
100010101
0010101
1001001
0010010010
010101010
01010010
100101010
0101010010
100101010
10101001
01010101
1010001010
0010101010
00000001010
010101010
1010001
01010101
1010010
01010101010
01010101
1000101
10101
01010101
01010101
100010101
0110010
00101010
0001010010
010010010
0010110100
101010
100101010
010101010
00101010
10101010
00101001
010110101
0100101
1001000101
0010010010
010101010
010101010
00101010
01001001
10100101
1010001
1010101
1010010
000001001010
101001010
100100100010
0010101
000100101001
1010010011001
010101001
10100110
1010110
101010010
0101001010
0101010010
010010010
010000101
101010101
0101001010
0101001010
01010010
00101010
010100101010
01001010
00100101010
01010010
01000001001
100101
01001010
010001010
0010101
00101001
1000101
010100101
1010101
1010101
1010001001
10101001
001001010
0101010010
10101010
0010110010
0101010
01010100010
10010101
010101001
00101010
01001010
010100010
00101010
00101010
00101010
100101
01010101
101001010
01001001
010011010
1000100010
10001001001
01010101
010010010
001001001010
10010101
0010010101
10100010010
0010100010010
1001010
101010010
101000010
00101010
010101010
001010010
00101001
00100101
100101001
0101001
00100100
10101001
1010101
10100101
01010010
0110010
010010010
00010001001
101001101
010100101
001001001
010010001
01001001010
1001010010
010101010
10101010
0101001001
01010101
10101010
0100101010
0101101
0010001001
010101010
010100010
01010101
101000101
100010101
010010010101
1010101
0110010101
00100100101
0100101001
1001010010
010101010
01010101
010101
1001010
0101001010
10101010
10010010
0101010010
010101010
0100101
10100101
01001010010
100101010
1010110
101010010
1001010010
10010010
00001001
1000101
01010101
100010101
0101001
1010101
001010101
010100101
01001010
10010
0101001
010010001
0010101010
010101010
1010101
1001001
00100101010
1000101010
1001001010
00101010
000100101
011001001
010010101
01010101
010101010
1010010
100101001
01010101
001010
01001001010
01010101
001010101
0101010010
01001010
00101010
01001010
1000101010
0010001010
010010101
00100101
00101010
010101010
000010010
00100100010
10100101
00101010101
010101010
10001010
10100101
01010101
0010101010
00100101010
101001001010
010100010
01001001
01001001
01010101
1000101
010110010
10101010
010110010
010001010
01010100
1000100100
010001001
0010100101
01010010
00100000010
00100010010
000001010010
10010100
100001010
10100101
010101
10010110
1010101
0101010101
01010101
1000101010
0101001010
010100101
10100101
1000011
1010001001
0100010100100
010101010
010100101
001010001
100101001
0010101
01001001
100100101
01100101
1010001
1010101
010010101
0100001010
010101010
0100010010
10010101
00010101010
100101010
010100101
0100100101
01001010010
010101010
01001001010
101001010
01010101
0000101001
1001001010
100001010
0110001
00100001
00100101
010010101
1001010010
001010010
100010101
1001010100
10100110
100010010
010100101
0100101
010010101
10010101
001010101
10100101
010010101
01010101
100001010
0010001010
01100010010
0010101010
10010100
010100101
00100101
010010101
010011001
01101001
0000100101
01010001001
0100010101
010101001
01010010
010110010
010010010
010101010
01010001010
1000010010
0101001
10100001001
0010101
10010101
100101010
100101010
001001010
00100010010
100100101
001001001
0101001010
0010101010
011010010
101010010
0100100010
10100001010
0010010100010
1001000110
0100110010
1000001010
10101010
1010100010
010100101
01010101
0001101001
0010100001
10000101010
010100010
010101
01010101
0100100101001
101010001
000101010010
10101010
001001010
010101010
10001001010
100101010
100010100
1000011010
010001010
01001010010
10000101
0101010101
000101010
10100100010
1010110
0101010
010101010010
1000010100
1001001001
10010100
101001010
0101001010
10010101
10001101
01001010101
0101001001
001101010
0110010010
0101001
00100100101
0010100101
001010101
100110101
00100101
0010101
010100101
0101001001
1010110
101001010
01001010010
10010000100
0010101010
1001000
01010101
01010101
10000100001
10010101
010101001
0100101
01010101
01010001
101010
01001010
010110010
010100110
1010101010
1010001010
1010001010
01010010100
000001010
100010101
011000101
10101010
0101010
0100101
10101
00101001
1000101
0101001
010101001
0101001010
00101001010
10101010
0010101010
0100110
0010010010
10101001
010010101
001101010
01001010
010101010
100101010
11001
0101010100
101001001
1010101
0100101010
0010101010
00100101
10100101
1001010
0101010
01011010
1000001010
10000101010
00101001010
001010010
00101010
10100101
1000101
001010101
100001001
01001001010
00101010
010101
010101010
010101010
010101010
101010
001101
0010100001
0101101
0010101
1010101
1000101010
0101010010
01001010
10101010
0100101010
10101001010
0010101
01010101
10001010
101010010
10101010
1001010
0010101
0010100101
00100010100
0100101010
01010010
0100101010
00101010
010101010
00101010
100010010
100100101
101010101
10100101
10010101
1010101
0101001
010010100010
000101010
00101010
00010101010
0100101001
10010010101
01010101
100101
00100101010
1001010
1010100010
01010100010
0000100011
100101
00001001010
0010101010
00100101
10010101
10010101
001010101
1000101010
1010010
10010010
0100101010
100101010
00101010
100101010
10101010
0011001
100101001
010101010
10001001010
0100101010
1001001010
010100101
00100101
1010010
10101010
01010101
101001001
10100101
010010101
0100101010
0010100010
01010101
10010101
0100100101
1010000101
101001010
10001010010
0000101
010100101
0101001010
1010101010
0010010010
100100100010
0100101010
010101010
010101001
101000101
100101010
01001010
00100101010
10000001010
01001010101
0101001001
001010101001
000101001
0010101
01001001
100010010
01100101
1001000101
010110101
1010101
010101001
0100110
10100101
0100101
100101001
01010101
011000101
001011001
01010101
01010101
1001010101
010101010
001010010
00101001010
00101010
1001000101
0010101
1010101
0101010
10000110
000101010
010100101
10001001
010100101
1010101
010010010
0100101010
100011010
10010010
0101001010
1001001010
0001010010
100001010010
01010101
00000010101
01010101
10100101
001010100
11001010
010110010
0101011
1000010010
1010011010
10010010
001001010
010010010
00010101010
100101010
000101010
10101010
01010001010
10010101
10010101
0100100101
01101001
1000100101
10100010001
00101010
101001010
10101010
00010010
00101010
10001010
10100101
0010101
010100001
0100101
100101010
1001010
1010101
01000101
0010011010
01010101
0001010010
00101010010
011001001
01010101
0101010010
0101001010
1001001010
010001010
0010001001
000101001
100000101010
0011010
10101010
001001010
0001001010
0010100100010
01001010
1010010
01001010
10101010
1010011
001000101
0011001010
00100101010
01010101
010010101
1001001
010101001
101010010
0101010
001101010
0101001010
01010101
0010100101
01100101010
0010101010
01001001
01010101
0010011001
010010101
010010101
1000001
101010010
10001010
010101010
011011010
00101001001
010010101
1000100101
10010101
0011010
010101010
0101010010
001001010
0010010010
001100010
1010010
00100001010
01001101
010010101001
0011001
01010101
0010100010
010101010
010101001
001010101
1001010010
00101010010
0010001010
0011010
010110
10101010
010101010
100001010
10101010
00101010
01010101010
0101001010
01010010
1000101010
10101010
0010110
010101
010101
0101010
001011010
0101010
001010010
10010101
010100101
00101010
010101010
01010010
01010100
00101010
010101010
001001001
1001001
100100101
01010101
000110101
010010101
1000010011
0010011
01001010
10000110010
0010010010
001001010
0101
010100101
101010
101001010
0101010
1010101
011010
001101
001000101010
0101010010
010100101
101011
00101000
0101001
00110101
1010011
001010101
1000010101
010010010
1001010010
10100101
10100101
010100101
01010000101
01001010
001010010
01001010
10010010
0101010
0101010
01001001010
10101010
0101010010
0010001010
00100101010
000101010
0101010
01000101010
10010101
101011
010100101
10101000011
1010101
00101000100
0010101001
00110101
0010001010
01010010
1001000101
01010101
10001010
0101100010
0010001010
00101010
1001010010
001001010
00101010
0010010010
0100001010
0001001010
01001010010
010101010
01001010
010010010
10100101
010100101
000101010
1001010
01001001010
000101010
0010010010
01010010
0001000010
00000010010
1001001010
010010010
1010010
00100010010
010001
010100101
000010101
1010101
1010101
10100101
00101010
101010
0101010
0100010010
010101
01010101
00100101010
00101001010
01010101
001010101
0101001
1010101
001010010
100010010
00101010
010101010
010101010
01010010
01010101
010101
01010101
01010101
10101010
01010010
000101010
00100101010
010110001
10100101
101001
001001001
0101010
01010010
011010010
01110010
100101010
0101010
1010101
1010011
010101010
100101010
1001001010
10000101010
01010010
010010010
10001001010
0101010
01010010010
10010010
001001010101
0110010101
0011010
0101001010
000100010
10000100010
1001010101
100010101
010010
010101010
100101010
010101010
01011001
101001
10001001010
10010010010
10100101
010010101
10101010
10001010
01010101
10010101
011000010
0101010010
1001010010
011010010
0100101001
00100101
1000110
00101010
0101010
01010101
100101000
100101010
10001010
00000101010
100101010
0010100010
10101010
001001010
010010101
100100101
0101010
0101001010
0100101010
010101010
01010101
1110101
010101010
0010101010
10101010
010101010
0100101
000011001
0101001001
000100101
010101010
010001010
010101010
0101010010
10001010010
00100101010
0100101
10100101
1010100110
01010010
01010010
01010010
01001010
100010010
1001000010
001001010
001010010
01010010010
01001010
00101010010
001010010010
001010010
01001001010
00100101010
00101010
0101001010
01010110
0010100010
001001010
010101010
0110010
001010101
0010000101
01010001001
1000100010010
01010101010
10001010
00101010
10010100010
100010001010
01010010010
0010101010
001010101
10100101
0101001010
010101010
00001010010
010110010
0101010
00100010
01010
00101010
0110010
100100010
100101010
001010010
0100101
10101000101
100010101
00101001
00101010
010010010
0101001010
0101001010
00101010
01010010
00101010
0101010
10010010
0100010010
10101010
00100001010
000110010
101001010
1000101
100101001
001001010
010101010
000100101010
10010101010
100101010
0101001010
1001010
010010010
0101001010
001010010
01001001010
01001010
0100000101
0100100101
100101001
100101
00000101010
010010010
10010010
01010010
01010101
010101
0110010
01001001010
0100100101
101001001
00100010010
1100001010
0101001
100101
00101010
010101010
01010101
101010
0010100010
00001001010
00101010
1001001010
1010101
00101001
101001010
010001010
10001010
101010010
010101001
01010101
101101
01010101
10101010
00101010
1001010
010100101010
00101010
01011010
1011010
001010010
0101001
0101001
010010010
010101010
100010101
1010101
010100010
01010101
00010101010
10010101010
100101010
00101001010
10101010
000101010
100110010
0101001010
0010101001
010101
101010010
0101010010
001001010
0010010010
010101010
010001010
0010010101
1010101001
0010101010
1010001010
000101010
0100101010
1010101
01010101
010101
10100101
010101
100101
0101001010
01001010
01101010
0100101010
1000101010
011010010
00001010
010101010
01000101
1010010001
10101001
1010101
0101000101
1010101
01001101
0101011
0101010100
01010101
0010101010
101010
01110010
1010100010
0101001001
101001
1001001010
00101001010
1010101
0010101001
01010101
101001
01010101
100010101
01010010
00101010
0010101010
0010101010
0101001010
100101010
0101010010
1000101010
10001010
1001010010
01001001
0101010
10100101
1001010001
1001001
0100101
000101010
1000001101010
1001010010
00100101010
10010010
010001010
001001001
00101010
1010101010
0101010010
01010101
0101010100
010101010
001010010
10010101
1010101
010010101
0010010101
001001010
010101010
010100101
0100100101
0101010001
1000101001
0100100100010
100101010
01001010
100101010
100101010
0101001010
00101010
010100010
00101010
0100100010
1001010010
0101010010
010101010
001001001010
001000001010
100010010
10010010
00001010
1010101
0100101
0100101010
001001010
00010100010
0010101010
0101010010
10010010010
010010101
0010010101
010101
01010010
100010101
01000101
00101001
10010101
10101010
101010010
010101010
0010101010
0100010101
010010101
010101010
100101010
010101010
10100110
1001010101
0010101001
001010010
01010010
011010010
110101010
10010001010
0101001010
001010001
0101001
010101010
0100101010
001001001001
10100101
010101010
000101010
10101010
100101010
01001001010
010101010
01010101010
010001010
010001010
1001010
10010101
010100101
010110010
100001010
100101
01001101
01001010
00101010
010101
1010101
0001010010
011010010
010010100
01001010
010101010
0100101010
10001010
01010001010
0010101010
0101010010
01001010010
101010010
01001001
001010101
0101010
1001010010
0010000101
0010010101
01001010010
10100001010
100001010
100100010
10101010
10010010
0010101010
0010100010
0010101010
001001010
0100101
010100101
00101010
10010001010
0010101
010101001
010101010
100101010
00010010010
10100101010
100101001
010010101
0010001000
10000100010
0101010
010101010
001001010
0010101010
1010010010
0001010010
00101001
01010110
10101001
1010100101
1001001010
001001010
01010010100
0100101010
01010101
100010101
1000101001
00101001
10100100010
01001010
1000110010
0101010010
001001010
101000010
0010010010
1010010010
10010101
001010101
00001010010
0110010
01010010010
010100110
100100101001
00100101
010100001
101001
10101010
10101010
001100010
10000101010
01010101
001010101
1001001001
101010
0101010
100101010
00101010
01011010
0100110
100001101
1010010
010010010010
0100100101
010101001
10010001010
01001010
00100101
001010010
00101001010
0010010010
000101
10001001001
010101010
1001001010
010001010
0101010010
0100101001
101010101
010011010
01001010010
101000101
010010101
10001010
01010100010
001000101010
0100101010
1000010010
1000101010
001010010
1001001010
0010001010
1001010
1010101
100101001
01010101
10010001010
01010010
0010010100
01010010
0101010
1001001001
010101010
1010001
100010101
10101010
011010010
01001010010
01010100010
0110010010
10101010
0100101
001000101
1010010
0100001010
1000101010
0101001010
00101001
01010101
010101010
0101001010
100010010
0100100010
010101010
100101010
0010001000010
01010010
010010101
10011010101
0101010010
000101010001010
0010110
0101010
001010010010
001010010
0100100101
01010101
01000100101
101001
101001010
1001001010
10100101
1010101
001001010
10100110
0010010010
0001101010
010100110
001010001
010100010
101001010
00100101
10111
01011010
101010010
010010010
01010010010
001010010
010010010
101001010
01001010
001010010
010101010
100010100
0101011
010101010
100001010
00101010
010101010
101001010
0010101010
000100101010
0101001010
10100101
010100101
00010100010
010010110
010101010
0110001010
0110001
100010101
1010010
00101001010
010101010
010011010
000010100010
001001001
10010101
0101010
00010100010
01001010
101010010
0101010
01001001010
100101010
010101010
101010010
01100010010
100000101
10110101
0001101010
100101010
100101
01010101
1000101
01001001
00100101
01010101
0100101001
1011010
101000110
010100100
01010010
01001010
00101010
0100101010
0001010010
0101010010
10101010
1010101
1010101
10000110
01101010
010101001
1000101001
101001010
1010010
0010010010
1010010010
1001011
1010101
0100101001
0100101
011001010
0110010
10010101
01011001
01010101
01010101
01010101
0101010
100010010
1010010
0101010010
01001010
1010010
1010010
100101
10000101
01010010
010010010
0010110001
01000101
00101010
0101001010
01010000
11001001
010101001
100100101
01001001
01010101
010101
10100101
10000101
010010101
000101010
01011010
0101010100
10101001001
10001011
110001001
001001010
010101010
010110010
100101010
101001010
100101010
010101010
010101010
10010101
001010101
010010110
1001010101
0010001010
1010001010
010010001001
10100011001
010101010
0100101010
100101001
0010101001
101010
1010101
010100110
10010010
0010010101
010001001
001010010
010110010
101001
0000101001
1000101
0101100101
101010100
1000101
0100101010
01000010
01010010
1010010010
0100101
010010
00101010
010101010
1001001010
0101000010
100101010
01101010
00110010
0010101010
0100010010
10010110
10001001
10100101
01010010010
10100010
0010101
100101
1010010
01010101
10010001
00101001
101001010
00101010010
0101010
01101001010
1010001
1010101
0101001010
1010010010
01010101
00010010101
100100010
1000010010
1000101
0100010101
010101010
01000010
001010010
0101010
10001001010
010001001010
101001010
010110010
0101011
0010101001
01010101
01010101
010101
010100101
100101
01010101
010101001
010100101
00101001
01001001
01001010
100101010
01101
010010101
00101010
010001010
10010101
1010101
0101001010
000101010
0010010010
0101010
01001010010
010101010
10101010
001010010
10001010
0100101010
01011010
1001010010
00101010
010010101
010010101
10100101
00010101
01010101
01010101
001010101
01010010100
10101010
01001001
1001011
0100101010
01001010
100101010
010110101010
1001010
010011010
0010101
010101
0010010010
100010010010
1000101
10010101
010010101
010101
110010
010101010
1010010010
101010
0101101
00110101
10101010
10100001010
1001001
1000101
0110010
1000101010
001101
00101001
0010001010
10101010
010101010
0010001010010
10001010
10101010
0101010
0101010
0100001010
0100101010
1010001
0101101
100100101
0010000101
1010010
010101010
0100100110
10010001010
0101010
1001001010
0100101
010100001
10010100
101100100
0100100101
100101001
0100101
01001010
010010
0010010
0100100101
01101
010010101
00100101
000101010
101010
00100010010
01011010
001001010
1010010010
100101010
10010010
101001
0110101
101001010
00101010
0110010
100001010
1010001
1010101
0101010
00101010
100101
101001
0101010010
010101010
10000110010
0010100010
0010101010
010101010
0101010
01010010
1010011
1010101
0100101010
010101010
010101
10010101
010101010
000010010
101010
101010010
010010101
010101
10010101
010100101
010110101
011001101
01010101010
01000101010
0001010010
0010101010
0101001001
1001010100
01010101
100100110
011010101
0110101
01010010
101001010
101001010
010101010
01001001010
1001001010
1001010
010101010
010101010
0100101010
01010010
100101010
010101010
0100101010
0101010010
1000101010
0011010
0101010010
100101010
10100110
10010101
010101001
001001010
101010010
010101010
0101010
010101
101011
01001001
010001001
10101010
00101010
0101001010
10101010
0101
01010101
10010101
001011001
0101010
01010010
01001001
0100101
01010101
010100101
0010010001010
0101010
01001010
00100101010
010101010
00100101010
100101001
010010101
0101001010
10101010
1010101
10010001
0101001010
010110010
01010101
01010101
10110101
01010101
00000101010
00101010
1010101
010101001
01010010
01001010
01001010
0010101010
10010101
100100101
001010010
010001001010
00101010
1001010
0001010010
1000101010
100101
101000011
0100101010
0001010010
010101010
01010010
010101001
00100101
0101010
01001010
01010101
01001001
10001010
10101010
00100101
001010101
010101010
100101010
00101000001
1100101
01000010011
00010101001
101001010
0101010010
01010010
000101010
01010101
001000101001
100101010
1001010
01010101
10010101
0100101010
00101010
101001010
0100101010
00101010
1101010010
1010101
0100101
0010010100
1101001
1010101
01010010
10101010
0010010010
01010010010
010110010
10100110
100101010
010010100010
100010100010
001010100
00001010010
0010101010
01100010010
0101010
010101010
001101010
0110010010
0100100101
0010010101
01001001010
01001001010
0110010
10100001010
1001001010
100101010
010001
0101001
1000110010
10010010
010101
01010101
10010010
0010101010
100101010
01011001
0001001001
10100101
101010
0010001010
100001010
101001010
01010010
01010101010
101001001
001001001
00101010
010101010
1001010100010
010110010
101001010
1000101010
0101010010
1000010010
10011001
10100101
0110101001
00101001
00110101
0101010101
1001101
01010101
01001010
0100000100010
00100100
101001010
01011001
10100101
10001010
0010101
100010010
00000101010
0100101010
0010101010
100100101
101010101
01010101
01010101
010101001
001010001
01010100010
01010101010
100001010
0101010010
0010101010
1001010010
1010101
10010101
0010001010
001001010010
010101010
010010010
00100001010
010101010
00101001
0100101
100001001
01010101
10010101
0010101
0100101010
1010001010
010101001
10010101001
10010001001
00100101
010001010
010101010
010101010
0101001010
001010010
010001010010
100101010
01010010
1001010
0001010010
0101001010
00100101010
1010001
0010101
010101010
1100100010
1001010
10100010
00101010
00101010
010100101
1010100101
10010101
101010101
01010101
0010101
010101010
100101010
01010101
010100101
001010010
001010010
0101001
101001001
0101010
1001100010
00101010
010101010
01010101
00110101
100100101
0101001
10000010
010110010
1001001010
0100101010
0010100010
1001000010
1001001010
001010010
1001010010
0100101010
101001010
0011010
001010010
01010001010
101010
01000101010
1010110
1001001010
010010101
01010101
0101001010
01001001010
001010101
010010101
0101001010
000101010
00101010
0100101010
10010101
1000101
01001001010
00101010
010000101
1010101
10001001
001011001
0100101010
001101010
0101010
10000010
010010001
0010100101
1001001010
0101010010
1010101
01010001
10010010
0010010
100010010
0101001010
00101010010
010101010
01010101
0010100101
1010011
010101
101001001
1001001
101010
101010
010011010
1001000010
0101001010
0100101010
0010100010
0101010010
100000100010
0101000100010
00100100101
1010001001
10001001010
0100101010
010010010
00100101010
0100101
001001001
0100101010
0010010010
001010101
0100101001
101010
010101010
0101010001
0010101
100010010
10001001010
01010010
001010010
000101010
01001001010
1010100010
1000100010
0101001010
010101010
101010
0101010
0010101001
01000101
10010101
0010101
10100010010
1010100100010
001001010
10000101010
1001010010
010101010
00001001010
01001010
01010101
1010101
1010101
01100101
1001001
1010010
010101010
010101010
10101010
00101010
10101001
01010101
010010010010
10010101010
100010101
10010101
001001010
010101010
1010101
010010101
01010101
101010101
0101010010
00100101010
10101010
01010010
01010010010
01010001010
100100010
011001010
1010101
10001001
01001010
100001010
10010101
010101
001010010
01000101010
100101
10010100001
010101
1010101000
101000101
0100101
10110
101010
001001001
1010101
0110001010
0101010010
01010101
01010101
10010101
01010101
001010010
100010010010
1010100
1001010101
1010101
001010001
010101
10001001
1000101
0100100001
010101001
01010101
0100101010
10101010
1000100101010
100101010
0100100010
100101010
0101010010
001010101010
100101010
0101010010
100100111
10010101
0100101
100100101
101001
101000101
01010010
1010010010
001100100
01010101
010001
001000101
1000100101
00100101001
010101010
010010101010
1010101
1010101
0010100001
011001001
010010010
010101010
01010010
0101010010
010101010
0010101010
101001010
01010010
10010010
010101010
0010101010
0101010010
01010101
010100101
010101101
101000100
1010010
1010001010
1001001001
10001010101
1010010010
0101010
100101
1010101
0101010
010110010
101001010
1001010
1010101
01010101
10000101010
010101010
1010010010
0101001010
0101001
10100101
0101001010
0101001010
101100101
010010010
01010010010
010101010
10010101
0010010001
00001001001
1010101
0101010
10101010
0101001010
00100101010
1010010
00101010
0100100101
100100101
1001010
010100010
000000101010
01010001010
100101010
010101010
0101010001
01001001
01010101
001010001
01001010010
010101010
100100101
0100101
01010010010
010001010
0001001010
00101001010
01010101
0100100101
101001010
1001001010
0101010001
010101001
00100100010
01010010
010010110
1000000110
0101010010
0101010010
010101010
0100101010
10001101
001010101
0010101010
0001010010
01010101
1000101
1001010010
101001010
001010101
0100100101
001010101
100101
1001010100
101010100
01001010
00101010
010101010
0010100010
010010101
100011
010101101
0100001
01010010
0100100010
101010
0100101010
10001001
100010101
0101001010
01001010
0111010
00101010
10101010
101001010
100010010010
001010010
100010011
010101
001000101
010010101
00101001
0010101
100101001
0010001001
10001010
100101010
001010100
1010101
01000101
010101001
1010101
01010101
0010100010
01010010
001001010
100101010
010100010
10010010
010101010
001001010
0101001
1010101
0010101
1010101
100010101
001001001
01000101
1100101
001010010010
1001010010
1010001001
01010101
00101010
1001010010
0100101010
00101010010
010101010
1000100010
01010101
1010101
10101010
0101010
01001001
010100101
1001001
01001001
0101101
010101001
0101001
01001101
100010101
01010101
1000101
1000010001
010101
0101001
010000101010
100101010
00100101
0101001001
10010101
0101011
0100101001
01001101
0101001010
10000001010
1010101
0010100101
010010001
0010001001
100101
1010100101
00101010
010101010
1010101
10010101
1001100010
000101010
01001010
100101010
0100101
01010
0101001010
01010010
01101010
1001010
0101010
010101010
101000101
010010101
10101010
00101010
100100101
010100101
00101010
00101010
10001001
01001001
0010101
0100101000
001010101
01010101
01000100100
0101010
00100010010
100100100010
010101001010
010010101
010101010
1001010010
1001010010
010010010
1000101010
01010001010
010100010
0010010001
0010101
10010101
010001010
001010010
0010100101
010101001
010010100
010101010
0010001010
10101010
100101010
00010010010
01001001
0100100101
001010101
010010101
001010100010
0101010010
1000100010
0110001010
100100110
01010010
1001001010
10000110101010
0101010
01001010
100100010
0001001010
01001010
10010101
10010100101
00101001
001011010
010101010
00101010
010101010
101010010
00011010
0101010
10010010
00010010010
00010001010
01001010010
1001001010
01010101
01001010101
001010001
10101001
10010010
1000101001
011010
01001001010
0101001001
0100100101
100110010
00101010
01010010010
1000100010
0010101010
01010010
0101001010
0100110010
01001000100
10010010
0100100
0101010
1010101
011000101
1001001010
001010010
0100100100
01010101
01010010
01001010
00101010
10011010
010010101
10001001
101010
10101010
1010101
101001
0101010
0101010
101001010
00010010
1000101010
0101010010
10101001010
001001001010
00101010
010010010
10001010
00101010
0010001010
001001010
010101
1010101
010010101
01010101
010010010
001001010
010101
10010101
01010101010
0010101010
010000101
010101001
0010101010
0001001010
010101010
010101010
00101001
101010101
010001001
100100101
10100110
0010101010
100101001
10010101
001010010
000101010
100101010
100010100010
001001001
101010000
0100101010
010101010
0101010010
0101001010
01010010
001010010
010001010
010010010
0101001
010101
01010101
010011001
0101010
00100101010
0000101010
0101010
0010101010
011001010
0101000101
10100101
100101010
000101010
010101010
10010101010
01101001010
001001010
0100101000
1010101
0010101010
010101010
00100101
010101001
0100101010
10001010010
010101
010100101
001010010
10001001010
010101010
100000101010
0010101010
1001010
01010101
01001010101
10010101
10010101
10010100010
100101010
01010101
10010101
010101010
0100101010
101001001
10101010
1010101
01010101
0100101001
1000100101
1001001
1010010101
10110010
01010010
010110010
0101010
01010001010
0101001010
10010101
0100010101
10101010
0100101010
1001000100
10101000
0100101010
11011010
01010001
010101001
100001010
0010010010
001100101
1000101
0100101
010010101
100101001010
10100001010
1010101
01000101
10101010
10001010010
010101010
010010010
01010010
00010101010
1000101010
010010010
010101001
10101010
010101010
0001001010
1001010
10101000010
0100010101
001001001
010101010
10101010
1010010
00010100101
101001010
101010010
0100101010
01001010010
1010101
10010101
1010101
01001011
010101
101000101
10101010
1001010010
01101001
0110001
0100101010
101010010
010101
10100101
10101001001
01010101
01001010010
10011010010
101010
1010011
0010001010
101010010
010101001
0110001
01101001010
01010010
1010101
010100101
11001010
101010010
10100010
0010001010
01001010010
001001010
01001010
10000100010
1001000101
01010101001
10110010
0101010
010101010
0101001010
1010001
1000010101
0010010100
01000101
1000101010
010101010
1000101
01010101
101001
01010101
1000101010
1000101010
000101010
010101010
1010101
10101001
010101001
010101
10101010
0101010
00101001
01010101
00100101010
010101010
01001001
101001001
1010101
001010101
0101001010
0010110
0011010101
1000010101
100010101
10100101
0101010
00100001010
11101010
00101010
001001010
010101010
1010010010
101010010
001001010
0010101010
0101001010
0100101010
0101010101
00010101
00101010010
01010010
0101011
010010101
0101001
10100101
10101010
010101010
00110010
0101010
01100101
0010101
010101010
01000101010
101000010
100010010
101010
010101010
00101010
00101010
10101
010010101
010101001
101010101
00000101
010101001
101001010
0100101010
01010101
010010101
01010101
01010101
001000101001
01001001001
010011001
10010101
100101010
100101010
01010010
10001001010
01010101
1000110001
01001010
100101010
1000101010
0101010010
100100100101
1000100001
1000101001
10101010
0100110010
0101001
0010101001
0010010101
00101001
001001010
100101010
0101100101
0100101
010101010
10101010
100010010
1001010010
0010101
01010101
10000110010
00101010
10100101
100010101
0010010101
000100101010
1010100010
00101001001
001010101
1010101
01010100101
001010001010
100101010
10010101
010101001
1001001
001000101
010101010
00101010
10010101
001010101001
1000101
000010101
010101001
00100101
0011010010
10100100010
00100100010
01001010
0101001010
01010101
1001101
0010100100
10010100010
10100101
101010101
0110101
00010101
100100010
101010010
0011010
0101010101
001010010
10101010
0101010
010101001010
1001001
01010101
001001001
1001001
0100100000
01010101
10100101
01010110010
0010010010
011010010
0100101010
00111010
00101010101
0100010010
100010010
001010010010
1001010
010010101
001000101
01010010010
010001010
1010010010
0101010010
01010101
00100100101
0101010010
100001010
001000100
101010101
0101010010
010010010
0010010010
000101001010
010101010
00101010
1000100010
00100101010
100101010
10010010
00101010010
01010010
1010010
000110010
0010101010
10001010
1001001001
10100101
00101010
10001010010
0100110
00101010
101010101
001011001
00101010
1010000010
001010010
000101010
00100001001
10000001001
100010010
100101010
0101010
00101010010
10101010
1001010
010100101
010100101
0101010010
0010101010
01010101
1010101
010101010
0101010
1000010101
010010101
00100101
10010101
010101010
0010100010
1001101010
10001010
01010101001
10010100101
001001010
01010010
101010
10010101010
0101001010
001001010
0100101001
100101001
00101010
01010010010
101010010
010100110
01101010010
001010000010
1010101
1000101001
011010
101010010
001010101
00101001
01010101
001010001
010101
01010101
00101010
00001010
100101001
010110101
0100101
1001001001
0001001010
100101010
01011010
1001010010
01010101010
010101010
01010101
010101001
10101010010
100101010
100000101
0010100100
01101010
1010010010
0110010
101010011
1010101
0100101001
001001001
000101010101
001001010
010100100010
0100101010
0100101010
0100101001
0101001
10010100010
0101010010
101000100101
010100111
100001010
10101010
010101010
100100010
00101010
001001010
10010010
0010101001010
0101010
0100101010
010101
1000101001
10101010
0010010010
010101010
00101010
10101010
010010010
10010010
0101010
0010101
010010101
001001010
00101010
001100010
10101010
1010010
10010101000
01010010
101001010
1001101
1010101
0101001
10010101
11001
01010101
000101010
010001001010
010010010
10101010
01001010010
10010010
00101010
10101010
01010101
00100101
01010101
01010101
0100101
1010000101
0001001010
001010100
1001000010
01001001010
0000101010
01001010010
101001
100101
1010101
01010101
10101010
100101010
10101001
1010101
0101010
0100101010
00100101
00100101
00100101010
0100101010
010101001
1000101
10101010
1001010010
10101001
1000101001
0100101010
0010010010
010101010
100101010
01010101
100100101
001001010010
010101010
10101010
101010010
00100101010
0010001010010
10101010
0100101010
1001001001
0010101
101010101
1010001001
