0100101010
10101010
01010101
101000101
10101010
0010101010
1001001010
00101010
01010101
01010101
01010010010
10101010
10010010
001001010
10101001
001010001
00101010
00100101010
10010101001
101010100
010000110
010101010
01010101
1010001010
10100010
01010010
0010100101
01010101
0101010010
100101010
00101010
010101010
101000101
0101001000
10010001001
1000100101
10100101
010100011
010101010
100001010
0100101001
10101001
0010101
0101100101
00101010
010101010
010101010
10101010
0010010000
001010101
10100101
1011011
1010101
0110101
0010101
1001000101
01010101
010010101
1010010010
101010010
101001000
10010011
100010101
01010101
10010101
01010101
01010101
0010101
0100101010
0000101010
1010001
01010001
1000101010
10101010
001001010
1001010010
00101010
00101010
01010101
0010001001
10010101
0100101
01001001010
1000101010
010100101
01010101
010101
010100101
010100101
10010101
01010101
1010101
10101010
101010010
10101010
010010010
010101
01010001
10101010
101000110
001010010
1001001010
10001010
00100101010
1001010010
010101010
10010101
100100101001
10010101
0010010101
000001010
0101101010
010101001
0101010101
1001010
0100101010
010101001
010101
0101101
1010101
010100101
1000100101
001001010
1001001010
010010001
10010101
001101010
10101010
10101010
010101010
01010101
0101010001
1010100010
101001010
010010010
1001001010
011001010
010101010
1010000101
01011001
010101010
001001010
0101010010
010101010
0100101
010100101
010101010
100100001
1001001010
0101001010
01001010
010011010
00101010
000101010
010100100
1010100001
010001010
101001010
00100001001
1001010101
1010101
01000101
010101010
010101010
1010101
1000101
10010011
00101001
010101010
010101001010
0001010010
0101001010
1000010101
10001010001
100101010
0010010010
100100010
0100101010
001000101
00001001001
10101010
0100100010
0101001
1010101
01010101
100011001
10001101
00100101001
010110010
1001010010
1000100101
01010101
01010100
01010101
10110101
10101001
0010001010
00101010
010101010
10101010
0101010010
10101010
0101010010
01010010
101001010
010101010
01100101
10010010
0010010010
10010100010
010101010
00101010
101001010
10001010
0100101000010
001010110
0011001001
0100101
101001010
010101010
0101101
01001101
001010010
01001010
1010101
010101001
01010010
001010010
010101001
100001010
10000001010
10010010
1000100101
010010101
0101010010
100001010
0100010010
01010101010
1010010
1010010010
1001000010
01011010
1001001001
01010101
01010101
01010101
010101001
00101001
010110010
1001000010
01010101
0010101
01010101
01010101
01001001010
1001010010
1010101
010100101
101010001010
101010010
0101010010
001001010
10101010
01010010010
10101001
1010101
01001010
01010100010
100101010
10101010
10010010101
010100101
0010010010
01101010
0110010
010101010
10010101
101000101
01010010
101010010
1000101010
0010101010
00101010
00101010
11001010
001101010
10101010
1001010010
0100101010
001001010
010100100
011001010
00010101001
101010100
010101010
1010001010
01010101
100101010100
010101010
100100110
10010101
00110101
0101001
1010101
01010010
0010101010
0010101010
01010010
1010101
100100100
10100001
01011001
00101010
01011010
0010101
00101010001
1111001
10100101
010101010
001000010
1000010010
0010101010
010101
000010101
1010101
0100101
000010010
00101010
010101001
1010100
00101010
10101010
0101010
0100101010
00101010
10101010
10101010
001001010
0010010100
001001000100
001001010
10101100
001010010
0101010010
100100101
010100101
01010001001
01010101
01001001
010100101
100010010
10100110
10101010
00010100010
0010100010
1001001010
00101010010
010010010
01010101
01100101
10101001
001001001
100101001
010101001
1000100101
01010101
0101001010
10101010
1000101010
0101001010
10010010010
00101010
00101001010
10101010
1010101
101010001
10010101
1010101
0100101010
010101010
001001010
100101010
010101010
10101010
1010001010
0100101010
10100101
10100101
1010001
00100101
0101010010
1001001010
110101001
100010100
101010010
01100010
1000101010
1010001010
01010101
01000101
001001010
001001010
01010101
1010101
100100101
0010101
10100010
010010100010
001010101
1000101001
010101010
100101010
100010010
10100110
010010101
10101001
01010101
101010
100101
01010101
100101010
01001010
001000001
00010101
010101010
010101010
1000101
0101010
00001001010
010101010
01101010
00100100010
100101010
010101010
0100101
100010101
100101010
010010010
01100101
00010101001
101001010
000101010
0100101010
10000010010
10010010
100101010
10001010
100101010
1000010010
010101010
101001010
0101010
0101001010
101010010
101001010
0010100010
0010100010
010101010
10010100
01001010
0100101010
000101010
0010101
00100000101
10010101
01010101
10011010
1010101
00100101
00101001
10100010
010101010
1010010010
010101010
010101010
010101010
0010100010
0101010010
1010101
0010101
1001001010
101001010
100101010
001010010
01010101
1010010100
1000101010
0101001010
0010010010
1001010010
10101010
1001001010
10101010
01100100
01001010
10100010
10001010
100100010
0100101010
0010001010010
100100101
1010101
001010101
0011001
010100101
00010101
01010010
0001010010
100101010
100101010
010101010
010101010
01010010010
00001010
1001010100
1010001010
01001010
010101010
10101010
11001010
10000101010
010101010
0101001010
101010010
001010010
01010010
10101010
001010010
1010101
10100011
10001010010
10000101010
010101010
101010010
101010010
0101010010
10101010
010010101
10101001
00101001
0010101010
1010010000
10010101
0100101
00101010
1000101010
00010101
01010101
0010010010
10101010
001001010
100101010
010101010
1000101010
00101010
100101010
10100101
1010101
01101010
0101010
010110010
00101010
010101010
10101010
1010101
01001001
10110010
001001010
0100101
01010100
10010001
0010101
001010001
0010101
010110010
10101010
0101101
10010101
000101010
10010010010
010100101
01100101
0100101
1010101
101010100
010101010
0100101010
001010010
010101010
0101010010
101001010
1000101010
0100101010
001010100
01010101
10100010010
0101010101
000101001
00101010010
0010001010
1010101
010100101
00001101001
0100101000
001001010
010101010
0010101010
1001001010
1001010010
0101010010
01010101
010011001
10101010
0010001010
1000001010
0100101010
010101010
010010010
100101010
1010010
10011010
01001010
101010101
0010010101
0010101010
00100001010
0101010010
001010010
100101001
10001001
100010101
010010011
010101010
010010010
001011001
1010010001
1010101
0100101001
100101010
100010100010
10010101
0100101001
101001010
010001010
10101001
001001001
1010101
01010101
100101001
0010010101
01010101
10001000101
0101001
101001001
10101010
10010110010
010010010
01001010
00101010
10101010
010101010
0100010100
10000001010
10001010
10101010
010101010
01001010
01001010
100010010
00101010
101001010
000101010
010100010
010101010
000101001010
10101010
010101010
0001001010
00011010
01001010
1010100
10010101
0100101010
101010010
10001010
1010010010
1010101
10010101
001010010
01001010010
010101010
1000101010
1001000101
010100101
010001010
010101010
010101010
10101010
01010101
0100101
101010101
0100100101
010101010
0101010010
010101010
00101010
10101010
01001010
10101010
01001010
001001010
010101010
1010010010
10101010
010010010
01011010
00100101
010101001
01001001010
001001010
01100010
0001001010
100011010
101010010
10101010
010101010
00101010
101001010
0101001010
100101010
00100101010
0101001010
010001010
0010100010
001001010
010101010
101001010
001010010
000101010
010010010
10101010
00100101010
00110010
001001010
101001010
10001010
010101010
100101010
1010101
1010101
0101000101
100100001
010101010
010101010010
01010101
1001011
001010010
0101001010
0110001010
1011010010
10100010010
00101010
100010010
0101001010
1000101010
100010100010
1000101010
0101001010
10100101
10100110
100101001
10100101
01010101
01010101
00101010
010100110
010010101
0101001001
010101010
010101010
0100100101
0010101
1010101
01010101100
100011010
001001010
0101011
0101000101
100001001
01010101
100101010
010101010
10100101
0101001000
0010010010
10100010
01010101
0010010101
100001001
010001001
01001000010
1001001010
1010101
0100101
010101010
0101001010
00101101
010100101
01001001
010101010
00100101
0100100101
1010101001
00101001
0010010010
0010101010
100101010
0100101010
0100000101
001010101
001001010
010101010
001001010
01010100
1010101
0100101
1001001001
01010101001
010001010
0101001010
1000101001010
01001010
01010010010
101010010
01011001
10010001001
010101010
01010001010
010100101
01010111
100100110
01010001010
1010101
1001001001
10010101
10100011
0100100110
0100101010
01001010100
010101010
10101001
10101001
010010010
1010010010
1001000010
010010010
0010010010
00101010010
10010101
10010101
001001010
01010010110
001000101010
00101010
10101010
100101010
100101001
100101001
001010001
10100010
101000010
01011010
0010101010
01010010
01010101
00100101
010010010
00101010
00000101010
010101010
010101010
0100101010
010101010
010101010
0100101010
00101001010
00100101
00100101001
001010101
10000101
0010010010
01011010
10010100
00100101010
010010001010
0010010010
010100101010
01001001010
010101010
01000010010
101001010
00101010010
10101001
100101001
00010101
0101010
0010101010
101000110
0001001010
0100010100
1001001010
0101010010
10101010
001001010
1010101
010010101
10100010
01001010
0010101010
100001010
0101001010
01101010
010110010
0101010
000010100100
0010101
010101010
101001010
10010010
1100101
100101010
1000101010
01001010
10000100010
01010110
0101010
0101001010
0010101010
010101001
101001001
0101010
001101010
01001001
01000101
101001001
0001010100
000101010
00101010
010001010
0101010010
0101001001
01010101
0101010010
110101010
101001010
001001010
0010101
100000101
1010100
100100100
010010101
1010101
0101001010
010101010
0010010010
101001010
101010101
100011001
1010101
100101001
0100101001
10100101
0010101
1010101
1010101
10101000001
1101001
100101001
1010101
0001010101
1010101010
0000101000010
0101011001
10001000101
010010101
1101000101
100001010
101001010
01010101
101010001
01011010
10101010
0101010010
1001001010
1010101
10100101
10101001
10100101
1010110
10101001
0101001
1001101
01001010
1001001010
1001101
01010101
10100101
0100100101
100101010
1001001010
110001010
10101010
0101010010
01001010
1010101
0110100
1010101
01101001
101010101
1010101
01010010
01010010010
0001010010
0100101010
1010101
01010101
0010101010
100100110
10101010
0100101010
010110010
00001010010
101010010
011001010
010010010010
0101010010
010101010
00101010
00101001
01010101
100101010
101010100010
1000010101
01001001
10100101
10100101
100010101
10010101
1010101
0110101
00101010
1000100101
010100101
100100101
0100101
10100101
1001000101
01010101
1010010010
10101010
01010101
01010101
10100101
01010101
01011010
010101010
1010101
0110101
01101010
10010010
0100101
1010101
1010101
10010101
100101010
100101010
010101101
10010101
010101001
10010101
001010101
10010101
1010101
10010101
010101010
010101010
10010010010
0101001010
0101010
0101001010
1001010010
10000101010
00010100101
1010101
00101010
010101010
100100110
010101010
0101001
1010101
001001010
10100110
0101010010
010101010
1001001001
0100101
1010101
10010101
1001001001
0100101001
100101010
100010010
010101010
1000101010
00101101
00100101
10100001010
10101010
0010101
1010101
100010010
010101010
1001001010
1010101010
0010101010
10001010
1010010010
00101010
100101010
0101010
1000101
1010100101
1010101
0100101
100101
0010101
010010010
010101010
01010101
01010010101
010101001
0101010101
10101010
10001010
10101010010
000101010
001100101
010101001
010101010
100010110
1010101
000100101
1010100101
1100101
101001010
0010101010
1001010010
0101010010
010101010
0100101010
0010010001
0101001
1010101
01010101
10100101
10101010
1010101
01010101
10101010
01010010
10001010010
0010101010
101001001
10010101
01010101
010010101
01011010
10101010
101010010
0101010010
0010100010
100101010
01010101
010010101
00010101010
101010010
1010101
010100101
1001001010
01001010010
100100101
01010101
1001000101
010100101
10001100001
10100101
10100110010
100101010
01001010
10100101010
0010100110
1010100100
01101001
01010101
101001010
100101010
0101010010
010101010
101010100
1001010010
010100100010
0100101010
001010010
00010110010
1010101010
101010010
01000101
1010101
101010101
10010100100
0100101010
10101010
01010100010
0011010
001010010010
1000010010
01001001010
0001010010
10001010010
10101010
10010100
010010101
101001010
10001010010
101001001
1010101
010001010
0001010010
010010010
010101010
101001010
0010010010
000100101
1010101
011010010
101010010
10101010
100001010
100101010
01010100010
010101010
010101010
10101010010
010001001010
010010101
010101001
101001
001010101
0101001
0101100101
0100101
0100101
0010110010
10101010
0101001010
10101010
010101010
010101010
10101010
0010010010
0101001010
100100010
10010010
101010010
10001001010
10101010
0110010010
1001001010
1001001010
01011010
1010101010
0101010
0110101
1001001
01001101
0100101010
010101010
010101010
10101010
000101010
0010101000
010100101
1010101
010010101
10001010
010010010
10010101
00100010100
10101010
1001010010
0101001010
1010001010
0100101010
010101010
001001010
100101010
01010001010
01010100010
10101001010
10001001010
0101010010
1000101010
1000101
101010010
0101001010
001101010
00001001010
01010010
010101010010
010010010
01010101
1010101
01001010010
101001010
00101010
10101010
101001010
10101010
0010100100
1010001
010101010
01001010
1010010
00110010
01010101
00100101
01001010
00100010010
010101010
0100101010
100100101
0110101
010100101
0101001001
00101010
01001001010
10010101010
100010010
01001001010
10101001010
101001
1010101
00010100010
101001010
0101001010
010101010
101010101
001010101
1010101
100100101
10010101
0101010001
101010010
10000011
00100101010
00100010010
010101010
00101010
1010101010
10101001010
10000010101
100011001
10010101
10001000001
01010101010
10100000010
100110101
01010101
00101010
010101010
0010100010
010101010
0100101001
10010101
10001001001
01001001
01010101
0010101
0010101
01010101
101001001
1010101
100101010
10010010
10101010
1001010
01010101
0101101
010101010
010101010
001010010
011010010
00101010
0101000010
1010101
00101001001
101001010
010101010
100001
01001001
10101010
010010010
10101010
0010110010
01010101
01010101
10000101
10100010
10100101
1010101
01011010
001001010
100101001
00101010
10101010
1000110010
1010101
01010101
001001010010
00101010
10010101
1000010101
000101010
10001010010
0110101
01010101
100101001
0101000101
01010101
10101001
10001001010
00100100010
00001010
01010010
101010010
0101001010
1001001010
0101001010
0101001010
010101010
1010101
001001001
01010101
10100101
010101010
100101010
1010101
100100101
1000101010
101010001010
000101010
01001010
01010101
1000100101
10010101
0101001001
01010010
10101010
010101010
0001010010
010101010
01001010
101010010
101010010
00101010
010101010
01010101
001001101
100100010
10101010
1001010010
1001001010
1001001001
10010101
010101001
010101001
0101001001
01010101
00100100010
01001010
00110101
001010101
01001010
010101010
100010001
1010101
100101010
001001010
100101010
100101010
0110011010
010101010
10001010010
010101010
0010101001
01011001
0101101
00101001
10010101
01010101
10101001
0010101001
10101010
10010010010
01010010
010101010
0100101
100010101
0110101
00110101
01100001010
010101010
0101001010
001010010
0101001001
1010101
010101010
100101010
0010101010
010101010
100001010
0101010010
10010001001
010001001
0101010010
0010101010
010101010
00010101010
001010001
0101010101
010100010
010101010
1010001010
01010010
010100110
100001010
0101001010
0010010010
0100001010
010110010
0010010010
10001001010
0010010010
010101010
10001101010
0100101010
0000100100
1010101
01001010
010101010
1010101
101010100
10101001
1010101
100100101
1010101
10010100010
010101010
00101010010
00101010
100101010
001001010
10010101
01010101
10100101
101010010
0001010010
1010001010
0101010010
0101001010
10100010
000101010
00101010
1001010010
0100010010
0100101010
0101000010
001010010
100100101
10100101
0010101010
010110010
10001010100
10101001
00101010
10101010
01010101
1010101
010010101
1010101
10001010
1010101
101010010
100101010
1001000101
01010101
01001010
0101001010
01010101
00100101
00001010010
101010010
1010101
1010101
001010010
10101010
0010101
1010101
101001010
0101010010
101001010
10101010
001101010
1001001010
10011001
1010011
10101010
00101010
10110010
010100010
10001010
0101001010
0010001010
1001001010
00101010
100101010
1010101
010100001
010101010
0010101010
101010010
00101010010
10001010
10001010
01101001
110010
01010010
010101010
101010010
01010010010
010101010
00101010
0100101
0010100101
101001010
00100101010
100101010
010010101
0101001010
00100101010
001001001010
010101010
100101001
001010100
101001010
10101010
1001011
10100101
001100010
0101001010
010110101
001100101
0010010010
001001010
0010100101
0010100100
001100010
1000001010
0000101010
1000101010
00101001010
101001010
10101010
001101010
001001010
0010100010
00101001
01010101
001110100
010010010
10010101
10000100100
101010010
000101010
01001010
00101010
01001001010
10101010
001001001001
1001010001
0001001010
0011010
00101011
010011
10000101
010101001
01010010
001001001010
101010010
100101010
000010101
01010101
1001000110
01010010
100001000010
01110001010
01010011
01010101
0101010010
010010010
0010101
10101001
0010101
01010101
1000101010
010101010
10101010
0101010
100011001
01010101
01001101
010100101
1000101010
0100101010
00101010010
0010100010
0100101
010011001
010101010
01001010
010101010
10001001010
0100101001
10100101
010001010
00010101010
10010101
01010101
010101010
010101010
010010010
00101010
010101010
01001010
010010101
01010101
0001001010
01010010
10010101
10101010
10001001010
0101001010
010100101
0001010101
101001001
010100101
100001010
10010101010
0100101010
101001010
10001001001
010110101
010101010
100101010
10001010010
01011010
100101010
01101010
01010101
10100101
00010101
100010101
101010101
001001010
10101001
01010101
10001010
100101010
00101001
101010101
0100010010
010101010
10101010
1010101010
01001110
010101010
01010001010
101010010
0100001010
0100100101010
1000010010
000001010
010001001010
00010100010
1001010010
0110001010
010101000010
01001010010
10001001
100101010
010001010
0010010010
010001010
0010001010
1010101
1000100101
01010101
0010010101
1010010010
001001010
101010010
101010010
010101010
0101001010
10001101
10010101
10101010
10101010
001010010
00011010
1010001001
1010011
00101010
1001001010
01001010010
01001001010
01010101
0010010100
001010101
001010101
001010101
1010101
000101010
1010010
10001001010
1010010010
000011010
010101010
001010101
01010101
00101010
1001000001010
0010010001010
0101001010
001010010
00101010
0010100101010
01001001010
0100101010
0010010010
0001001010
00101010
0010010101
011010101
1001001010
10100010
00010101010
0010101010
0100101010
10101010
10101010
101010010
00100101
01010101
010101010
101100010010
1001001010
110010010
01010101
10110101
10101010
1000001010
0010101001
001000101
10001010010
001010010
001010101
010010101
010011010
00101010010
10010001010
101001010
11010010
10010101010
101011
1010110
01010101
01001011000
10101010
0001010010
1010001
0010010101
1010101
1010101
0101000101
10001001001
01011001
10001010001
1000100101
01010101
0100101010
0101010
01010101
0100101
01010101
1010010101
0101001010
010101010
01010101
01010101
10010101
01010101
01010101
01010101
001010001
110010101
1010101
010010101
10010010
010101
01010101
10010101
010100101
0010001001
010010010
01011010
0010101
1000101001
0100101
101010101
1001010100
10100100100
010101010
10101010
1001000101
01010101
00100101
10100101
0001010101
010101001
10010101
101010001
001010001
010100101
1000001010
0001010010010
1001000101
01010101
101010010
101010010
00100101001
01010101
01010101
01010101
0010010010
010101010
10100101
01010101
01010010
000010101010
010101001
100100101
00101000010
100101010
010010101
01010101
1010000101
10010011
00101001001
10010101
1010101
01010101
010010010
1001001010
01010101
100110101
0100100101
01001010101
01101001
0010100001
01011010
010101010
10100110
010110010
100101010
01001010
01011010
0101010010
010101010
010101010
10001001
01010101
01010101
10101001
01010101
0010100100
1000001100
01010101
01110001
00101010001
10001010100
10100101
00000101010
0100110010
100010101010
100101010
10101010
010101010
100010101
1010101
10000101
0100100101
0100101
010100101
01001101
01010101
010001010
1000011010
010101010
010101010
001001001
100100101
01001010
01001010
010010101
0010101
0110010001
010010010
1001001010
01001000010
01010101
010101001
0101001010
010101010
10101010
0100101010
01000101
0010101001
0010010010
00100101010
010010010
001001010
01010010
01001010
100010010
01001010
100000110
010101010
1010001010
010001010
1000101010
100101010
00101010
010101010
01010101
01010101
0100101010
0101010010
01010100010
100101010
01010101
01010101
01000101010
011011010
01010101
1000010001
1000101010
1000101010
0010101010
0100101010
0010010101
01010001001
00010001010
10101010
01010101
10100101
101010101
010010101
10101010
0010101010
00101010
0010100010
0101001010
0001010010
10101010
10101010
010010010
10101010
1010101
01010101
010100101
100010100
0101001001
00100101
101010010
1000101010
1010010010
010101010010
10100101
0010100001
10010101
1010101
10101001
1010101
101001010
10010101
1010101
10001010101
1010101
01010101
001001010
0010101010
00101010010
01001010
010101010
010101010
1010001010
1001010010
100101010
001001010
101010010100
0100101
10100010
011001010
0010101010
0101010
1010100
100010011
10001001010
00101010
1010101
100010001
100101010
0101001010
0101010
10000010010
010101010
00101010
10010101
001010101
01010101
0101001
10100101
0010101
01010101
100101000
