0101001010
101010100
001010101
100010101
101000101
00100101
1010101
1010101
10010100010
01010010
1001001010
011001010
1010010010
101001010
01010101
10100101
0101010
00101010
10101010
010101010
01010101
0010101
01101010
101001010
001100101
0101001
100101001
1010101
0101010001
1000100100
01001010
01010100
00010101
01011001
10001010
100101010
010100101
1000100101
001010010
100101010
010101010
00101010
10101000
101010001
0001001010
010101010
010100101
10010101
0101001001
100010101
010010100
10010010
001100101
0100101
0110101
1010101
001010010
01001010
01001101
10010101
010100101
1000101
10101010
010011010
010100101
00101101
0101000101
10100101
010100110
10101010
0100100101
010100101
0010101001
00100110
01010101
01010101
0101010101
001010101
01010101
100101
101001010
0010101010
010100100
01001010
00100101
100101
10100101
01010101
1001000100
01010101
1010001001
00100101001
001010010
010101010
010101
1010101
01011001
0101011
0110101
10010101
01010010010
010100010
00101010
1001010
0110101
1010101
100001010
10101010
010101010
100011010
10100101
1010001
10100101
10010101
10010010
0100101
0110101
1010101
1000101
010100101
1010101
1010101
10100101
0101010001
01010101
00101001
1100101
1010101
1010101
010100101
00110101
01010101
010011010
010101001
1010101
0010101
01001010
010101010
1010101
10100101
10101010
10101010
0110101
0010101
010101
010101001
010101001
100100101
1010010
010101010
011001101
0100101
0101010101
01010101
1010000101
01011001
100101010
010101010
10100101
010010101
010100101
01010101
10100101
01010101
0101000
1010101
10010010
10001010
0101100
10101010
01010100
010101010
10010101
01010101
0101010101
01010101
00100101
010101001
10101100
10001010
10010010
100101010
010101010
00110010
10010101
0100101
1001001
10010101
010010100
0100101010
01010101
010000101
010100100
10010010
1001010
01010101010
01010101
10101001
10010101
0010101
0100101010
10010
1010100010
0110001
101001010
01010101
0010101
010101001
01010101
0010101
1010101
1010010
0101010
010010100
0101001
010100101
0010010101
1010101
00101010
010101010
010101
1010010
010101
0100101
1010101
01010101
0101010101
01010101
01001010
0100101010
100010100
1010010
010101
0100101
10010101010
10101010
01010010
01010101
010010101
1010010
001010101
10010101
100101010
1010101
0011001
0010101
0100101
1010101
10100101
01010101
00101001
1010101
010010101
1010010
01010101
100101
100010010
010101010
010101100
10101010
010101001
1001010101
01000101
01010101
010101010
1001010010
010101010
010101010
101000010
10001010
001010101
01010101
001010101
10011001
001010101
01010101
10001010
010100010
101011010
01010101
1010011
01010101
00101010
10010101
010101010
1000101
01001010
10001010
00100101
01010101
101001010
100011010
01001010
01101010
10100100
010001010
1001010
10101001
01010101
01001001
0110101
01010101
011001
01101
01000101
01010101
1001000010
010101100
10111001
010101001
0100100100
101010
010100001
01010010
001010101
01010101
1010101
0100101
10101010
100101010
010101
01000101
1000100010
00101010
010010010
100001010
100101010
10010101
10010101
101010001
0100101010
10001001010
010010101
0010010101
01001101
01010101
01010101
1001001100
10101010
010010010
00110101
010100101
1010101
10101001
01010101
10010101
0100101010
010101010
01010001
010010001
0010101
0010101
10100101
1001000101
01010010
10100010
10101010
101001000110
1010101
10100101
011010010
10010010
101001010
1010101
0101001
1010101
010010010
010101010
101010000
01010010
10001010
10101010
1010101
01010101
01010101
01010110
010010101
0100101
1000101
001010101
100101010
100101010
001001010
0010011010
01010101
1001101
00110101
0100101
10101010
00110010
01010101
0100101010
010010010
10101010
01010101
1010101
10101101
1010101
1010101
10010001
01010101
0011001
1010101
10010101
10010101
01001010
1010101
1010101
1011010
01010110
010101010
010101010
1010101
0110001
0101010
01101010
0100101
0010101
10101001
1000101
0110101
101000101
0110101
1010101
100001010
10101010
01001010010
010101010
101001
1001101
01010101
001010001
1010101
0110101
01010101
100100101
10100101
10010101
0010100010
010101010
1010101
101010101
011010010
01001011
1010101
010101
0101010
00101010
1010101
001010100
0011010
010101010
01101010
00101010
010100101
0001101
000010101
01010101
1010101
00110101
11010101
100101011
01010101
1010101
00101010
01001010
0100100
10010001010
00100010010
1010100010
0101010000010
00101010
00100101
010010101
100110010
001010010
01010101
01000101
001001010
1000010010
10100101
01010101
0101010010
1000010010
10101001
001010101
01010101
10100101
1010101
00101001
0101001001
10010101
01001010
100100101
1010101
1010101
0100110
1010101
1000101
0100101
01011001
1010101
0101001
10010101
01011010
01010010
10100101
01010101
00101010
10101010
1010101
01010101
01010101
01010101
00100101
010101010
1110010
10010101
10010101
10000101
0101001010
010101010
1001001
00101001
010100101
1010101
00000101
1010101
00100101
10011001
10010101
10010101
01010101
101010001
0011001
1000101
00010101
10000101
100100101
10010101
0010010010
0011001010
010101010
0001010010
10010101
10010101
10100101
0100101
101000101
010010101
0101101
0010101
1010010
10101010
001010101
01010110
10101010
01010010
01010101
010010101
101010101
001010101
00110010
010101010
10100101
00100101
0101010
10101010
010101
1010101
0101010100
1010101
01010101
1000101
1010101
1010010001
010100101
0011001
0110101
010010101
10100101
010101010
01010011
1010101
0101010
010110010
01010101
100101001
01010101
010100101
10010100
00101010
1010101
01001001
010101010
010101010
0101
01010101
010101010
01101010
010100101
0100101
0101010
1010101
01010101
01010101
010101010
01101010
01010101
01010101
01010101
01010101
0110101
010100101
01010101
0101010101
01010011
1000101
01010101
01010101
10101001
01010101
001010101
01010101
0100101
010100101
10101010
10100010
01001010101
10010011
1010101
01010101
10001001
01011001
100110101
01010101
01010101
0010101
0010101
10010110
0010101
000100101
1010101
00101001
010010101
100010010
010100101
0110101
01010010
00101010
011010001
011010100
01010101
1010101
0100100010
00100010
1010101
01010101
0010101
1010101
10101010
001010010
1010101
0101101
0110101
010000101
01010101
1001001
100101010
0100100101
1001001
10010101
01001010
10010010
01100101
01010101
010100101
0010101
1010101
1010101
0101001
01010101
10001010
000101010
00010101010100
10101010
10101010
1010010010
100010001
01010101
00100101
100010101
00101010
010101010
01010101
010010101
01010101
010010101
0100101
10100101
0011010
1001010
101010101
10010101
010101001
010101001
001001001
01010101
1010101
1000010101
01000101
01010101
00101010
10101010
100100101
0101001
010101010
0101010
0100100101
1001001000
01010101
010010001
10100101
10100101
10100101
01010101
0010101
010010101
1001001010
01001010
0010101
1001101
001011
10101
1000101001
10100101
01001001
0100101001
1011001
00100101
01001010
01010010
001010001
01001001
1010101
01010101
01010101
01010101
1010110
01010101
01101010
1010101
010101
0101001
01010101
100101
100000010
01001001010
01010101
000101101
10101001
00100101
00101010
010111010
1001001
1010101
01010101
101001
0100001
010010101
10101010
10101010
1010011
01010101
0110101
01010101
0101010
100101010
0100101
1010101
0101101
1010101
01010101
100100101
01010101
0100101
10010101
01010101
10100101
01010101
010101010
10101010
010100101
0010101
01010101
01010101
01001010
0101001
10010101
1010101
01100101
0010101
01001001
010100101
1010101
10010101
0100101
01010101
01010101
0010101
01010101
100101001
01100100001
01010101
01001000
1010101
000101010
100101010
010101010
00101010
01010101
100100101
101010010
0101010
01001010
10001010
0101101
01010101
01000110
010101010
01001000
00100101
1001001
01010101
1001101
1000101
0010011
100100101
100011001
0101001
001001010
1011001
010010101
01010101
01100001
10010101
0110010011
0101010
010101010
01001010
0101010
10001010
01010011
1010101
00110101
00100101
0100101010
10000110
0010101
1000101
01010010
101010010
01101010101
0010101
0100100101
01010101
10100101
01010101
00101010
10101010
010010010
10101010
0100010101
010101010
01001010101
01001001
0101001010
010010110
0101001010
100100101
0101001010
01010101
010110001
1000101
1010101
010101
0110101
10101010
01010101
01010101
01010101
1001010101
01010101
1010011
00101101
0110010101
0101010101
01010101
010000101
100101001
00101001
01001001
011000100001
01011010
01001010
01010101
0010101
01010101
01001010010
0010101010
01100101
1010101
0101010
0101101
010101010
10101010
100010101
01010011
100010101
0010101
10100101
0010101
010100101
1010101
01001010
100101010
1010101
01010001
1010101
0100101
10101010
101010010
01010101
10100101
01010101
01010101
0101101
0010101
010100101
100100101
0100101
0010101
1010101
010100101
01010101
1001101
0010101
10010101
010101010
100101010
01010101
1010101
0100101
1001010
100100101
0101011
01010101
0010101
01010010
101001010
0101010
1010101
01010101
01010101
01010101
0100001101
010101010
10101010
0101010
100101010
01010101
01001001
0101010010
1010101
01010101
01010101
01010101
10101001
010100101
0101001
010101010
00101010
100110010
00101001
10010101
001010101
101001010
01010101
010101010
00101010
01010101
10100101
0110010100
01010101
0010000101
00100101
10100010
0100101010
010100101
100100101
001001010010
010101010
1001010010
10101010
00101011
101010001
01010101
010010101
1010101
100010101
01010110
10101010
100010101
0100011
10010101
010100101
011010010
010101010
01010101
1010101
0010011
01010010
00101001
00101010
01010101
010010101
0101010010
1000100010
010100101
01010101
00101010
100100010
011001010
010101010
010101010
10101010
00101010
010101010
001001010
10001010
10010101
10010101
010101001
10101001
01001001
10010001
01000101010
010101010
0100101010
0111010
010010101
10010101
0101010
001001010
1010101
01010101
001010101
0101010
00010101
101001001
1010101
10010101
1010101
0100101
010101010
01001010
01010100101
01010101
010100101
01001001
100010001
100100101
01010101
01010101
001001010
001001010
01100101
010100101
1010101
01010101
0101010
10101010
100101010
010101010
01010010
010101010
001010010
101001010
01010101
010010101
1010010
010101010
010101
100010101
1000010101
010100101
0100100101
10001001
0101010
01001010
01001010010
10101010
01001010
0010101010
01001010
0000101010
01010101
010100101
00101010
010101010
1000010101
1010011
10100101
0010101001
01001001
1010101
1001010
10101010
0100100101
01010010
1010101
1010101
1010101
010100101
001010010
00101010010
0011001
010100101
010100101
1001010101
00100101
10100101
010100101
001010101
10010010
100101010
101010010
101001010
010101010
0010101010
0101001010
00101010
01010101
01010101
1001001010
100101010
00101011
01010101
10010010
10010010010
1010101
1000101
010101010
010101010
0100101010
10101010
010001010
001001010
001010001
00100101
10101010
10010010
0010001010
001010010
010101001
01010101
010101010
010101010
010101000
0101011
01001010
101010001
0010101010
100011010
001001001
10101001
010101010
010100110
01001001010
01010010
0100100101
01010101
01101010
010010101
010010101
01001001
010101001
0101001
010010101
01001010001
011001010
100000101010
01010101
10010101
0100010010
010101010
100101010
00100101010
10101010
010101010
01010101
10010101
10101001
0010101001
10001001
001010010
100101010
10010010
01010101
010010101
01010101
000101
00101001
0100010101
0100101
01010101
10101100
00101010
10100101
10100101
10101010
101001010
01001010010
100101010
100100101
010010101
10100101
010100101
0101100100
0101100010
010100011
01010101
0101010101
10011001
011000100
0100101010
1010101
01001101
10100101
1001010010
101010010
01010010
0101001
01010101
01010101
00100101
010101010
1011100
1010101
0010101
00100010
01010010
100010101
01100101
10100100
00101010
00101010
00110010
101000101
01010101
10001001
010100101
100101001
01010101
01010101
1001010
100010100
01010101
1010110
10101010
10100101
100001001
10100101
0010101
010101010
010100110
0010101
01010101
100110100
0010101
100110101
00100101
01010010
10001010
01010101
01010101
0010100101
0100001
01010101
01010101
010101010
010101010
010101010
010110110
01010101
0101001
010100101
010010101
0010101
000010101
10010101
1010100
10001010
010101010
010010101
01110101
010101010
011010010
01010101
100001001
101001
00101101
0101001
1000101
001001010
10101010
010101101
10100101
01000101
10010101
010010101
1010101
010100101
010010101
01010010
01001010
1001000100
01011010
00101010
01010010010
10101010
10010010
01010101
0010101
1001011
10010101
1000101010
100101010
10010101
001010001
0101001010
0101010010
10001001
0101010101
010101001
1001101010
01010101
0101001
0100101
1000101
1001001010
100100100
0101001
1000100
1010101
01010101
1000110
001010010
0110101
10101001
01010101
01010101
00101011
0100101
01010101
0101001001
010010101
1010100
1010001
1010101
0100101100
10101010
100010010
10011010
010100010
010101010
0110101
1010101
010001010
0101010010
010010001
01010101
01001010
010101010
01010101
01001101
100011010
100101010
0010010101
00010101
1010101
01010101
010101010
0100101010
0010101
10100101
010101010
01010010
010010010
00101010
1010100
01001011
01001010
001010100
010100101
10000101
10010101
010010101
100010101
1000101
01010001
010100101
00101010
010101010
10101010
001010010
011000100
10101010
100100010
100101010
10010101
01010101
01011010
010101011
01000101
10100101
010010101
01010101
100101010
0100101010
10010100
01010101
100101
10010110
1011001
01010101
01010100
010101010
0101010010
010001010
101000101
010000101
01010101
0010101001
010100101
100000101
00100101
100101001
0100101010
01001010
01010101
01010101
0100101
1010101
00100101
0100101
10101100
10101010
01010010
100101010
010010101
001010101
100100100
0100101010
01010101
010010101
010101010
01010010
10010010
0101010010
1010101
100000101
001100101
010101001
01100101
00100100101
10101001
010101001
0010101010
100101010
010101010
100101010
010101001
100110101
00101010
10001010
010010010
010100101010
10000101
000010101
100010101
010100101
10010101
001010101
10101010
0101001010
001010101
100010001
00101010
00101010
10101010
10010010
0101000101
001010101
101010010
010101010
01010101
01010101
01010101
1010101
01010100
100101010
10001010
010101010
01010100101
0101101
0110101
010010101
01010101
01010101
0101001
01010101
01010101
0010100101
010100101
0101001
0100101
010010101
100010101
010011001
0100101
010100101
0100110101
00100101
1001101
010010101
10101010
010101010
10000101
001010101
101010101
10010001
10100101
01010101
010101010
010101010
01010010
101001010
01010001
010100101
01010011
001001110
010010010
001011010
01010101
010010101
01010101
1010101
01010101
101001001
01101010
010101010
010010010
010010010
010010101
0101010
0101010
001011010
001010010
01001010
00101010
010101010
01110101
10101101
1001010010
0101010110
0010101
10100101
010100101
010010101
010101010
101001010
100100101
10010101
000010101
1001101
010100101
01001001
010101010
010010110
010010101
010010101
0010100101
1010101
1010010
10101010
0101001
10010101
010101010
10101010
00101001
000010101
0010101010
10101010
0001010001
010101010
010010101
10100101
01001001
00100101
010101010
010101010
001010101
1000010101
0100101001
001010101
010010010010
1000101010
010010101
01010101
101001010
01001010
100101010
1001000101
010010010
01010010
01000101
10100101
010010101
01001101
1001010
00101010
010101
01010101
0100101
010100101
101010101
010100101
010100101
10010101
100101010
001010010
100101001
010100001
01010101
01010101
01010010
00101010
01001001
0101010101
1010010
10101010
01010101
0101101
1100001
1010101
10010101
010101001
10010101
0101101
010101001
010101001
0010011
01010101
1010101
010010101
101010
0101001
010101010
10101010
0101101
1010001
10010110
10101010
1001001
01010101
101000101
0010101
01000110
100101010
1010011001
100010010
0011001010
01100101
10101010
10101010
1010101
10100101
1010101
0010010101
10100101
010100101
101001010
0100101010
010100110
10101010
01011010
101010010
1010101
010100101
0110010001
010010101
1001100101
10010101
0110010
100100101
10010011
10100101
010101010
10000010
01010010
01101010
100101001
10100101
1001101
1010101
10010101
01010101
010101010
100101010
01010101
010010101
010101010
00101010
0101000101
01010100
010100101
1010101
00100101
01001011
01010101
010101001
001010101
01010101
00101010
101001010
001010101
010000101
1010101
0100101
0100101
01010101
001001010
00101010
00100101
010101
10001001
01010101
10101010
01010100
01010010
010101010
01001101
010100101
0101001
10010101
1101010
1010101
011001001
0110101
011001101
100101
101001
1010101
1000101
001001001
