010101010
1001001010
1010101
01010101
0100101010
010101010
010101010
01010010
0101010
0101010
01010101
010000101
01010101
01010101
10100101
0111001
001010101
10110001
010101010
0101001010
01001010
101010010
0000101010
010101010
0101010
0111010
100101010
0101001010
00101010
0010010010
100101010
10000101010
1010101
0101001
010110101
101010
1010110
0101010
0010100101
10100101
000101001
01010101
010101010
00101010010
00101010
010101010
101000101
1010101
100101010
1001010010
0100101010
10101010
10000101010
010011010
00010101
001010101
1010101
101010
1010101
1010101
100101010
10101010
0101010
1000100001
01010101
01010101
10101010
100101010
010101
010010101
01010101
101101
100101001
01010101
01010101
01010101
100101010
011001010
0100101010
010101010
0101010
10100101
10011010
010010100
100101
0101101
010010010
10101010
0100010010
01001010
01010101
10101001
1001010010
001001010
010011001
00101001
0010100010
101001010
010110010
00101010
01010101
1001001001
1010101
01010101
01010010
010100101
010101
01010101
001001010
010101010
1001010010
01010101
10001010
010101001
01010101
0101101
01010110
01010101
100010101
1101101
0101001010
001010010
100100101
010101001
100010101
0100100101
0100101
10010101
00101010
010101010
0101010
010101010
01010101
10010001
001010101
001010101
100001010
01010010
0101010
100101010
0101011
1000100101
010100010
01010010
10000101
01001001
01010101
1010101
0100101010
1001010010
01000101
01010101
001001001
01010101
100010010
10100110
10101010
010010010
0010101010
00101010
0100101010
0010010
010101
010110101
010101010
10101010
10010101
100010001
00101010
10101010
01011001
010110101
0101010
00101001010
10000101
1001001001
100011010
00010010
0101101
1001001001
01001010
100001010
10100101
10010101
0100101
100010101
010101010
0101010010
01001010
10101010
010010010
010101010
0100101001
10100101
1010100101
100101011
0101001
010101
01001011
010101
1001001
01001010
0101010
010001010
1010101
1001001
10101001
0010101
100011001
01001001
1000010101
010101001
0101001010
0101010010
1011001
01010101
01010101
10010101
101001010
0010011010
10101010
10101010
001001001
010010101
011000101
01010101
0101001010
100100010
10101101
00100100101
01010101
01001010
01010101
0100010
1000101
01011001
10101001010
101001010
0010101001
0010010101
000101010
01001010
0101010010
1010101010
0010100010
010100010
010101010
010101010
00001010010
01101010
01010101
0111001
101010010
101001010
1010101
010010101
1010101
010010100
01001010
010101010
00101010
10101010
01010101
0101001
010101010
1001010010
0100101010
101010010
010010101
100101001
0100101
010100100
01010100
100101010
010101010
11001010
01001001010
10011010
001010100
01010100
010001101
01010101
10001010010
0001001010
01001101
0010010101
001000010
1010101010
1010101
0101010001
01001011
101001001
10101010
100101010
10010101
1010101
0100101010
101001010
0010101
10000101
01010101
01010101
00001010
10001010
010101010
100101010
010101010
010101010
10100110
00101010
01010101
01101001
0101101
0100101
01001010
01010010
1000010101
010100001
01011001
010100101
01010110
010010100
00110010
1001010010
01010011
0110101
010101010
0101010
100001010
01010100
0101010
010100110
1001010
010101010
0100101010
010101010
01001001
10010101
1001010
101001010
01010010
1000101010
100101001
10000000101
0101001010
101001010
0100100101
010100101
100100101
01000101
1010101
100010101
010101010
100001010
00100101
010101001
101001010
100010101
100101010
010101010
001010010
0101010010
10010101
10001001001
0100101001
101010
0010001010
10100110
10001001
001101
10001010
10101010
100100101
10101001
101001001
0010101
01010101
0110101
01010101
0101011
0010101010
010101010
1010010
0101001
010010101
1010101
1010010
10101010
0101010
010100101
0101011001
100100101
0101010010
100001010
0101101
10100101
1010101
10100101
01010010
00101010
010101
01001011
010010101
10100101
10100101
0100101
0101010
01001010
1000101010
0100101010
0110101
10010101
10001001001
101001
01010010
101001010
010101
01001010000
10100101010
0101010
10101010
1001010
001110
1001001
101010101
0100101
10100101
0100101
01010101
0101101
01100101
00101001
010101
1010101
0010100101
0101001
0100100010
10100010
010010101
101001010
101001010
0101010
01010101
01010101
0100101
010100101
01010010
10010001010
010010101
0010101
10101010
1010010
0101010
100001010
010010101
1001001
010010101
01101001
101001001
100101
1010101
10100110
01001010
010100101010
01000110
100101010
001101
0101001
1010101
101010101
101010100
100010010
0100111
1010101
1001010
101001001
100000101
010101
010010101
1010100
010010
1001001010
1010010
001101
00101010
1001001010
1001000101
100010101
01010101
001101
0100101
01010001
100010101
0010010101
01010101
1010101
10100101
0001011
0100101010
100101010
010101
10100101
010101000
0010100100
01001001010
1001001010
1010110010
0101001010
0010001010
01010101010
100011001
10000101
1010110
1010101
101010001
01010101
10100101010
1000101010
0101010
001010101
10100101
0010101
10010101
10010101
100001010
1010010010
0100100010
10101010
10000101010
100100110
100101010
100101010
0100110
10101010
010101010
101001010
101001010
0000101010
100101
10101001
100100101
100010101
10010010
100101010
10010101
000101101
01010011
100101000
0001001010
10011010
01010001
001010001
10010001010
01001010
01001010
101001010
1001011010
1001010
010101010
100101010
0100100101
00100101
10010101
0010010
001001001
010101
010101
001101
10101010
1000110010
01000101
1010101
01010101
0010101001
100101010
10101010
010101
1000101
01101010
00101010
1001010010
10010010
1010101
1010001
0101001
0100101
01010
010101010
010101010
1011010
100101010
1001010
10001101
10010101
010101010
0101001010
10010011
01010101
100010101
10100101
010101010
1001001010
01010101
010101101
000101010
101010010
0010101010
001010010
010101010
1010101010
1010010
10010101
01010101
01010101
0100101101
10010101
0101010010
1010010
101010101
101001001
10100011
10100101
010100101
10011010
0010100010
010010010010
1001001
0101010101
010101010
1001001010
1010001
10100101
0001010010
101001010
10101010
01010010
100101001
01010101
01010010
1010010
101001010
1010100010
1000101001
010010101
001010101
10010101
100010101
01010101
1001101
1010101
01001001010
1000101010
10010101
010001101
0100101010
0101010010
100100101
100100100
00100101
0100101001
00100101
0100101
01110101
00100100100
01010010
01010010
100010101
01010101
10001101
10010101
010100101
1010101
00101001
100011001
0011010
0101001010
10001001010
100101010
01010101
10100101
100101010
010101010
10100101
10010101
0100101
010101
01010101
00100101010
010101001
100101001
101001001
00101001
001000010
010101010
1010101
01010101
1010110
001010101
001010101
010101
10100101
1010101
1001010010
10011010
00101010
10101010
01001001
010101
010101010
0010001000
01100101
01001010100
1001010001
01010101
1000100101
1010101
1000101010
10101010
01010010
10101001
10001010010
10101010
010101001
0010101
010101
1010101
01010101
1010101
001001010
1010001010
010101010
10101010
10100101
010010101
1000101010
101010010
010010101
01100010100
101001010
0010010010
0100101
10100000100
10100101
010100101
101010010
10101010
01010101
01010101
1010001010
10100010010
01010101
0011101
100011001
100101
10101010
1010001010
100001010
010101010
0101010
010101010
0101010
010101010
1001001010
0101010
00100101
010101001
100010101
100101001
10010101
101101
10001010010
10011010
1010101
1010101
01010101
01010101
01001001
010101
01010110
010010101
010101010
0101010010
100010101
1010101
100101010
0101011
010100101
0000100101
100100101
10100101
0010101
0100101
10010010010
01001010
0101001010
011010010
01100010
01001010
10101001
01010101
0101000101
1010101
1001010001
010101001
01001010
1001001010
0010100100
10001000
01010101
1000100101
0100010101
10101001
010101010
10101010
100101010
010101010
01001110
0101001010
1010101
01010101
0101010010
1010010
010101001
0100101010
010101010
0100010010
010010101
010010101
10001101
100010101
1010101
1000100101
10100101010
1010011010
100000001010
01011010
0101010000
100101010
10101010
010101010
010101001
010010101
100101010
0101010
1000100101
10100101
000101001
001010101
010010101
0100010101
01010010
01010010
010011010
00101010
011010101
1010101000
100101001
1010101
100010001
10010101
010101
1000101
010101
10010101
00001010
1000001
1010110
010101010
11001010
011001010
1010101
01001001001
01010100101
101010101
1010101
1000100101
010100010
010100110
00001010
010101010
010010101
010100101
10101010
00011010
1001001
010101001
101010
10101001
001010010
10010101010
100100101
01010101
01001010
01010010
10100101
010101
010101101
01010101
10010100000
01010010
00101000010
010101010
101010100
101001
10101010
01010010
10101001
000010101
100101
0101001
1001001001
100010100
001010001010
010010010
100101010
100001010
01010101
10010101
010100101
01010101
10101001
010100101
01010111
010001001
01010001
0010101
10100101
00100101
010010101
10100101
0010101010
01010010
0010101010
10101010
00101010
010101010
1000010010
0101001010
1010001010
0010101010
01010111
0100101
1010101
01011101
010101
0011001
001010001
01010101
0101101
001101
010101010
10101010
1000101001
0100100101
1010101
010101
000101010
1000011010
010010101
10001001
001010101
100010101
0101011
100100101
010101010
100101010
1000101010
010010010
101001010
10101010
10010101
10100101
101001010
10001001010
010101010
00011010
1010001010
00101010
001001010
10010100110
0101001
101000101
1010101
1001001001
00010010001
01010011
010010101
001010001
0101001010
1010001010
10000010010
010101010
01010101
01010101
101001001
0101000101
101010100
001001010
001001000
01010110010
01010101
00100101
1000101
100010101
10100101
0010101
01011010
0101101010
100011010
00100100101
1010101
0010101
0110001
10010101
010101010
1010010
0010101
1010101
101001010
1001001010
0100100010
0110110
10001010
01001010
00101001010
10010010
010101010
0101001010
10101010
101001010
0100101
01010101
101001010
0001010010
010101010
0100101010
100100101
10100101
001001010
101001010
10100101
1001000100
100101010
010101010
0101001010
01001010
01010101
010100101
01010101010
010101010
001010010
0101001010
001010010
01001010
110101010
1010010010
010100101
01011001
11010010
10100100010
1010101
10100101
1010101
10101001
10101001
01010101
1000001001
01011001
1001101010
10001010010
0011010
010101010
10100101
010101
01010001001
10000010101
0010010101010
1010001010
100101010
1010010
00101011
0101001
1000000010
01101010
10100101
101010101
100100100
1010101
100010110
010100101
100101010
01010001010
100000101
010100001
010101010
1010100010
0100101010
00101010
010101010
10010010
010101010
1001010010
1000101010
0101010
001010010
0101010
0010101001
10100101
0010100010
0101010010
10010101010
011010010
1000001010
100101010
010100110
0001001010
010101010
0100101001010
001010010
01010010010
0100101010
01010101010
00101001
1010101
001001010
01010100
01011001
011010
01001101
101001101
1010101
1010101
01010101
01010101
01001010
0101001010
010100101
010001010
0000101010
1000101010
000101010
101001010
100100101
01010101
00101010
101000010
01010010010
010101010
100010101
1010101
10101010
10101010
010101010
010101010
0100101
0100101001
010100101
010100101
00101010
100101010
1001001010
010010101
010101010
1001010110
1000101
100100101
0010010001
10010101
010101010
01010100
0010010010
100101010
010010101
0010101
101010010
010101010
0001010010
0010100010
101001010
010101010
0100100101
1010101
00101010
1010101010
01100101
10100101
00101001010
01010010010
0101001010
001001010
010101010
0101010010
0101010
01010101
011001010
100010010
0100001010
1001010010
00010101010
010101010
1010101
10100101
0101010101
01101001
010101010
0101100010
0100101010
01001010
00010101
010010101
0100110
1010100100
010010101
001010001
01010101
10101001
0101010
0100100101
010110
001011000
010101010
10001010
1010100010
00001010010
0110101
101010101
01010010
0101001010
1010010010001010
010101001000
100101001
1001001001
1000010100101
1001010001
0010010101
10101010
10000101010
01010010100
010101010
01010010010
01010101
01010101
010010101
0010010101
10010101
10010101
1010101010
0010101010
100010101
10100101
1000011010
010010010
101001010
010100010
10100101
01011001
01010010
10101010
101001011000
10001001001
1001010101
0100101
100010101
01100101
010011010
1010010010
010100101
00101001001
0010010101
10100101
10010101010
01010010
01010101
100110101
1010101
010010101
010101010
10110010
1010010
0100101001
00100101
001001001
101001000001
10010101
01010010
101001010
0101010010
1010101
0101010010
0101010010
001010010
010100101
001010001
100101010
001000101
00101001
10010101
1100101
00101011
100101
01001010
0100100010
01010101
010101101
1010101
101001
10101010
0101010010
010101100
001010100
0101000100101
100000101
001010101
0101001001
010010101
101000101
0010010010
10101010
010010101
0101000101
010100101
001001001
0010010100
1001000
1001000101
1001010101
1000101010
100101010
01010
011000101
001000001010
10101010010
0010010101
0010100101
1010101
0101
01010101
10101001
10101010
0101010010
10010101
0010100010
101010010
00100101010
0101010
10100001
10011001
1000100101
0010010101
1010101
0010101010
0011001010
01100101
0010010010
101000010
00100101010
0010010101
0010100101
0101010
01010101
01001010
10100000010
01001010
0101001010
1001010010
01001010
010101010
1001010
001010010
010101010
0001001010
01001001010
1010010
011001010
010101010
01101010
010001010
00100110
10101001000
0100101001
1010101
010100101
10001110
01001010
01001101
011001
1001001
101001011
1001010001
1010101
0010101010
1001110
10101001
01010101
101001010
10101010
01010101
0100100101
01010101
01010101
100100101
010010101
1010100
0100101
100010101
00100101
0100101
011010101
010100101
01010101
01001010
010101010
001010010010
00100101010
010101001
0101001101
01010101
1010101
10101010
1001010010
001010001
0101001
100010101
0101101
01010101
01010101
00100101
0100101
100010010
0101010010
10000101
010101100
001010100
10010110
10101010
010101010
01010101
1001000101
10010100010
001010000
101010001
0100101001
0101000101
00101001
100011010
0101010
01010101
01001001001
101001001
1010101
101001010
010101010
1010101
00101001
10001010
10101010
010101010
010101010
010101101
0100101
101001010
00101001010
100010101010
010101001010
010100111010
10001010100
01001001010
0010101010
100100100
100101010
10010101010
10010101
1010010010
1000010010
01001001010
00001010010
1001110101010
1000101001
1001010010
0100001010
10101010
01000100101
1010100010
100101010
10101001010
0101010010
01010101000
101001010
010101010
1001010010
101000101
1010100
101010100
010010101
10100100101
0010101
100011010
010010010
1010001
101001001
0100010101
101010011
10010001010
101001010
10101010
01001010
10101010
010111010
10100101
0100101
101010010
01001010
010101010
010101010
0100101010
010101010
01011010
01001010010
011001010
10001010
1000011001
0010101001
010101001
00101001010
01000100101
0101010101
010101010
10101010
00100101010
010101010
01010010
01001001010
11010010
100000010
10100010110
10100101
010101010
101010010
10101001
1010010101
1001001
010101
01001010
1001001010
1000101010
1000101010
1010100
101010101
1001001001
01010011
01010101
01010101
010101010
0010101010
011010101
0101011010
010110010
100101010
0101010101
10010101
10010010
000101000
010101010
10001001010
10001010
00101010
100010101
1010010101
0110101
001010101
010101010
10101010
010000110
010011
1010101
10010101
0001010001
10010101
1001001001
00100100
101010101
01011001
01010010
11010010
0100101010
010101001010
0101011000
10101000000
1010101010
00101010010
1011001010
010010010
01010101001
00100100101
010010010
100100110
0100101001
010100101
100100101
00010000101
10100101
01010101
01000010101
101101
010101010
01010110
1010101
01010101
010101
1000101001
010001101
1010010101
11010110
10010100101
10010010101
01010101
00001001010
100101010
0001010010
00010001010
0010100110
01010010010
0101101
101010
10001010100
1000100001
10100101
010101001
010101010
00101001010
010101010
001010010
1001000101
100010101
1001010101
101010101
100010101
10010101
1010101010
01010010010
10100010101
01010101
0010001010
010100010
001001010
01001010
1000101
010101001
1000101010
01010101
00100010010
00101010010
001010010
010101010
10111010
00101011000
0011001010
00101001010
0010100101
10100101
01010101
00010101
100010101
01010101
10101001
1001001001
10000100101
00101010001
010100101
1010010101
010101010
0101001010
0001010010
0010001010
10010010010
0100110
0100101010
10101010
0101010101
010101001
001010101
0011001
01001010101
01010100101
10000010
001001010010
10011010
0100101000
101010
1000100001
0101101
0010000101
10110010
0010100010
10101010
0010101001
00101001
10101001
010101
0101101
01010010
001001010010
100101001
00101000101
001001001010
01001010
10101010
0010101010
0101001001
10010101
1001101010
0001010101010
1010101
010010010
100101010
10000101010
01010101
10010101
0100101001
1001010101
100010100010
0101001010
10101001
100010101
100101010
1001010010
1011010
1000100101
0101010101
10100100100
00100100100
000101001
001010001
0010010101
10010010101
101010101
0101010100
0010101010
010101001
010101101001
00100101
010100010001
001010101
01010101
0101010
001010010
1010010
1010101
1001001010
1010010010
010010101
0010100100
1000100101
10010101
0101011
01010101
0010101010
1000101010
100100101
01010100
0101010101
10010001
10000101
01010101
0001010101
010100101
101010010
101010010
10100101
01010101
100100101
001010101
0110101
10101001
01001010
100101010
001100101
1000101001
101011
10010001
10010100
01010001010
100101000101
100101001
0101001
01101001
01010101
0100101010
0001010101
00100101
1000101000
10010010
01011011
1001010101
0101010101
101110
10101001010
1010010001
100100101010
101000010100
100010101
10001010001000
100001101
00101001
10010100101
00101010001
0101001001010
1000101001
101001001
01101001
1000101010
0010101010
000010101
1010101
1001101
0101111
01010101001
0110101010
101010101
01110101
011001010
010101010
10101101
101001001
01010010
010011010
10100101
0101101
101010010
00100101001
1010101010
0001010010
1010000010
100001001010
100100110
10101010
10101001
00101011
1000101000010
101001010
0101010101
0100010001
01010101
001010000
10001001010
100101010
100100101
1000101001
100101010
001010110
0010010010
1010101010
10100001
100101
10000001010
0101010110
10001001
110010010
1010010
1010110010
010110100
0101001000
0101001
01010101
01010100
01010010
10100011
010101
01001001
01010001
100001010010
0010001010
1001010010
01101010
010100101
01001001
1001001010
01010101010
10100101010
1000001000101
010100101
10100101
10011011
101001010
1001101010
01001010010
10010101010
10010100
1001010
010010101
0010001010
101001001
10001010010
10101010
10101101
0101001
01001010101
10100101
100100010
101010010
001010010
101000101
101010010
0101010
101000
1001101
1000100010
010100010
101001010101
101001001
001001000
10000101010
101010010
10001010
1001000101
10010100101
10001001010
1010001010
01010010
010100100010
101000010010
1011001010
0010101010
100010001
0100100101
00100100101
010100001
01010101
000001010
001001010010
0010001001
10100100101
01010101
01010101
0100101
01010101
010010110
1010010101
10100101
010101001
00100101010
1001000100010
01001010
0101010
10001010010010
1000100101
1001001010
0101001010
01010010
1010001010
10100010
1000110010
1010001010
0101001010
10010010101
101001001
101010010
01010010010
0101011001
101000101
1010010101
010101001
100101001
00100000101
10010101
10100101
01010010010
1000101010
1001000101
10000101
010101001
1010101
001010
10101010
001010010
1010101010
100101001
010101010
101010010
101001010
10100101
1010101
1010101010
0101010010
1010010010
0101001010
100010010
010101010
10101001
010101
10101010
00101010
01010101
10010100
100010010
01101010
010101
001000101
010100001010
0010010101
1001001001
100011001
1001010101
01010101
10101010
0101010
010110010
10010010
01010101
10010010
01010100101
101000101
1001101010
010101010
01010101
1010010101
10001001
01010101
1010001010
1001010010
1010101
100010101
1011010
0000001010
010010010
10001010010
10101001
1000101001
10010101
0101001
01001001
100100101
0100101010
0100010010
01000101010
1000001010
01010101
010100110
010101
01101001
010010101
01010101
1001010
10101010
10010010101
01010101
0101001
100101001
10100101
10000101001
001010101
01010101
100010101
10100101
100001010
0110010
101010101
10100101
100101001
0101010001
01011001
0101001
10000100101
0101001
01010101
10011001
01101010
00100101010
0100101001
010101
0101010100
1010010
101010101
10010101
1010101
0101001
0101010010
001000010
1000101001
101000101
01011101
001010101
101001000
010101
010010010
010101010
001010101
1000101001
01001001
1001001001
01010101
0101001001
01010101
0101001
0010101010
0101010
101010101
011001
0010101010
010100100010
0100101
10010101
01010101
010101
10010101
010101
0011010
010101010
1001010101
1010101
0101001
000101010
10100101
1010010100
00100101001
001010101
1010101
001010001
1010010
01101010
11001001
01010101
100101
01010101
1010101
1010101001
010101010
100010010
01001010
010101001
100000101
10101001
0101010
10010010
010010101
01010101001
1000100010
010101010
0101010
10101010
10101010010
010101010
010110
1010101
0101010
10000101010
100001001
010010101
0101101
01011010
0010010100
1010010
100010101
10100101
01010001
001010001
10101010
10010001
00100101010
00100101010
0100010101
01010101
10101010
0101010
101100101
10000101
0100101010
10101010
100010001010
000010100010
1011000
100101010
01010101
1010101
10100101
01011001
10101010
10101001
1000101
010101001
1010100
10010101
00101010
0001010010
001010101
010100010
00101010
10101010
010110010
1001010010
10101001
100100101
0010001010
01010010
1001000010
1001001010
001010010
010101010
00100101001
1001010011
10010101
001000101001
100000001
000101010
010101001
01010101
100001001
1010110
010101
010101001
0001010010
01011001010
00010101
01010101
0100101
10100101
01010101
101001101
0101010
1000101010
0011010
1001010
010100101
0100100101
0010101001
0010101
0101101
0101001
1010010010
010101010
010101001
00100100101
1001001010
10101010
1010101
00100100101
1010101
01001001
0100101
10101001
10101010
010101010
100010101
1010101
1001011001
1001100000
10010100010
100011010
001001001
0110101
01010101000
1010010
1000100001
0010101
100101000
010100101
010101
0101001001
100101010
00101010
010001010
00101010010
01010101
10010101
01010010
0010101010
01010101
01010100
10010101
100010101
1010010
101010010
1001010010
0101010
0101010
10001010010
000101010
00101010
0011001
00100101
100101
1000101001
010101001
1000101001
100100010101
01010101
10010001
1010101
00010100010
010101010
01010010
010010101
10101101
00110101
00001001101
1001001
10100110
0101010
10010101
100010101
01010101
00100101
00010001010
010100010
0001010100
10010100
100100101
00100101
100101010
010101010
100100101
1010101
0010100010
01101010
01001010
0010101010
0100101001
0100101001
1010101
01010101
00100110
001001010
