010101010
010101010
10101010
010101010
0101001
101011
001010010
0101010
010101001
010101001
10101010
0101001010
1010101
10001001
0100101010
011010010
01010010
010101010
010101010
10101010
01010101
10010101
010101010
100101010
010100101
0100101
0101101
010101
01010101
1010101
0101001
10000101
010101010
0101000110
1010101
0011011
010101010
01010010
01010101
0100101
01001101
10010101
101010
001001010
01010101
01010101
010100101
0110101
1010101
010101001
1010010
10101010
01010101
01010101
010101010
00101010
0101010
010101
01010101
010101001
1010101
010100101
0010101
01010001
0101010
1000101010
1010101
0100101
010101
010101001
01010011
1010101
0100101010
000101010
010100101
0100101
010011010
010101010
01010010
10101010
1010101
10100101
0101101
01010101
10001010
01011010
10101010
0101010010
1100101
010100101
0101010
000101010
010101010
010100110
010101001
01010101
010101010
0101010
01010101
0010101
1011010
0010101010
101010010
00100001010
0010101001
10010101
0101010010
0110010
1010101
001010101
10000010010
010101010
010001010
01010001010
10101010
10101010
010101010
10011010
0100101010
10001010
010101010
001001010
010010110
00101010100
1001101
010010101
010101010
1010101
0100100101
0100100101
10101010
1000101010
01010101
01010101
0100110
0010010
0100100100
01010101
1010101
10010101
01010101
01010101
0110101
10010101
1010101
01010101
0101001
01010101
