0101001010
010010110
01010101
010001101
0101101
01010101
0100101010
010101010
01010101
01010000101
010101010
010011010
010100101
100101010
0101010010
0101010010
010100101
01001001001
1010101
10101010
0100101010
010101010
0110101
10000101
10101010
01001010
10010101
010010101
010101010
0010101010
01010001010
00000101010
00101000010
0100101010
0101001010
10001010
010101010
010100010
01010010010
0100101010
010100100100
0010101010
00101001
010100001
00101010
10100101
0101010010
10001010010
01010101
10010101
11010101
001011001
100101010
010101010
0100101
0010101
001001010
010101010
010010010
100101010
1010101
10010101
010101010
101001010
00100101010
010101010
010100101
10100101
10101010
01010010
10100101010
01001010
1010101
001010101
01010010010
10101010
100101010
10100100010
0101001010
010101010
000101010
0101001010
0101001
1010100101
1010101010
010101010
01010101
100100101
10001010
010101010
1010101
0010101
100100010010
00010101010
010101010
0101001010
010101001
10010101
0101001001
010001101
01010101
010010101
01010101010
0101001010
00101010
010101010
010101010
10110010010
1001001010
010101010
