1010101
010010101
10010101
0100101
0101001010
00101010
10001010010
10101010
011010010
101010010
0100101
10101001
100101010
0101001010
100101010
010101010
101001010
10001010
01001010
000110010
00101001001
101011
0101101
01010101
010101011
00101010
00110101
01010101
010001010
1001001010
00010001010
0010010010
01010100
1011010
0101010101
101010101
0011001010
010101010
000101001010
100101010
010101001
010100101
010010101
100010101
001100101
101011
1010101
10011001
00010101010
0100101010
0100010100010
10101010
1010101
01010101
0100101010
10001010
0010101010
00001010
0101000101
1100101
010101010
101001010
0001010010
010101010
1001010101
0110101
01010010010
01001010010
0101010
000101010
010010101
01010101
001010101
1010000101
010101010
010101010
0010001010
010101010
10101001
10101001
010101010
01010010010
010101010
01010110
010010110
01010101
010101010
0100101010
1001010010
010101010
01010101
10100101
010010101
0010101
10101010
0101010010
0001010010
00101010
01110010
01000110
010100101
0001010101
01010101
1101001
01011010
0100101010
01001110
0101001001
00101010
0101010010
10001001010
1000001010
0010101010
01010001010
0010001010
001101010
01001010
1010010
10101010
010101010
100101010
101001010
0101010010
010101010
010101010
00101010
1000100101
00100101
0101010010
10101010
1000101
01010101
01010101
001010101
0110101
01010101
01010010
101001010
010101010
101001010
0100101
001010101
100010010
0101010010
00101010
010101010
01010101
1001001
10101
010010101
010010101
1100101
01001010
100100010
00101010
1000101010
00101010
01001010010
0100101
10001010
010010101
01010100
100010101
01001001
010100101
0101101
1010101
001010100
10010010
010101010
010101010
100100110
00101010100
01010101
000101000
010010101
10001011010
010010010
010101010
010101010
010010101
01010101
010010010
0101001010
10101001
01001001
01010101
0010010101
001010010
010101010
101010
01010101
0101010
0010101010
0101010010
10010010
0101001010
010100010
010101010
00101010
010101010
00101010
001110010
1001001010
0101001010
010101010
01001010
001001010
011001010
101010010
10100101
0010101
0101010010
001001010
101001010
01010101010
0010001001
0110101
001010010
010101010
00010101010
001101010
0100101001
001010101
0101101
1010101
001000010
00100001010
10100101
0010101001
010010101
0101010100
10101010
01010010010
001010101
10001010
0100101
10100101
010100101
100100101
00100010010
001010010
100100101
0100101001
000101010
101001010
01010101
0010010101
010100101
0101010
100101010
100101010
0100101001
0010101
011010010
100010010
100101010
0100101010
0010101
01010101
010101010
0101010010
010100101
1010101
00101010
0010010101010
0100101001
100110100
10101010
0100101010
0010101010
101001010
00010101
010010101
1010101
000101001
0101001
100100101
1010101
0010101
001001010
01001001010
010101001
010100101
010101010
00101010
1010101
1010100001
0100100101
0000101001
0110010
10101010
0010010101
00101001
011011010
010101010
10000001010
01101010
0101010010
1010101010
010100101
0001010100
01000101010
10101010
01010101
100101
10101010
010101010
0101010010
101010010
010101001
01100101
10101010
10101010
0010101
1010101
01010011
01010101
0101001
001010101
010101010
0101010
00101010
0100101010
101010010
00101010
10001010
10100010
01010101
01010101
010101
01010101
010101010
0100100010
0101010
0110101
0101010
010101010
100101001
00100101
01010101
10001001
01010101
0101010
0110101
1000101001
01010101
0100101
10010010
010100010
10101010
010001010
0101001
001010101
0010001010
0101010
00101010
10100110
0010010101
10100101
0100010100010
01010010
00001010
10001010
0010101010
010101010
01010101
01010101
0101001
1010101
01001001
0101001
0000101010
0101010
0010101001
0110101
001001010
00101010
10101010
00101010
100010010
0100100
010101001
1010010101
001000101010
10101010
10101010
10001010
0100101001
0100101
01001010
01101010
10110101
10001010
010101001
101000101
01010101
010101
010010010
011010010
0100001010
01010010
101010010
1000101010
010101010
010101010
1010101
10001101
01010101
01010101
00100101010
10101010
01001001
1001010
0000101
01010101
01010010
0000101010
01010010
000101010
010100101
1010101
010100101
0100101
001001010
00101010
01010101
1001010001
1010101
010101001
0101010
0010010010
00101010
0101010010
01010101
01010101
01010101
100101101
100101010
0101001010
10101010
010100110
010101010
0000101010
01101010
100010010
00101010
10101010
0010101
10100101
10101010
1001001010
0000100101
1010101
010101001
1010101
1000101010
000001001010
01010101
100010101
100010101
01010101
10101010
101010
1010101
010110010
100010010
010100101
10010101
01010101
10101010
01010010
0010101010
010101010
0101010
01101010
01001010
01010101
10010100010
010101010
00101010
0010101010
101001010
0100101010
1010101
10010010100
1010101
010010110
1010010
0010101010
01010101
0010101
01010101
1001101
010101010
01001010
1000101010
010100110
10100001
010101001
0010101010
010101010
1010010010
010110010
010100101
010010110
10000101
0010101
00101010
010011010
0101010010
01010010
010101010
010110010
01000100101
001010101
01011010010
100101010
10101001
001010101
10101010
0101010010
00101010
00101010
1010101
0101001
10101001
010101001
101010010
10010010
0100101010
01001010010
10010101
01010101
00101010
10101010
1010101
01010101
0101001010
100101010
010101010
10001010010
01011001
1010011
01010101
010011
0101010
01010010
10010010
01010101
010010
0101010100
0100101
101010
1010101
01001010
0110101
010100101
10100101
100101
10001010100
010100101
0100100101
01010101
010101010
0001010010
01001010100
1001000101
010010000110
010101010
010101001
010101
100001010
010101010
010101010
010101010
010101010
1001010
10101001
1010101
0101010
010101010
0100011010
10101010
010101010
001010010
0101101
1010101
010101010
010101010
1001001
10100101
010001010
0010101010
101010010
10101010
10010101
01010101
01010010
01001010010
1001001010
0101001010
01010010
0100101010
010101010
00101010
10101001010
00101010
10010010
010101010
01010101
10101001
0001001010
001000010
1010101
010101001
1000010010
010101010
01011001
01010101
01010101
01010101
1001010010
010101010
010010110
01000101010
0101010010
010101010
100101010
0101001010
0101001010
010101010
10010101
01010101
00101010
101010010
10101001
01010101
1010001010
10101010
010101010
010101010
01010101
01010101
0101010
01001010
10101010
0100101010
0110101
01010101
1000101010
00100101010
010101
1010101
01010101
01010100
0010101
1010101
10101010
10001010
0101010
010101010
010010101
010010101
010010010101
10100101
10100101
010010101
01010101
01010101
010101010
10101010
010101010
01110010
001010010
0000010101010
010101010
1001001010
100101010
010101010
10101010
00101001010
001010101
0101010
0010101
010100101
10101010
010101010
100100101
0100100101
0110101
01010101
1010101010
010101010
101010
01010101
010100101
1010101
1001010010
001001010
10101010
000101010
1010101
1000100101
01011001
1010010
010100101
101001001
10101010
01001010
0010101
010010101
10010100010
10101010
010101010
11001010
0101010010
1000101010
10001010010
01101010
101010001
010100101
101001
10001010
01001010
0101001010
0101010
00101010
010101
01010101
0101010010
1010001010
10010101
0101001
1010010
00101001010
100100101
10101001
1001010
001001010
001010101
001010101
01000101010
101001010
010101010
0000101010
010101010
000101010
01010101
1010101
010100101
010010101
00101001010
001101010
1000100101
010100101
010101010
00101010
0101010
0010101010
0101010010
0010110010
001010010
00110010
01001010
00101010
010101010
010010001010
01010010
0100101010
0101010
00101010
101010010
0101010
0101000010
0100011010
01010101
001010001
1010101
1001101
0101001001
101010101
0100010010010
0101001010
01010101
010010101
01010010
0100101010
010010101
01010101
01010110
01010101
0100101
01100101
0101001
00100101
10101010
0100101010
0010101
01010101
010100111
10100101
01010101
01010101
1010101
0101010
010100101
000100101
0010010010
10010010
00101010
010110010
00001010
0101010
10100101010
10010010
1001001010
00101010
01001001010
01010001010
100101010
0101010010
1001001
010100101
0101101
0001010101
01010100
01010110
010101010
001010010
0010001010
10101010
01001001010
10101010
10101010
00101010
0101010010
010101010
01010101
101001001
0100101010
010101010
10100101
01010101
001001010
0101010100010
0101001010
0101001010
0101010010
10101010
