0100100010
00101010
010010101
01010101
10100001010
10101010
001010010
0000101010
0100100101
010100101
10010010
11001010
00101001010
10100010
10010101
1000100101
10001010
010101010
010101010
00101010
01010101
101010
0101001010
00101000010
0101010100
00100101
010101010
000101010
1000101010
00101010
010101010
10101010
1000101
010101
001101010
01010010
00100101010
1010001010
00101010
0000101010
10101010
10100010
010101010
10101010
01010010100
001010001001
100010101
1010101
101000101
1010011
0101010
10101010
0100101010
00010101010
1010010010
0101001010
010101010
10010001010
001001010
10101010
00101010
101001010
0010101010
0101001010
100101010
010101010
10100010
1010010
0101001010
010101010
01010101
00101001
101001010
010100101
0010101
1010100
1010101
0100101
00001001010
100101010
00100001010
010010010
0110001010
01010010
1001010001
01010101
1000101010
01100001010
10101010
101010010
01010101
01010101
1010101
010100101
101001010
001001010
100101010
1001010010
0010001010
001010010
0010100010
1000100010
10101010
00100100110
100101010
101010010
011000101
10101001
01011010
0010101010
001010101
0100101
1010101
01010101
001001010
010101010
01010001010
0000101010
01011001
10010101
01001010010
100101010
1001000001
1010101
00100101
100100101
0101001010
10101010
1001001010
101001010
01010101
1010101
000101010
0100101010
010101010
10101010
1000001010
10101010
1010101
100101
0100101
0010101
01010010
0100101010
00101010
100101010
001010010
00101010
100011001
10010101
1010000101
01010101
001001010
001001010
0010001010
001101010
1010101
001010100
1010101
1010011
10001010
01011010
1010101
001000101
01001010
000101010
010010101
10101001
010100101
1010101
10101010
010101010
10101010
010101010
0010101010
0100101010
010010101
010100101
101001001
0010010101
010101010
1001010010
10101010
0101001010
101010010
101010010
010101010
010101010
0010001010
01001010
00101010
01001001010
001010010
010100010
10101001
010100101
0101001001
1010100100
010011010
010101010
0100101
00110101
0100101010
101001010
0001010001
0010101
010010010
010100010
0101010010
10101010
101001010
1001010
00101010
1010010010
10101010
01010010
10100101
0101001
10100101
1010101
00100101
010010101
010101001
01000101
010010101
010010101
01001001010
01001010010
001010010
001010010
0010101
0100101
0101010010
01010010
0101001010
0010010010
01010101
0100101
010101010
010001010
010001010
001010010
00101010
10101010
0100101
1010101
001010010
001000010
010101010
101001010
1010111
1010101
010101010
101001010
1000101010
1010001010
001001010
00101010
000101010
00100100110
010101010
010011010
00001001010
011001010
0100100010
001001010
0010101010
010101010
01010101
00101001
101010000
101001010
10101010
010101010
0010101010
0100101010
0010101
01010101
0101001010
001001010
0010001010
0101001010
1001010
010101010
0101001010
10101010
101010
0011010
00101010
0101010
00101
0100101
10101010
000101010
10100101
1011001
1010101
01010101
101001010
1000101010
10101010
10101010
1001010010
101010010
10100101
10100101
1001001010
1000101010
000101010
10101010
101001010
01001010
010101
10010101
01010101
1010101
1010101
0100101
01001010
010101010
01010101
1000101
010101010
01001010
101010100
0100101
010010101
10010101
010101010
001010010
1010101
01010101
1010101
000010101
1010101
0100101
001001010
01001010
01010101
010100101
1000101010
10001001010
0000100110
010101010
001001010010
101001010
000010101010
01010010
00101001
0010010101
0100100101
001010101
101001010
0010101010
0100101010
0101010
1000101001
00100101
10101010
100101010
010101001
1010101
001101010
01001010
100101010
00101010
010101010
00101010
00101010
101010010
1100100
10010101
010010100010
0101010010
0001001010
0101001010
01010010
01001010
10100101
10100101
01010101
0100101
0100101
100101
010101010
00101010
0010101010
010101010
010001010
010101010
10101010
0101010
10001010
0100101010
10010010
001000010
101010101
1010101
0101010010
100010010
01010101
01010101
01010001010
0101001010
00001010010
010101010
10101010
100101010
1000101010
010101010
01001010
11001010
10010101
1001001
010101010
1010001010
01001001010
0010011010
01001010
10100010
010100101
01010011
100100101
010100101
10010101010
100100010
1010101
1010101
101010
0101010
