0100101
00101001
01001001010
10101010
1010101
01010101
000001001
010010101
010101010
0101001010
010101010
010101010
101010
010101010
010101010
001001010
010100101
101001010
0101001010
10100010
1010101
10100101
1010001010
010101010
000101001
001010101
0101010
101001010
1001010010
01001010
010101010
00100101010
1010101
100101
0010010101
1010101
10100101
01010101
00101101
1010101
01010101
10000011
1001010
10101010
01010010
100101010
0100101010
01010100010
01010010
0101001010
00100101
0010101
000101010
1010010
1001001010
100101010
1010100010
0100101010
10100001010
010101010
0010101010
01001010
10101010
10001001010
0101001010
001001010
10101010
0100101010
100101010
101001010
01010101
1010101
01010010
0011010
0101001010
010101010
1010101
01010101
0101010100
1010001010
100101010
00101010
001010010010
10101010
010001
1010101
010101010
01010101
0101010
010101010
0101010010
10101010
10010101
1010101
0100100101
0100101
100001010
0010110010
10101010
01001001010
1001001010
1001001010
0100101010
10101010
01010101
1010101
0101010
0101000010
100101001
1010101
00101001
01010101
00101010
1010101010
01010101
001010101
0100010010
10101010
001001010
01010010
101001010
010101010
10101010
010101010
1010101
10100101
01001010
0010010
10001010001
01001001
101010001
001010100
001001010
010101010
001001010
010101010
0001001010
1010000010
10001000010
10101010
010101010
01010010010
01010101
01010101
010101
010101
100101001
0010101
100100101
01011001
010101010
010101010
01010101
0100101
100101010
010101010
1010101
01010101
1010010
01010101
0010101
1010000101
10101010
010101010
01010101
01010101
10101010
101001010
100010010
010101010
0010101010
00101010
1010010
10101010
0010101
1010101
0101010
101010010
0010010010
0101010010
0101010101
1001010001
100101001010
100101010
10100101
1010101
1010010
00100101
101001010
10101010
101001010
0010101010010
010101010
0100101010
01010010
010101010
01010101
010101010
1010101
10010100
1010010
0010001010
0100101010
0100101010
10101010
0101001010010
100101010
10101010
0101010
010010010
0101001010
010101010
0101010
101001010
0101010010
010101010
1010001010
1000001010
010101010
10101010
010001010
01010110
00001001010
0101010
01001010
001010010
10101010
0101010
010100101
010010101
0010101
001011001
1010101
010101
010101010
001010101010
00101010
000101010
1100101
1010101
01001010
1000100010
0101010010
0101010
00101010
0101001010
1010101
010101001
010010010
01010010
1010010
101010010
011001010
101001010
101110010
10101010
10101010
0101010
010101
0100010101
10010001010
0100101010
0101010101
10010101
010101
00101001
01010010
00100101001
01010100010
01101010
01010010
0101010010
10001010
00101010
010101001
10100101
10001010
010001010
0100100010
10010000010
0010100101
01010101
100001010
0101101
0101010
1000101010
001001010
01011010
1010001010
010101010
01001010
010101010
01010101
01010101
0010101010
0100101010
010000101010
010101010
10010101
001010101
0101001010
0101001010
0100101000101
010101001
101001010
01001010
10010101
10100101
010101
1000101
0010100101
0101011
001001010
100101010
0101001010
01001010
000110
10100100010
1010100101
0100101011
100101010
010101010
01010001
010101010
010010010
100101
0010110
101010010
10001001
10100101
010010
00101010
1010101
1010101
100001010
0100101010
10010001010
010101010
01010101010
010101010
1001000010
01011010
10001010010
0101010
010101010
0100101010
1010101
0010101001
010101010
0100110
01000101
0100101001
1010101
01001001
0100101010
10101010
0100101010
10101010
100001010
010101010
01010101
010010101
0101001010
010101010
0101010
0101010
0010100101
1010101
000011010
00101001010
1010101
10100101
010101001
01011101
010101010
0100101010
010101010
101001010
10101010
101001010
010010101
01010101
0100100101
01010010101
0100101010
10101010
100101010
0101010010
10010101
010000101
00101010
101001010
1000100101
010010101
010001010
10001010010
0101010
0010101010
0100101
10001010
101010010
10101010
0001001010
101001010
1010101
10010101
1010010
10001001
0001001010
010101010
1000101001
01100101
011001010
010101010
100010101
01010101
01010101
010010101
10101010
10101010
001001011
001010101
01010101
10100101
0010001010
010101010
101001010
011001010
100010101
101010001
01010101
010101001
1010101
100001010
0010001010
1001001010
010110010
10011010
001010101
010001001
01000001010
100101010
0010010010
1000101000010
010101010
0101001010
010100101
10000101
01001010
1001010010
01010101
00101000101
01001010010
01001010
0010101
010010101
010101
0100101
0101010010
0100101010
01001001010
100101010
101000101
0010101
10001010
1000101010
00101010101
100010101
10101010
0101010
0010101010
0101010
01100100010
001001010
100010101
1010101
1001000010
00101010
010100101
100101
00101010
1001000010
010101010
010101010
001010101
0101011
001010101
01000101
10010101
0101001
010101010
0010110010
01010101
01010101
00100101
10100101
1000101010
10100010
10000101
0101010101
0101010010
0110110010
00100101001
01011001
0101001010
10001010
10101010
0101010010
0101001001
0100101
10001010
010101010
01010101
010100101
0101001
1010101
101001
01010101
0101001010
010010010
0101001
010100101
101001010
010101010
00100101001
01001010
01010101
010010101
010101
10010101001
01001010
10001010
0101001
01010101
01001010010
101001010
010010101
10100101
01010101
001010101
010010100
011101
01010010
101001010
0101100
010101001
100101010
101001010
10101010
010101010
1010101
1010000101
10000101010
0101010
1001001010
0101001010
010101
1010101
01001010
10101010
01101
10100101
1010101
01010101
1000010010
0101001010
01010101
00001010001
1010101
0000101001
0010101010
01001001
100100010
01101010
00110101
010001010101
010010010
00101010
0100101010
010101010
1001000101
1010101
0101101
1010101
010101010
010101010
0101001
00110101
0101001010
0101010010
010010101
1010101
0100101010
11001010
100101001
0010101
0101
1010101
101010010
010101010
010101010
0101001010
01010101
101011
0100100101
1010101
10010101
010010101
01001010
00100101010
010100101010
00101010
010101010
10010010
010101001
010010101
10101010
010011010
1000101010
101001010
100010010
1010010010
1010101
010101
0101001010
010101010
00101001010
10101010
01010101
101010
0010001010
0100101010
001010101
0010101010010
0010101
010101001
010010010
01011001
010101
1010101
0101010010
101010010
100100101
10101001
01000101010
101001010
0100101010
010101010
01010010
0010101010
0010100010
00100101
001001010101
001010101
01001001
0010101
100101010
010010010
100100101
1010101
010101010
0101000010
001010011
010101001
010101010
10001010
01010101
01010101
0101101
1010101
001101001
100100101
0100101010
0100101010
01001001010
0100101010
100001010
101001010
01101010
01010010
10100101
10100010
01010101
001010
010101010
10101010
010101001
0101011
101010101
10001010001
1010101
010010101
010100101
01010101
10100101
01010101
101001010
0101010010
01001010
0101010010
0101010
100101010
010011010
01001010
010010101
010101001
100101
00101001
10010010
0010001010
010010101
010100101
10101010
10101010
01010101
00100101
10000101
010101001
0101001
010101001
010010101
010010101
010101010
1010010
010011
10100101
010100101
10100101
01001010010
10100110
010101
0101001010
0101001
010100101
101010101
01010101
01010010010
10001000010
01011010
0101001010
0101001
010101001
00101010
001001010
0101001
01010101
010110010
0101010
10100101
010101010
10101010
010101010
0101010010
01000001010
10101010
001001010
01000101
10010101
01010010010
01010101010
101001010
1010000010
0101010
00101010
1010101
01010101
0101001
10100001
100101010
1000100010
0010101010
01010001010
101001010
0101010010
0100101
0101001
011001010
010101010
0010101010
01001010
100001010
10101010
1010101
10010101
01010010
010010010
0101001010
10010010010
100100101
010010101
01001010
1001001010
0010101
01010101
10101010
00101010
010100101
01010101
100100101
010101
100100101
1010101
0010001010
0010101010
0010001010
010101010
0101010
01010010010
10010001
1001001010
1000101
1010101
10101
10101
1000100101
00100101
1001001
101000101
1010101
001010000101
0101010
10101010
00010010101
10100101
10101010
1001001010
0010101
0010100100
0100101010
10101010
10100010010
010101010
01010101
0101101
01000100101
000010101
010101
1010101
0010010010
01011010010
01001001010
0010010101010
1001001010
01001010
10101010
001001001010
1010101
0100100101
01010101
100101001
1001010100
10101010
00101001001
0100101
1010101
01010101
010101010
101001010
1010011
10001101
1010101
01010101
10010101
0010100001
0101010
0100101010
010001010
10001010
01001001
1000101
0010010001
1010101
100010101
0010101
01010011
10001010101
01010101
01010101
1011001
01010101
10010101010
00100001010
00101010010
001001010
001001010
101001010
001001010
10001001010
10010101
0100101
001001010
010101010
010101
010101
0010011
010101
0010101
0101001
10010001
100101001
0100101010
010101010
100101
00101001
0010101
010100101
0010101010
10101010
010101010
100010110
0010101010
0010101001001
10100110
0101010
10101010
0101010010
1000101010
01010100
101000101
100101001
01010101
01001010
101000010
01001010
010101
00101001
010101001
00100101001
1010101
01010101
001010101
100101001
01010101
101001
010101010
010101010
1000101
100100101
10001010010
01011010
10010101
1000101
1001001001
1001010
01010101
1010101
001001010
1010001010
01001001
0010001001
101000001
010010101
0101010010
00101001010
1001001001
010010101
001010101
10101010
001001010
0101010
1010001
1010111
0100001010
00101010
1000010
1010110
0100101010
01001010
010101010
01010010
101010
0010101010
0100101
10001010
01001101010
10101010
001010101010
000101010
100100101
110101001
010101010
000101010
010101010
0101001010
0100101
010101
1010010
10101010
1000101
001010101
100101010
0101010
010101010
010101010
010100100
0101001010
100010101
00100100101
10100101
001010101
01010101
1010101
0101010
010101010
10010110
000001010
01010101
0101101
01010101
1010101
100101010
010101010
010101010
010101010
010101010
1000101010
011010010
100101010
1000010101
101010001001
010101010
010101010
01010101
1000101001
101010010
001011010
1010101
1000101001
1001101
1000101
0101010010
010101010
010101010
00101010
010101010
1001010
0101010
00101010
10100100
01010101
0000101010
10101010
010100101
01010010001
010101010
01010101
10100001
01010010100
101000101
01010101
