10010101
1010101
0101101
1010101
01010101
01010101
10010101
10000101
01010101
1010101
10010100010
0101001010
01010011
1010101
100100001
1010101
100101
100100101001
10010000101
01000101
01001010010
1001010010
10110001
0100101
01010101
01010101001
1000100101
010100101
001011010
010101010
001001010
010101010
001010010
001001010
100101010
01010100
1001010
0001001010
101010100
10100001
0100101
01010101
010100010
1010010
0100101
0010101
010100101
01011001
101000101
0010101
0101000001
100100101
100010101
01001010
01101011
01010101
010101010
0110100
00100101010
01001010
0001000101
0101001
0101010
0010101010
01010110010
0101010
1000101
01010101
010101010
1000101010
10010101
0100101
01001010
1010010
0101010
00100101
0100101
10010101
0010101
1010100
1000101010
0101010
10110010
10101010
0110101
010101001
0101001010
101010010
01001010
10001010
10010101
001010100
100010101
100100101
0100101
1000101
001010010
010100010
0100101
01010101
1010101
0010101
0101001101
010101
1010101
0100101
1001001
00001010001
01010101
01010101
000101010
001010010
000110101
0100101
0100101
01010101
1010101
01010011
1011010010
11010010
0101001
01010101
10101010
00101010
1000001010
0101001010
01010010
101001010
100100101
01010101
10100101
1010101
01010010
00101010
00100101010
1010100010
10001010
10101010
0101001010
1010010
0101010
01001010
01010101
10100101
00100101
010101
10100101
010101001
1010101
0101001
001001001
0100101
01010101
1010101
00101010
10101010
