010001010
000101010
101010010
101001010
100100010
0101001010
010010101
10100101
10001010
101001010
101001001
10111
00110101
010010101
0010000101
10100101
01001010
01001001010
01010010
001010010
0100101
010101
0101010
010101010
0010001010
0101010
001001011
100100101
010100101
10101
01010101
0010101001
00010101
10100101
0010101
011000101
00101010
001001010
01010101
0101010
101001010
011001010
100101010
101001010
0110010
01010010
001010101
1010101
00101010
10101010
010101
00101010
0101010
10101010
0010100010
00010010
0100101010
010101010
010101010
010010010
10101
1010101
0100101010
10101010
101000001
01010101
010100101
01010101
0100101010
0001010010
001010101
01010101
010101
01010101
010110110
10101010
100010101
0100101
0000101010
10101010
01001001
0101001
0100101
010100101
101001001
10111
10001001
010010101
0101010
0100101010
00101010
10101010
0100101
1001001
0010101
010101001
1010101
101010010
1010101
01100101
10010010010
1010101
10001001010
101001010
001001010
1001001010
00010100101
1010101
1010101
100100101
01010010
101001010
01010101
1010101
0101010
01001010
0010100101
010101
10010101
101010
001010010
010101010
0010101010
01000101010
01010010
0010100010
0100101
01010101
010101010
100101010
10101010
00101010
01010101
0010101
010101010
10001010
1001001
010010101
101010010
000010101
010010101
00010101
010010101
00100101
101010101
00100101
1110101
101000001
00100101
01010101
010101010
01010010
10010101
00101001
100101010
0101001010
001101
010101
0101010
1010101
01010101
0010101
1010101
0010101
010010101
01010101
00100101
010100101
01011001
00100010101
101010001
001010001
100100010
10101010
010010101
0010101
