100101001
0101011
01010101
01010010
001101
0010101
0010001010
101010110
0010101
010101001
0010101
0010001001
101010101
00100101
00100101
01010101
0101001
10100101
001000101
01010101
10010010
00101010
101010010
010101010
01001011
0001001
0101010
00001010
0101001
101001
010101
0101010101
1000010
10110001
1010010
0110101
0101001
10100101
0101001001
10000101
1010101
00100101
101010010
0101010
100101010
101001010
101010
10010101
1010101
1010101
0101001
10010101
110011
0101001
01011010
0111100
1010010
0101010
01010101
10010101
01101
1010101
010101
0100101
100101
1010101
001001010
01010010
10010101
0110101
1000101001
00100101
100010101
1010101
01010101
0100101
01010101
1010101
10010010
01001010
00101010
01010010
0010101
101010100
01000101
01010101
010101010
10001010
01001001
01010101
10101010
01001010
0101001
00100101
010100101
101001001
00101010
0011010
01001010
010101010
010101010
00101010
01010010
010010010
100101
1001001
100010010
0010100010
010101
100010101
0100101
01010101
100001010
101010
101001010
10101010
0100101010
100101010
100101101
10100101
010101010
010010010
10101010
10101010
01010101
01010101
010101
0001010101
0101000010
010101010
01010010
010101010
00011010
001010010
010101
0100101001
01010101
010101
000101001
01010101
101010001
0010101
0011001
1010101
010101010
0100101010
10100001
0101101
1010010
001001010
00101010
10101010
0100101010
00101010
010100101
1001001
010110010
010101010
01001010
010101010
010101001
01010101
1010101
100001001
10101010
010101010
1010100
0101100
100100010
0100101010
00110010
100101010
01010101
010101001
010001010
010101010
1010101
010100101
000101010
00001010
01010101
100010100
1000101
010010101
0101001
10010101
01001010
010101010
01010010
010101010
010010010
01001010
0101001
1010101
1010101
010101
010101010
10001010
010010
010100101
10001001010
1010010
00101010
01001010
01010101
010101010
01010101
0101010101
010101
10100101
10000101
1010101
10101010
010101010
0101001010
010101010
010101
010010101
010101
0101011
010101010
00101010
010101010
010101010
100101
01010101
001001010
10101010
10010101
001010
1001010010
0100101010
001010010
10010010010
100101
00101010
0101010
0101010010
100010010
100101010
1010101
00010101
1010101
01010101
0010101
000010101
100100100
1010100
1001010
0101010
10001010
010101010
0010010010
00101010
10010101
0101101
1010101
1010101
01010101
01010101
1010100
1000101
1001001
0110101
100101
01010101
10101010
010101010
01010101
01010001
10101010
1010010
10101010
01001010
010101
101010
10101010
010101010
1010101
1001010100
0101010
1001001010
100101010
1010001010
0101010
01010101
0100101
0100101
0101010
0101010010
01010101
001010101
0010101
0010010
1010101
001010101
010101010
010101010
01001010
100010010
10000101010
1010001010
10010101010
01010010
1000101
1010101
0010100010
01001010
010100101
10101010
01010101
0010101
0101010
10001010
00111
0101001
100010010
011001010
10101010
10001010
10101001
0101001
01010010
0101010
10101010
00101010
0101011
1000100101
0101010
101010
10001010
01001010
101001
0010101
0101010
1010010
1001000010
0010001010
01010010
10101010
0101010
101001010
1001001
0010101
010101010
10101010
001010101
100010101
010101010
10101010
00100101
1010101
00101001
010101
1010101
100101
0100101
010101
000101010
010101010
1010101
100100101
10010101
0010101
1100110
01000101
0101010
00101010
010101010
010011010
01001010
010101010
01001001
10010101
010101010
0001010010
0101101
001001001
01010101
001001010
1010010
010100101
0100101
010100101
1010101
0010101
010101001
010101010
10101010
1010010
01001010
10010010
01010101
001010101
010101010
1010001010
01010101
1010101
0000101
0100101
010101010
0101001010
00100010
00101010
00010101
0011001
1010101
1010101
01001010010
010101010
00010101010
011001010
010100101
10101001
1010010
01010010
101001010
000101010
10100101
00101001
1000000010
10010001010
1001001010
100101010
100101
10100101
0101001
010101
100110010
00101010
1000101
10100101
0100101
010101
010101010
010101010
01010010
0101010
0100100101
010101001
1010010
10001010
010101010
00101010
01001001
0010101
10101010
001001010
010010
0101001
01010010
01010110
1010101
100010101
0101010
010101010
1010101
01010101
01010101
1010101
010101
10010101
010100101
1010101
000101010
01010010
00100101
01010101
101010
01010101
1010101
10100101
01010101
001010101
010101010
00101010
010100101
1000101
01010101
00101001
010010101
101001
0101001
00100101
0101010
010101
0101000010
01001010
1000101
1010101
100010010
0100101010
001010010
0001010
00101001
01010101
1010101
10010101
001010
010101010
1010101
1010101
1010101
01010101
01010101
000010101
0101010
100101010
0101010
1000101010
1001010
00101010
0101010
0101010010
0010010
00101010
100100100
1010100
1001010
0101010
01001010
0101010
01001
010101
001010010
10101010
1000101
10010101
1000101010
100101010
00101001
01001010
000101001
01010101
011101
01010101
01010101
10010001
0101010
00101010
00101010
0101010
01010001
010100101
0101001
01010101
010101010
1010010010
100100101
01010101
01010101
10100101
00100101
10100101
01001010
000101010
1010010
010101010
0010101
01010101
010100101
1010101
010101
010010101
000101010
001010010
01010101
010010101
0101011
10010010
010101010
010101010
01010010
001001010
0010101
1010101
010101010
01001010
01010010
0000011010
0101001
1010101
0100101
01010101
01100010
10001010
01010010
10101010
010101
0100101
01010101
01010101
010010
00101010
1010010
10101010
01010100010
0101010
100100101
10010101
101010
010101010
01101
01010101
010100101
0010101
01010101
01010101
010101010
101010
000101010
10101010
0100101010
001001010
010101010
010101010
0101010010
0101010
010101
001000101
10101010
100010010
01010010
01001010
0101001
00100101
1010101
01010101
0101010
0101010
010101010
01001001010
10101010
0101010
010100101
1010101
10101010
10010010
10010001
01010101
1010001010
1000101010
100100010
01001010
10101010
0100001010
1010101
1010101
010101010
100101010
000101010
101001010
0010101
010101
01101010
1010100
100101
0010100101
0101010
00101010
0100101010
01010100010
1010101
1010101
010010010
010101010
0100101
10101001
0101010
01010101
010010101
1010101
0100111
01010101
00101010
010010010
010010101
010010
0100101
010101
0101010
0101010
10101010
010101010
10001010
101010
1010010
0101010
10101010
1010010010
0100101
10100101
0010101
0100101
011001010
0101010010
1010101
0010101
0101001010
01010010
01010101
010010101
0100101
0010101
10010101
1010101
01010101
1010101
10101010
00101010
01000101
0100101
00100101001
10100101
010101010
001010010
100101
00100101
0010001010
10001010
0101001
00101001
01001010
10101010
01010101
01010101
10100101
0101101
01001010
00101010
1001010
0100101010
01001010
100101010
100101
101000101
10010101010
10101010
0100100101
100101
0101101010
10101010
0100101
0010101
1001010
101010
10010101
10100101
010101010
00101010
00101010
01001010010
001010101
01100101
1010101
01001010101
1001001010
1010010010
00101010
010101010
000101010
010101010
01010001010
1010010
010100101
001000101
100100101
10100101
100101010
010001010
0101001010
01011010
010010101
01010101
00100001001
0101001
1001010010
0000110
0010101
01010101
010100101
0101010
01001001
10010101
01011
000101001
01010101
01010101
00100101
010101
01010101
0100101
001001001
010101001
00100100010
010101010
0010101
01010101
01010101
010010101
0010111
0101001
0101001
01010101
0101101
01000101
100001010
010101010
100101010
0101001010
101001010
0101010
010101
01010101
010101010
0101010
010101010
010101010
101011
001010101
10100101
1010101
0010101
00010101
010101010
0101010
0010101010
010101010
01100010
100101010
101010
0101010
011001010
001001010
10101010
100101010
101000001
10010101
101010001
1011001
00101010
011000010
0101001010
101001010
010010101
010101001
0101100101
0100101
001001010
101010010
1000101
1010001
010010101
01010101
001001010
010101001
010101010
010101010
010101010
010101010
101010001
010010101
010110010
10101010
100101
10101001
010101010
001010010
0101001
10010101
001010100
01001110
001010010
01101010
0010000101
100101
0101001
10101001
010101010
10101010
1010010
1010010
01010010
00101010
1000101
101101
0101001
00101001
00010010010
1000010010
00101010
010101010
00101010
00101010
0100101
1000101
01000101
001100101
010001010
000101010
00101010
100010010
010010101
10101
0101001010
01010101
00110101
01001001
001010101
0101010
0101010
0101010
001001010
010101010
0101001010
001001010
101010010
10001010
1010101
1010101
10101001
00010101
001001010
000101010
0010010010
010010010
001001001
010101
01001010
010101010
10010001
0010101
010100101
00100101
000101
010101
00100010
0101010
010101010
01010010
01101
1010101
01001010
00101010
00101011
1010101
00101010
101001010
010101010
0100101010
0100101
10100101
100100101
01010101
010101
001010101
00101010
010101010
010001010
1000101010
01010101
010101
0010100010
010101010
10101001
01010101
01001010
1001010
01000101
1010101
01001010
00101010
0100101
0010101
0101001
10010101
10010101
00100101
01010010
01010010
010101010
010101010
01100101
010100101
1010101
10110001
0010101
1010101
010001010
00001010
010101010
01001010
101001010
000101010
00101010
1001010
0010010
010101010
01010101
010100101
011001010
010101010
010010101
0010101
101001010
0101010
0010001
0101001
0011001
0101011
01010101
01010101
0101001010
1001010010
010101
01000101
100100001
01010101
01010001
010101
010101010
01001010
0010001010
10101010
010101
01010101
0100101
010101
0101010
0101010
010101
010101
01001010
001001010
00100101
1010101
010101010
100001010
0100101
10100101
01010101
01011001
100010010
00101010
1010101
0101001
0010101010
0101010
1000100001
00110101
010010101
0101001
01010101
10100101
01010101
0101001
0010101
1010101
01010010
01010100
0100101
10100001
10101010
010010010
010101010
010101010
01001010
0101010
1010010
10010010
01010010
10001001010
0100100101
101001001
0101001010
01010010
1010101
0101001
00101001
01010101
01001001010
1010001010
10010010
00100101
00011010
010010
01010010
100010010
10010101
01000101
1001010
001001010
100101
01010101
10100101
00100101
1010101
10010101
01001001
01010101
01010010010
01010010
010001010
001010010
101001
1100101
0101010
001001010
0010101
0100101
1001010
00101010
1010010
0101010
01010101
0101101
101001010
10010010
01001010
010101010
0101001
01001010
00101010
010101010
01010010010
00101010
0101001
001001001001
10010101
010101001
001001010
0111010
0101010
01010010
0011010
0100101010
0001001010
01010010
101001
00100101
001001010
1001010
0101010
000101010
100101001
01010101
101010
0101010
0100101
110000101
0101010
1010010
0101001
1001010
0100101010
00101010
00101010
10101010
1010101
101001
010101010
01010010
01010101
0100101
001001010
01010010
0100101
01010101
0101010
010101010
0100101010
0101001010
01010101
010101
010101001
01001101
010101010
000101010
10101010
101010
0101001
01010101
01010101
100101
0010110010
101010010
0101010
0010101
01010001
01010101
001010101
010101
0101001
0011001
01010101
1010101
00101001
0010101
1001010
0011010
00101010
0101001010
010010101
0001010100
101010
101010
010100100
01010101
00110101
0101011
001010101
01011010
01010010
00101010
100100101
0000101001
01001001
1010101
010010101
0010101
010101
1010101
01010011
0101010
1101001
01010101
00101010
0001001010
00100101
010101
10010101
010101
010101010
01010010
0101010
010010010
0001001010
001010010
0101010
100001010
0010010
01010010
010101010
0010010101
10010010
010101010
010100010
0111010
011001
01010101
0100101
1010101
0100101
0101001
10001010
0010000101010
0100101010
01010010
01001
01010011
0101101
0100101
101010
01100110
01010101
01001
0101010
01010010
010010101
01010101
0101010
010001010
001010010
0101001010
0010110
01010110
0101010010
10101010
10101010
1000101010
10010101
100101001
1010010101
10010110
10101010
0010101010
10101010
00101010
0000101010
010101010
01001010
10001001010
01010101
01010101
00101010
01001010
0101010
10001010
001001010
01010010
10100101
1010101
1010010
1011010
0101010
001000001010
10101010
100101
1001010
01001010
0101001
0010101
01001010
1001010
101011
100101
01001010
01010101
01010101
0010101
010101
1010001
10101010
001010010
01010010
010101010
01010101
01010101
1010101
10100101
010101010
00101010
101001
0101001
0010101
10101
01011001
1010101
0100100100
0010110
0101001
01010101
10010010
110010010
1001001
1010101
1010101
1010101
01001010
101010010
000101010
0011010
10101010
0101010
010101010
010010101
00001010
010101010
0101010010
010101010
