00100101
010011001
10010101
1010101
001001010
010101010
00101001
01010101
00001010
10101010
0101010010
0000101010
010010101
001010101
1001001010
10101010
10101010
10101010
01010101
010100101
10001010100
01101011
01001001010
0101001010
010101010
101001010
10010101
1000100101
1010010
10101010
01010010
000101001010
0101001
101000101
0101001010
0010101010
100101010
10100010
010010010
010101010
1010101
10010111
011001
0100101
001010101
101000101
01010101
0010101
1010101
01100101
01001010
0100101010
0010101
1010101
0100101
010100101
000101010
0100101010
1010010
010101
01010010
10101010
010101
010101
0101011010
01010010010
01010010
0100001010
010101010
10010101
0100101
01010101
0100101
0010101001
001001010
00101010
00010010010
10101010
10010010010
010101010
0010101
10100101
010101010
00101010
100010011
0010101
010001010
010101010
010100110
0010101010
0110101
1000101001
01001010
1001010
01001010
00101010
1010101
10010101
101010010
101010
10010010
10101010
010011010
000101010
1010101
01010101
10100100001
1000100101
001010101010
1001001010
010101
010101
01010101
010101010
1000010101
01010101
01100101
1010011001
1010101
1010101
100101010
0101010010
001001001
01010101
1001000010
00101010
100100100
1010101
00101010
0011010010
0101010
0101001010
10010110
001010100
10101001
1010101
01010101
0101101
0101010010
0010101010
01010101
01010101
001001001
01010101
00101001010
010101010
001010010
100101010
10101001
01010101
010101010
10110010
01010101
10010101
1001001010
0010100010
01010010
10001010010
10100101
0100101001
011001010
00101010
10010101
1010101
00101001
101001
01010101
100010101
1010001010
1001010
01010101
101010001
010011010
00101010010
0010101001
00101011
00100101010
0010100010
01001010101
001000101
010010010
010101010
010101
100100101
010101001
0010001001
1010101
1010101
100101010
00101010
01010101
0110101
010010101
01011001
010101101
001010101
01010010
010101010
0101101
10100101
10001010010
1010010
0011001001
01001
01010010
00100110
01010010
1001001010
01001010
010101010
0010001001010
0100101010
10010011
1000101
001001001010
101001010
01001010010
01010010
010100101
010100101
01010101
1010101
010101001
10010101
0010100101
01010101
101010101
0010100101
0101001010
0101001010
01010101
010010101
010100101
00100101
1010101
1010101
10101001
1010101
00001010010
0100101010
010100101
010100101
101010101
1010101
01010010
010010010
011101010
101001010
010001010
0100101010
0111010010
10010010
100101
1010101
0101001010
01001010
01010101
01010101
0101101
01010101
001010010
01001010
0101001010
100101010
010101010
0100101010
10010101
0100101
101000101
1001010001
0101010010
010010010
01010101
010101
010101001
1000101
00010101
010001010
01111101
01010101
101001010
010101010
010011010
0101010
10010101
010010101
01001010
01001010
10100101
01010101
01010101
01010101
010100110
010010010
01010101
010011
001001010
010101001010
10011001
01010101
0000100101
1100101
01010001
100101001
1000101010
1001001010
0011010
00101010
010110010
100101010
0101101
010101001
001010001
0010101001
1000010100
001000101
0101101
001010101
1010101
0010100101
00101010
00101010
01010101
010010101
010010101
0100101
0010101
100100101
0101001
101010
10001010010
01001010
100010001
010101
001101
100101
01001010
001001010
101010101
01010101
010101001
10100101
0010101010
1010010
010100101
10010101
01010101
01010101
11001010
0101010
010010101
01010101
10010101010
01101010
010101010
0101001010
01010101
01001001
00100100101
0010101001
00010101
1010101
0100101
01010101
0110101
01010101
0111001
001010100
010010010
100010010
10101001
01010101
010101
01010101
01100101
0010101
10100101
000101
010100101
100101101
01010101
01010101
1000101010
10101010
0100101010
10101010
10100100
010010100
101010101
1010101
010101
010101001
100101010
0101001010
01101010
0101001010
00101010
100101010
10101010
010101010
01010101
100101
001011010
0100101010
1000101001
01000101
0100101010
01001010
01010101
01010101
0100101
1010101
01010101
100100101
0100101
0100101
0101010010
00101010
1010101
010000101
1010010010
1010010010
01010101
010011001
1010010
100101010
01010101
10010101
0100101010
10101010
01101001
100001001
010010101
01011001
10010101
10100101
10101010
01010101010
0100100101001
010010101
01001001010
0101001010
0100101010
0100101010
0010010101
010100101
011001
0101010
010100101
100010101
011010
01001010
10010010101
01010101
10101010
01010101
010011000
0010101
01001010
010100000010
100010101
0101011
101000101
0101001
0100101
0101101
010010010
100101010
0110101
0101001
0101011
10010101
01010101
01010101
0100101
1010101
010010101
010101001
01001011
10101
0010010101
010101001
010100101
010010101
010010101
00110101
10101101
1010110
01010101
0010101
0101010
1010101
00101010
010101010
0101101
01010101
010010101
1010101
01010010
010101010
1010101
01010101
010101001
00010101
10100101
010010101
01010101
01010101
01010010
1000101010
1010101
0100101
0101001010
00000101010
0101010
0010101010
01001010
0101010010
00001001010
00101010
010101
001000101
01010010010
101010010
0100100101
010101001
001010010
0010101010
010101001
01010101
010101
010010101
01010101
0101101
01010101
10010101
01010101
10010101
10010101
0100101001
100101010
1001010
00101001
01010101
01010101
010101001
01010101
1001001
1010101
01010101
0101101
10100101
0101010
0100101010
01010101
1010101
0101010
101011010
001101010
010101010
0100101
1010010101
0101001
010101
0100001001
00101101
1001010010
0100101
100101000
0010010010
0101001010
1010010010
01010101
10010101
1010010010
010101010
00100101
1001001
10100101
01001
010010101
010101001
01010101
010101001
01001010
1000101010
100101010
0101000110
01010101
010101001
01010101
010100101
0101001010
01110010
100101010
0101001010
10010010
0101010
101001010
00101010
1010101
01010101
1010101
0101101
010001010
0100101010
0010101
100101
1000100101
00101001001
01001010
010101010
0000101010
10101010
1010001010
010101010
10101010010
010101001
010101
01010101
01010101
0100101
01010101
100101001
0101001010
0101001010
010010101
010100101
0010010101
10010101
010101001
01010101
0010101
01001010
10101010
101010010
10010101
10100101
0101001
01010101
01010101
1000100101
100001010010
100101010
01010101
1010101
101010010
1000101010
1010101
01010101
1010101
0010001001
0010001010
01010101
100010101
0100101010
010101010
001001010
0100101
10100101
01010101
1010000101
01001010
10001010010
010101001
010100101
01001010
100101010
01010101
01010101
1001010100
010100101
0101010
010101010
01010101
0010101010
10101010
01010010
00110101
010010101
010101010
01010100010
001010101010
0001010010
010100101
010101
1010101
01001101
10101010
0101001
010101010
10010101010
10010011
01010101
01010101
010010101
100010101
0100101
0110101010
10101010
00101000101
10100101
001010010
1010010
101010
0100100101
01101010
10101010
00100101
100101001
101010101
00010101001
10101010
01001010
01010100110
010101010
000100101
0101001
100101010
010101010
10101001
0100101
0100101
10101001
