010101010
1001001010
001000110
001001010
010101001
100100101
1001010101
01010101
0110101
1010010101
010010101
001010001
010101010
1000101010
0101010101
100100100101
101001010
0100101010
0100101001
1001010101
0101010
1001010010
010100101
1010101
1001001001
00010101001
100010010010
101001010
001010101
0010110010
00100110
101001010
0100100101
100010101
010101010
0101001010
0101010010
101010010
00100101001
010101001
0010100010
10101010
0000101010
10110010
0101010100
1010100100
010101001
00001001010
101010010
001010010
01010101
1001010101
010010101
10101000101
1010101010
101001010
0010100101
010110001
0100001010
101010010
0101010000
10100001001
0101010010
100101010010
001001010
010101010010
1001010101
0101001001
010010101
010100101
010010101
1001001001
10100101
0010101000
100100101
10010101
0101010001
101001001
010101010101
10100001001
010010101
100010101
011010010
1010101
00100010010
0101001010
0001001010
010101010
010101010
010101010
101001010
010101010
0100101001
00110101
01001010
0110101
01010010
01011001010
10010101
10100101
0010100101
101001010
01010011
0100100101
01010100101
1010101001
00101001
01010101
00100010101
01010101
01001010
0010101001
0100101010
1000010010
01010100
01101001
01011001
1010010101
0101010
101001010
001000010
101010010
0101001001
0101010101
1001001010
010110010
101010010
1010101010
010100101
001010101
0010010010
010101010
010101010
100101010
00100101
101001001
1000101010
010101010
0010010001
10010101
01000100101
01001001
0010100101
1010100101
0101010101
100100101
01010101
100101000
01010101
01010001
101010001
101010101
0101010010
001001010
1010101
010100101
01010101
010000101
001001010
010110010
10101000
0101001
0101010101
10101010
0100001010
000101010
0101001010
10001010010
101000101
001010101001
010100101
0101010101
010100101
1010100001
100101001
010101001
00101001
01100101
01010101
010101001
10101010
0101001100
010101010
10101010
10110011
101001001
011001010
01010010
01010010
0101010001
001001010
10100100
10101010
1010010010
001010101
1010101
101001010
0101010010
10010100101
01010101
10001010001
0010100010
001011010
010101010
010101000
001100101
010101001010
0100010010
101010101
100100101
10100101
0100101001
10101010
010110010
0001010001
1010100101
1001000101
1001010101
100101010
10101010
00101010
01010101010
1010100101
01100101
00001010010
010101010
0010101010
10101010
101001001010
0010101010
01010010
101000010010
101001010
10101010
001001101
010010101
01010101
1010101000
0110101
100101001
10101010011
010010101
0010100101
10010101
00100010101
010101
10101001
10010101
01001010
010101010
100010001
1000100101
01001100
01100101
1010101010
010010010
10001010
10010010
1010101010
010101010
001010010
10101010
001001010010
0010101010
10001010100
01010100
10101010
1000100100
10010001
01010101
01001010
1001010010
0101010
01010010
101010010
001010010
1000101001
100010101
01010101010
10001001010
010101010
01010101
01101010
0101010101
10100101001
001001011
0100100101
010010101
010101001
01010101
010101001
1010101010
10100100010
010101010
10010011001
010101001
10100010010
0010100110
010100101
0001001001
00101001
010110001
0111010
100101010
1011010
01011010
00101001
10011010
01010101001
011010101
0110101010
010101
0101010101
0101001001
010101010
010001010
1001001001
101100101
1000101010
01010010
0010010101
01001001001
0101001
10101010
01010101010
01010101010
101010010
000101010
0100101001
10010000101
100100001010
0010001010
01010101
01010101
01010010
0101001010
101010001
01010100101
010010101010
0010001010
1000100101
1010001001
01001001010
0010101010
0001001001
0010100101
010100110
010100101
001010101
010010101
1010010
010101010
00100100100
001010101
10010101
1010101
001010101
010010101
0101010101
0100010101
1010010
0010101010
100100010
10010101000
001010101
00101000101
100010011
1001010101
0010010001
10100101
101010010
10101010
00101010
011001010
010101001
100101001
1010010100
10101001
100101010
101001010
010100110
00101010
01010101
01010101
1010001010
0010101010
0010101010
001010010
101011001
1000101
1000001010
100101010
1010101
1010010101
10100010010
0100010010
