100001010
10010010
010100101
010100101
101000010
0010101010
1000010101
010010101
10100101010
10100010
0010101
001001000
10100101010
10100010
01001010
1000101010
010101010
0101001010
10101010
10101010
10101010
10101010
10001000110
0010101010
010101010
00101001010
001010101
10100101
0101010
1010101
010010101
0101001001
010100011
10101001
0101001010
010011010
01001001
01010011
01101010
010001010
1010101
1010001
0010101001
100010101
0010101001
0100101
1010101
1000101
010111010
010101010
01010101
10010100
10001010
0101001010
10010101
00110101
00101010
101010010
0100101
100101
1000100010
010101010
0010100101
1010101
10101010
101010010
0101011
01010101
10101001
010100101
101001
010010101001
10101010
010101010
010101010
01010010
10010101
10000101
001000101
0101011
0101010
00101010
010101
1000011
100010101
00110101
01010101
0101001
010101
01010101
01110101
01010101
0101001
101010100
0100100101
001010001
0100101
0101001
10100101
01010101
00100011010
010101010
010100101
01001001
010101010
01001010010
0100110
100101010
010101010
01010010010
010100101
010101000
0100101001
1010101
100100010
01010010
0100101
100101
0101001001
01010101
010101010
101000010
1010010
0100110
0011010
0110010
010101001
0010101
01010101
010101
10101010
01010101010
0110010
0110101
01100010
010101010
01011010
010101010
01010110
0101001
010101010
1010010
010101010
10101010
01001010
0011010
00101001
00100101
000101010
10010010
01010101
010100001
10101001
0100101
001001010
010101010
101001
0110101
10100101
0111010
0101001
1010101
00110101
01010101
0100101
001011
001001010
100100010
1010100
1010110
0101010010
101010010
010010101
0101001
01010101
10100101
010101
1010101
100101001
010100101
0100110010
0100101010
000101010
010110010
10101010
010010010
10101010
100101010
0110101
010101
0001010010
010010010
01010101
101001
0101010010
01001010
1000101010
01001010
010101
0101010
0101001
10101001
10010101
010101
1010101
0100101
10110010
0100101010
0101001010
10011010
10101010
00101010
010101010
10101010
0001010010
10101010
010101010
10101010
011001
0100101
01010101
010101
101010010
010101010
101011010
010100100
10100101
01010101
100100101
010101001
0001001010
10010010
0010101
10101
101011
010101
0010101
01010101
1001001
100101
010101001
011001
010101010
010101010
1001001
0010101
010101
010100010
10011001010
0101010110
0101101
010101001
10010110
001001010
1010001001
10010101
010101
10010101
010100110
1001010
10100101
1010101
001010010010
1001010010
10010101
01010101
000010101
01010101
01010010
100101010
01010101
10010101
10101010
1001001010
0010101
10010101
01101010
100101010
010101010
010101010
10001001
01101001
10101100
01101010
01001101
01010101
100101010
010101010
1001001010
010101010
010010101
100100101
01011001
01010101
10010110
010101010
00101010
00101010
010100010
101110
010100010
010101010
010001000
001010100
01000101010
010101010
10100101
101010
