10010101
1010101
0011010
01011010
01010101
101100101
001001010
10101010
10101010
001001010
100100101
0001101
0010101
01010101
0010100010
00100100010
000101010
010010010
1010101
0101001
10101010
0101001010
10100101
01010010
01001010
01001010
10010101
0110101
10101010
010100110
0101001010
10101010
111001010
010101010
101010010
01101010
00101010
11001010
01010101
010100101
0001010010
010101010
10010101
1010101
0100101
000010101
100101010
0001001010
01010101
00101010
01001101010
010101010
10001101
01010101
010101010
01001010
1010101
00100101
001001010
01001010010
10101001
01001101
010011010
001010010
001010010
10101010
010101010
0010001010
1000101010
010101010
010101010
10010010
0100101
01001001
0100101
010101001
00101001
01010101
1000101
1010101
10001001
00100101
10101010
010101010
010101010
10010101
0010101010
0101010000
01010101
100100101
100101010
10101010
001001010
1010010
10101010
10011010
00010100101
1000100101
1000101010
101001010
01010001
001001001
010100101
100010101
10101010
010101010
10101010
010001010
10001001
1010101
10101010
010101010
01001010
0101010010
10010101
0101001
010010101
10001010101
001001010
101010010
01001001
0100101001
1001010
01010110
001010010
01001000010
010100101
0101001
00101010
100100010
10101001
1010101
10101010
101000110
001001010
010101010
01001101
01100101
1000010010
1001010010
01010101
0110101
10101010
01010010
1010101
010100101
100101010
0010010010
01010101
100010101
0101001010
100101010
0010011
1010101
01001010
10101010
10101010
10101010
10101010
101010010
100100101
100010101
01010101
0010101000
100100101
000010101
1010101
0100101
1010101
10010101
10101010
01001010010
0100100010
10001010
10010101
0010101
010100101
10010101
100101001
1010101
0101010010
101001010
010010010
1010101000
1010001
10100101
10010101
10010101
010010101
10010101
10101010
11001010
00101101
01010101
1011001
1001001
0101010101
0100101
10001010
1000010010
010100101
1010101
01010101
101001
10010000010
100010010
010100101
00100101
01001001
0110101
10100101
00100101
1000010101
10000101
1001000101
01100101
001001010
0101001010
001010101
10101001
0010100101
01010101
10010010
0010010010
01010101
100100101
01001010
10101010
010010010
0010010010
0101010010
010101010
1001001010
0001010010
010100101
00101001
01001010
001010101
0101010110
00010010100
10100101
01010101
00101010
01011010
00100010
00101010
10010101
0101001
101001010
1010001010
00100101
1010010
1010101
010100101
010101
1000101
000001010
010101010
01010101
01010101
1010010100
00101010
101001010
1010010
00101001010
1010001010
0101010010
101010010
101001010
001001010
10101010
1010010
10010101
01010101
10010010
100010010
10010010
0111010
010101001
100100101
0010110010
01001010
0101001001
1010011
010101010
1000101010
0010101001
01010101
01001001
10100101
00100101
1001001
01001010
01000101
0100101
10010101
010100101
1010101
0001010010
10100010
100101010
100101010
01010101
0101010101
1000101
0100101
10001001010
0101010
010010010
10101010
010100110
001000010
10100101
001010001
10010101
0110101
010010010
10010010
1010101
01010101
010101010
10101010
1010101
010100101
10100101
1010101
010100101
0100101
1010101
1010101
10001101
10001101
0101101
010101
10101010
01001010
010010010
1000100010
010101001
0101001
01001010010
010101010
01101010
0101001010
1001010010
010101010
1010101
10010101
01010101
001001101
10001010
101010010
1010101
1000101
00010100010
10101010
10101010
100101010
100101010
10100001010
10010101
0101010101
10101001
010100101
001001010
0101010010
001010001010
10101010
00101010
00101010
0010101
10010101
10010101
01010101
010100101
01010101
10110010
001010010
10010101
01001001
1010010
101010101
010010101
10010101
010100101
01010101
01010101
10010101
10101101
010101
0101010010
10101010
1010101
1010101
000101010
01001010
100100101
0100101
101101
1010101
01010101
101010
10001010
0100101010
010101010
0101010000
0100101
010101001
010010101
1010101
10110010
1000101010
01011100100
100101010
11010100
00101010
010101010
100001010
00001001010
0101010010
10101010
00100010010
01010101
1010101
000101001
101010101
100100010010
1000001010
01010101
100100101
0101010010
101000010010
010010101
101101
100101010
100010100010
010101010
011001010
1000101
0000100101
0101000101
101010101
10101010
10100010
1010101
1010101
01001101
1010101
010101010
001010010
100101
101001
01010101
10101010
1010101
00110101
001000101
0101011011
101010101
1010101
010101
01010101
00110101
01010101
0111010
0101001
001010101
1010101
10010101
001010101
1010101
10100101
1001011010
100101011
1010101
10101001
10100010
00100101010
101001010
100101010
10000101
10010101
01010101
10010101
1010010
0100100001
10100101
010101001
010101010
010101010
101010010
0101010010
101010010
01010010
011010010
10110100010
0100101
0100101
100101010
100101001
1010101
010010101
1001001
00100101
01001010
00101010
010101010
1001010
010101010
01010010
01010001010
00101010
01001001010
101001010
1001011
100010101
010101010
10001010
1000010000010
10101010
1010000101
10010101
100101010
010010100010
000010101
0101001
10101001
0101010
10101010
1010100010
1001001010
010101010
1010101
01010101
0010101010
0101001010
0100101
1010101
100101010
010010010
01010111
010101
0101010010
0100010010
01010101
10101101
1000101010
00101010
10101001
0100101
0101001010
10101010
101010010
0011001010
010101010
010010010
101010
010100101
10101001
000001001
01010010
010110010
10100101
0010101
10010010
101010010
01010101
001010101
1010010
001010010
01001001
0010101
1010001
01010101
1001010010
1001010010
010100101
010101001
0100101010
00110010
10100101
01010101
010101010
001001010
10001010
10101010
10010101
010101001
01101010
1010101010
101001010
0101010010
1001001001
1010101
010101010
0010010010
00100010010
00010010110
1000010010
0010100010
01010101
010101
10101010
101010010
001001010
10010010
0101001010
010101010
01010101
0110101
010101010
10101010
01010101
01010101
1010101
01010101
100101010
00101010
01011010
10101010
010101010
001010010
10101010
010101010
1010101
101001001
01010010
10101010
010010010
10010010110
01010101
11001001
10010010010
110001010
0100001010
001010010
0010010010000
01010010
01010101
01010101
01001000010
0001010010
00010101
101010001
01001010010
00101010
00100110
101000100
100100001
1010101
0100101010
010101010
001010010010
01000110
010101010
0101010010
0010100010
010100010
100010010
010010010
1010010
0010001010
010101010
1010001010
01010101
010101001
01001010
1001011010
10010110
010001001
0100101010
0100100010
01010101
010010101
10010101
100010101
01010101
100101001
1001001
101010101
010101010
01001010
101001010
010110010
0101010101
01010101
0100101001
1001010101
1010011
010100101
1011001
0010010101
100101001
00100101
100101
1010101
01011010
10101010
010101010
100101010
0101001
01010101
01010010010
0100101010
010100010
010010010010
1010100010
00101010
01010100101
010100101
0010101010
0101010010
010100101
100010101
001010010
0100101010
1010101
01010101
10001001
01010101
10100101
101001
01000101
10010100
1001001010
0101001010
0100101010
010101010
10000100010
0101001010
0101011
100000101
0010101010
1010101010
01101010
010101010
1010101
1010110
001010101
1010010101
01010101
1010101
00101010
10101010
0100110010
0101010010
10100101
010011010
10100101
01010101
01001010
10101010
100100101
01100101
10100101
01010101
0010101010
00101010
1010101010
01001010
101000101
100010101
1010101
0110101
1001010010
10101010
01001010
010101010
00110001010
01010010
0100101010
01010100010
10010101
100100100
01010101
0100100101
10010101
01010101
0010101010
001010010
0100101
01010010101
010101010
10101010
01001010
01010101
00101001
1010101
10101010
10101010
10101001
001010101
1010101
1010011
010101
010010001
10010101010
0010010010
010101010
1000101010
01011010
10101010
10010101
01010101
0010101
010100001
101001010
001010010
100101010
010101010
1000101101
101001010
100101010
1010101
1001010010
0101001010
01010101
10101001
010101010
01001010
1110101
001001001
100101010
01010010
100101101
01011100
011001010
10101010
100010100
101001001
101010010
11010010
010010101
01010101
01011010
0101001010
101001010
00011010
1001010010
101010
010100101
0100100101
100101001
010010101
0100101
1000101
0101001010
010101010
010101010
10101010
010001001001
1001001001
0100010100
1000101001
10010010
101001010
001001001
101010101
01010101
01011001
010101010
010101010
100010010
0101010010
1010101
0101001001
01010101010
10010010010
101001010
0010001010
01001010
0101011010
0101010101
0101010010
1010010010
10101010
10101010
10001001010
0101010010
10101001
1010101001
010100001
101001001
1001001
01010101
010101010
010101010
101010001
1010101
01001010
101010010
0101110
000101010
10010101
1010101
0100101
1010101
101001010
10101010
10010101
00010101
101010
01010101
0100101010
0010010010
01010101
001010101
101001010
1001001010
100101001
0101010100
01011010
01010010
010101010
010101010
00101010
100010101
010101
010101010
10100010
0101010010
1010101010
010001010010
0010101010
001010101
11000101
10011010
01001101
1010011
1010100
10101000
010100101
10001010
101001010
0101010001
0101001
0100101010
10101010
10101010
10100110
00010001010
010010110
10010010
0101001010
100110101
100010001
01100101010
1001010
00100101
001010101
100101001
0101001001
10000101
1010101
101000110
01010101
010101
1010101
01010010
0101010010
000001001
00100101
101010010
0010101010
0100100101
1001001001
100100101
10101001
01100101
10100101
010101101
01001101
0100101
1010010101
010010010
01001010
100101001
10010101
101011001
0101001001
10010101
10101001
11010101
010101010
010101010
01011010
0010010101
1010101
1010011
010101
1010101
000110101
1010101
1000001001
01010010
10101010
01010101
0010100101
01001101
1001101
010101010
0001001010
010010010010
001010010
010101010
10101000010
10010101
001010101
01010101
01010101
0100010010
0010010010
0101010
0010010010
00110101
1000010101
10001010010
001001010010
10101010
010101010
1011010
1010010
100100010010
0101001010
1000101001
100010101
0100100110
10001010
0101010
0101001001
1001010100
100010101
010101010
10101010
101010100
01010101
01010101
01010101
1000101010
01010010
1010101
0101010
001010101
01010101
10010010
01010110
010100110
0010010010
01001001010
0100001010
10101100
01100101
010101010010
10010010010
010010101
1001010101
100001001
01010101
11001010
0101001010
100101010
0101010010
01001001
100100101
0010101010
10101010
01010101
1100101
001010010
10101010
001100010
10101010
001010010
00101010
100010010
010101010
000010010
001010010
010100101
0000010101
01110101
010010101
1010101
01010101
0101001010
00100101010
1010101001
1001000101
0101001010
0010101010
0010010010
1001010010
01010010
01011010
1011001
01010101
010010010
001100010
01010010010
101001010
0000100100
1010101
1010101
10100101
1001001010
010010010
10001010
001010010
010101001
10010010
1010101
1010101
1010101
01010011
010100000010
010101010
10101010010
101010010
00101010
01011010
00101001010
10101010
01010101
10100101
0001010010
0000101010
01100101
10100001
01010010
0100010010
01000101
0100101
010101010
10010110
1010101
0100101
0000101001
1010101
0100101
0101010101
01001010
00010010
1010101
010100101
10001010
10000000010
010101010
0010010010
010101010
1001010010
100101010
100101010
01010101
010010101
001010101
1010010101
100101010
010101010
1001001
1001001
010101001
01010101
10001010
100101010
010101010
100101010
10100010010
1001010010
1010001001
0100100101
010101101
101001
10100101
010101001
01001101
1001101
010100101
00100101
010101010
1001001010
001010101
01010101
00101010
10101010
10011010
10010110
0100101010
0010011010
00100101000
01010101
10101010
1010010
01010101
010101001
1000100101
01010001
01001010
0010101010
10101010
101010010
1010101
01010101
01001010
010101010
10010010010
10001010
10101010
000101010
010100101
00100101
00101010
01010001010
1100101
01010101
0110101
01010101
10101010
0010101010
010101010
110010010
0101001010
001010010
10100101
100001001
0010101010
1010010010
01010101
1000101
10101001
101000010100
00100010010
01101010
0101001010
0010101010
1000101
01010101
100001010
0100101010
010101010
1010101
010101010
0010101010
0010101010
00101010
11101001
10100101
0101001
01010001
011000010
101001010
10101010
000101010
0100101010
010010010
00101010
011010010
010101001
0101010110
10101010
01100001010
00101001001
1000101
10101010
010010010
0100101010
100101010
1000101010
0101001010
1000100101
0101011
010101
01010101
0100101001
01010101
0010101
01010101
0101000101
10010101
01010100010
01001010
01010101
10101001
010101010
10101010
01001001
10010101
101001010
010010010
10101010
10101010
1010010010
010101010
10010101
1010101
01010101
010010101
10001011
10010101
101010010
1010101010
1010101
101100101
1010101
010100101
10101010
100101010
101001010
000101010
0101001
010100101
1000010
0100101010
100101010
10010010
1010101
101001
10010101
01010101
01101001
1000101
1010101
010101
001010101
1010010
1010101
01010101
100100010
010101010
1010101
010010001
10101010
010101010
01011001
1000101
01010101
101010
1010101
010101
1001010010
1000001010
0110101
1011001
1010101
01010101
01010101
10010101
10001101
010010101
0010100100
00101010
01001010
0110101
01010101
101000101
01010011
10100101
01010101
10101101
01001001
101010
00100101
100101001
10101010
010100010
01010101
10100010101
0011001
0101010
100101010
10101010
01010101010
010001010
110010010
100011001
010101001
101010
1101101
01000101
10100101
1010100101
01010101
01010101
10010101
101010101
0010101001
01010101
0101001010
100101010
0101010
0101010010
10101010
0010010010
01010101
0010101
010011001
001010110
10010101
1010101
00101001
110100101
010101010
01001010
100101010
01000010010
010101010
010101010
1010101
010101001
1000101010
010101010
010100101
01010101
010101010
1001001010
100101010
01010001010
10010101
1001001
001001010
100101010
10001010
001010010
010100101
0101010
010110010
1001010010
10101010
0010001010
10110
0100101010
010110010
100101010
100101001
101010
010101010
10001010
010101001
1010101
001001010
010010010
100010101
10100101
101000101
10100101
101010010
0101001010
0010100010
010101010010
001010001010
0010100010
0010010000
10010101
10101010
00101010
01010011
10100101
10100101001
0100101001
001000000010
100101010
01011010
10010010010
1000010010
10101010
0001010010
0101010010
001001010
010101010
01010001010
0100101010
100100001
001010101
1000101010
00101010
010101010
01101010
01010101
0100100101
101010010
001001010
0010010010
0100010
01011001
0101000101
01101010
00100101010
01010001010
00101010
001010101
010100101
100101010
101001010
01101001
001000101
0010101001
0100101
101011
10100011
1010001010
11010010
1010101000
100101
001010101
100101001
0010100010
10101010
01010101010
010101010
01010101
1010101
100101010
0101001010
01101010
001001010
0101010
01010010010
010101010
10101010
01010101
10010101
01010101
01010010
1010101
10101001
10000101000
01010110
10100101
01010101
100010101
0101101
10100101
001010001
1000010010
10101010
10100101
10100101
010101010
10101101
0100101010
10101010
01010101
0100101001
00101010
010101010
0010101
10010101
100101010
0100101010
00100100110
001001010
010101010
001000101
01010101
0101001
0001010101
10010010
1010011
10010101
10100101
010101
010101
01010001
10001001010
00101010
00100001001010
00101001010
1010101
001100101
100010101
01010101
010101010
10001010010
001001010
0010010010
10010101010
101001010
0101101
010100101
0101011010
010101010
10101010
010100110
01010101010
101010010
0001010010
010001010
01010101
10101001
01000101
10100101
010100101
1010001
1010101
1010101
010001001
0011001
1010101
01010101
0101001010
10001001010
00101010
10011010010
101001010
01010101010
010001010
0001001010
0101000010
0101001010
010101010
100011010
1010101
01010101
1001001010
0101010010
100010101
1010101
100101
010100101
1011101
0010101
00100101
10100101
0100000101
00100101000
00100001010
1000101010
10100101
1010101
101010010
0010101010
01001001010
01010101010
100010101
00110101
00101010
010101010
0101010
1000001010
01010101
101001001
001010101
100101
0010101010
00101001010
01010010
10011010
101010101
10101010
1010010001
01000101
001000101
10010101
0100101
100010101
001001010
1010101010
01010100010
10101010
00101010
00101010
100010101
001010101
010101010
10101010
0110101
1010110
10010101
0101000101
10010010
101001010
0010100100
010010010
100100101
101010101
01001010
100100010
0101011010
01101010
01010010010
111001010
10101010
00101010
100101001
01010101
010010101
01010101
10010101
01010101
0100101
1010101
1000101
01010101
10010010
100101010
0101010010
10101010
101001010
0101010010
01010101010
011001010
1101001
100010001
101001010
011001010
001010100
01010101
1010010
010100101
1010101
1000101000
01010010
00101010
001001010
01001010
10001010
100100101
1010101010
011001010
0101010101
1000101001
10100101010
0101010010
010101
0100101
1010101
10010011
010010100
101001000010
001010010
010101010
1000101
10100101
00101001
101010001
01010101
010101010
00100101
0010101
0101001010
100101010
01101
01010101
0100101
010010101
1000110001
01010101
1001001010
10001010
010100101
101001010
010100101
1010100101
010101010
100101010
001010010
01101010
100101010
10010010
010100101
01010101
010101010
1010101
01001000101
00110101
1010101
001000100
010000101
100100101
01001001
01010101
0101001010
0100101
10001001
1010101
10101001010
010101010
01010101
010100101
1001010010
101010010
101010101
1000101
10010101010
1000010010
0101001010
10101010
1000101010
1001010010
0010101
1010101
01010101
1010101
010110011
00010101
10010101000
01001010100
1001010010
001010010
00101001010
100101010
101010010
100101010
010010101
100101001
0101010101
1010101
011000101
010010101
10101001010
0110001010
01001001
010101001
10010101
1001001001
010010101
1010101
010001010
101001010
0101001
101001
0110010
0101001010
1000101010
0100110
00101001
00100101
010101001
0101011
10010001
010101010
010101010
10101010
1001010
0101001010
100101001
10101010
100100110
10101010
101010010
1010010010
1010101
10100101
0100100101
10100101
10001001010
010101010
0011001010
100101010
11100101
10010101
01010101
101001001
00100100101
1010100101
01100101
01010101
10101010
010101010
0101010010
0011010010
101001010
01001001010
00101010010
0101101010
010100101
10100101
0101001
1010101
01101010
10010101
10100101
10010101
1001001
01101
0100101
1010101
100101001
0100101
10010100101
101010101
100010101
1001101
1001000010
01001010
1010010010
0010001010
01101010
1000101010
1010101
10100101
0101101
100101001
1000100101
10011001
0000101001
0101101
01010010100
1001001010
0101001
0101001
010100101
1010101
1001010010
100001010
100011010
0010100010
10101010
10010010
10101001
101001
10010101
00100100101
1001001010
10010010
10101010
0101010010
000100001
010110101
01001010
10101010
010010101
1010001
0101010100
10101010
010100101
00110101
1010101
1010101
010010101
1010101
01010101
101010101
0000100010
10101010
1010001010
101001001
010100101
01010101
10101000
100010101
1001010010
01010010
1010101
100100101
10010101
010101001
1010001010
010010010
1010101
10001010
101010010
0001001010
1001101
10010101
01010010
0101010010
010011001
010001
010101001
01001001
001010101
0101001001
10101010
10101010
0101010010
0001010010010
01010101
10010101
100101010
10101010
01010101
001010101
100101010
010101010
1010101
10101001
001010010
010101010
0101001010
010101010
0100110
10101010
010101010
0101010010
00101010
1010101010
010110101
100010001
1101001
01010101
100010011
01010101
100100101
01001001
0010101010
10111010
0101010010
1001001010
001010101
10010101
0100101010
10010010
1010101
001000101
101010010
100101010
0011010
1010011
01010101
010000101
101010101
1010101
101001101
10010101
10110000010
100101010
1001001010
00001010
101010010
001001010
010100101
1010101
0101010010
010101010
1000101010
01001010
