10010101
01010101
10100101
010100011
100101001
1010101
0010010010
101001010
01001001010
01010100010
01010100101
001010100101
01000101
010100101
0101001010
00100101010
100100001010
0100101010
10010101010
01010001010
010111011
010010101
0101001010
001001010
001010101
010010101
010101010
101000110
010100101
001010100
001010010
10101000
001001010
0010101010
01001010100
100011001
100101010
00100101010
010101010
100101000010
010101010
010101010
0100001010
01001010
101001010
01010110
10100101
0010101001
00101000010
01001010010
10101010
0010101010
001010101
01011001
001010010100010
1010101010
01101010
0101010
10101010
01010100010
01010101
101010111
10101010
101010010
0101010101
010100101
10101010
0100001010
0101010010
010101010
10010101
010100101
010101001
0010101001
1000100101
01010101
01010101
010010101
01001010
0100101010
0101001010
0101001010
101010010
0101001010
01010101
001010101
0100100101
1010101
00101000101
1010101
0100101010
0110010010
100101010
001001010
1010111
010010101
100100101
100100101
10010010101
010010101
0010100101
001010101
0010011001
10101000
01010101
010101001
010110101
0101010
010101010
010101010
0101001010
011001010
0101010010
001001010
0010010101
010010001
1000101010
1001001010
10100101
010100101
10000101010
1000100010
0101001010
0001001010
01010101
1000101001
101010101
0101001001
0100101010
00100101010
01010100101
01010101
001001001
1010100101
10010101010
00110101
01010101
1010101
01010101
0110100101
0100101
010010101
010101010
01010100010
1001010101
001010101
010001001
1010101
0110001010
0100101010
10101001
010101001
01010101
101010101
1001010100
010100101
1010101
00100100101
010101010
10000001010
0110101
010010101
01010101
010010101
0010010101
01010101
01001001001
010011001
01001001001
0101001001
010101010
0101001010
01001010
0111010
01001001010
001010001
00101010010
0101001010
0101001010
101001010
10100101
1010101
01010101001
0100100101
01010001
001010101
1011000101
010101001
0101010101
010101001
1010100010
010101010
0010101010
010101010
0100101010
0101001010
0101010101
01010101
011001101
010010101
010010101
10100101
00101010010
010101010
0100101
010100101
1011001010
010101010
10101001
010100101
100000101
00100101
1010101
1010101
0111010
001001010
0100100101
101001001
101001010
010101010
10100101
0101010001
100101010
00100101010
100010101
01010101
10110000101
0100100101
010110001010
00100001010
01010101
01010100
010010101
0010100101
10100101
10100101
0101000101
100010011
10101001
01010101
01011001
0101010
0110101
100100101
0101010010
01010010
01011010
01010101
01011001
10010101
010100101
0010001001
100101010
010010010
10100101
1010001
100001001
1010000101
01101010
010010100
0010101
010101001
0100101010
010101010
0010100101
0101010101
10101001
1010101
0100100101
10001000101
0110101
100100101
0100101010
10100001010
010101010
10101010
1011001
0100101
001010000
100100101
01010101
0000100101
010101010
0100101010
010101010
0101010
101010101
10010101
010101010
0101001010
10010101
10100101
0101001010
00101001010
010101001
010101
10101010
010101010
0101010101
10100101
01010101
010101001
01110001
010100101
1001001
100100101
000001001
01010101
0100101010
0001010010
01010101
0010100101
0010101
01001000101
010010101
010010101
010010100
1010101
10010100010
0100001010
10001011001
10100101
1000101010
1010101
010101010
101010
101001010
010010101
0101010101
0101010100
010100100
010100101
010001001
00100101
0100101101
01010101
10001001010
1010001010
01010101
01001010001
10100100010
10101010
010101010
00101010
0010101001
1010101
01010101
0100100101
10000101010
0010010010
10010101
10010101
001100010
0010101010
101000101
001010100
01010101
1010101
10101010
00101001010
0100100101
010110001
1001010100
010100101
100001010
010101010
010011001010
00101001010
0100101
1001010101
1010001001
010010101
1001001
001010101001
0101000101
0100100101
010100101
010011001
010101001
010100101
010110101
100010101
01010101
101001010
001010101
0101010101
010100001
010100011
100010101
0100100101
010100101
010010101
1010100
1010100101
0101001
01010101
0101010010
010101010
0101010010
0010010
100010010
10001010
00101001
001010001
001001010
01001001010
00101010
01001001010
010101010
1000101010
000010101001
10100100
01010010
1010010010
010010101
010010101
0100100001
10100101
0101010010
001001010
01010101
10100101
010101010
010101010
101000001
0101001
0010101010
010100100010
001001010
0101001001010
0001010101
100100101
10100101010
01010010
1010001101
010100101
0001010100
01011001
00100101
01010101
1010101
011001001
0010100101
010101001101
010101010
010101010
1001010101
01010101
1010010010
0100101010
001001001010
001001010
10011010
10010101
01011001
010101010
0010101010
00101001010
1010101
100010101
101001001
010101001
0010101010
01011010
10101010
100101010
01000101
0101010
01010101
10100101
0000101010
0010101010
1001001010
010101010
01010010010
0101010010
0100100101
10100101
10100101
0101001
01010101
0101010101
011001
010001001
010000101
01010101
010010100
010010100
0100101
1010101
01010010
101010010
0100101010
01000101010
010101010
010101010
0101010
01010101
0100101
010100101
101000100
01010100
0101100111
0101010
100010101
101010101
1010101
010010100101
010010101
0101010101
0101001010
0101001010
0101001010
0001010010
1010100101
001010001
0010100110
0101010010
00100101
0101001
001010101
01010101
0010100101
01001000101
0101010100
00101001
1000101010
10100010
01001001
001010101
0100100101
10100101
010100101
0001010001
0101010010
010101010
0100101010
10101010
0100100101
101010100
01010101010
010101010
0101010101
101000101
0010010101
10010010100
001001001
1010101
10100101
0101100101
100010101
10010101
1010101
001000101
10101010100
010010010010
010100101
1010101
010010101
010010001
01010100101
1010100
0101010010
10101010
001001001
0101011
01010110
00100101
01001010
1010101
100100101010
010101010
01001001001
010100101
100100101
0001101001
101101
100100101
1010100
00100101
01001010
010101010
010100101
100100101
01010010100
00100101010
001010101
010010101
010010001
10010001001
0100010010
00101010010
01010101
0010100010100
0100100101
1010100101
010100101
001010101
101001010
001001010
101010101
100010101
101001010
01010101
1001000001
010100101
101010001
0010101
10010101
01001001001
101001000
10100101
0101000101
001010101
01010101
1001010000
101000101
1010001
101000100
0010010101
10010010101
010010101
0100010010
01010010
10100101
0101001001
1010101
100010101
101001
00100001001
010010101
000010101
100101001
01000101001
010101001
100011001
010100101
001010101
10101001
10101001
0100101001
1010101001
101001101
010100101
0010100010
0100101010
101010101
01010101
0101001001
1010101
1010100100
010100101
0100101
10101001
01011010
0010001010
10001010000
010010101
100010101
0010100101
0010101001
01010101011
01010101
010100101
0100100101
001000101
1010010010
001001010
010100101
0010101
101001010
100100101010
001010101
0010010101
101010010
1000100010
00101010
01010010
10100101
0101001001
1000101010
010101010
001010101
01010101
01010101
001001010101
01010101
001001010101
010100101
010100101
01010101
10100101
100100100
0100100101
001101010
0101010
010101010
10010010
101010100
01010101
100010101
0100101
01010101
0110101
01010101
010100101
0011010010
010100101010
00100010101
001010101
0100100010
001001010
10010010101
101010101
01010101
0100101
001101001
011000101
01010101
100010101
01010101
010101001
010010101
01010101
01010101
1010101
0100101010
0100101010
1001010101
001010010
01010101
01010101
10100100101
010010101
01010101
010010101
010100110
01010101
00100101
010010010101
0100101001
01011001
01010001010
10100010
00001011001
1010101
01010001010
0100101010
1010001010
10001010
10010100010
10001010
0010100
101010100
0100101
00101010101
010010001010
010011010010
010100101
1010101
01010101
01010101
10010010001
0101010101
010010101
01010101
01010101
010100101
101001000
001010101
01010110
1010101
0100101001
001010100
0100101001
1000010101
1010101
00101001
0010100101
01010101
1010101000
01010101
1010001001
0100010101
10100001010
0010101010
0010010101
00100101001
100101001
0101010101
01001101
1010101
001010101
0100010100
01101010
010101010
000100101
01100101
010001010
1010010010
101001001
1010010001
1010001010
000101010
00101011001
10011001
1000010000010
001000101010
010101010
101001010
0110100101
101101001
01010010101
1000011011
100101010
0101001010
10100101
010101
01010101
100100101
010010101
001000101
10100101
01000101001
0100100101
0000100101
101001001
100100101
0010101010
010110010
0010001010
101001010
101001010
0101001010
010101010
01010100010
010010101
1001101001
0100001010
010101010
00100010100
001001010
001010101
010010101
010100101
10101010
1010101
001010101
100010100
01010101
0101010101
1001001001
00101001
00100100101
010100101
010000101
0010100101
10100101
010110100
110100101
01000010101
01010101
001001010
010100101010
001010101
0101010101
101010010
100100101
01010101
0101010101
101100010
010100100010
010101110
0101001010
101001001
10100101
010100001010
010101010
01010101
0010100101
1010010100
101001010
01010101
010100101
010100101
010100101
0100010101
010010101
0101010100
1001000101
01010101001
01010101
100101001
101000101
10010101010
0100101010
10101010
1001001010
010101010
01010101010
00101010
01100101010
0010101
01001001
01010101010
10101010
0101000101
0100010100
1000000101
01010101
0100101001
001010001
1000010101
101010101
00110010
010100101
10010101
01010101
001001001
01010100100
100101010
0101001
010010101
01010101
0100100010
010010010
10101010
0101010010
10100001001
10100101
0100100010
10001010010
0001010
010101010
0101001
010101001
010101010
0101011010
0010101000
010100101
01001001010
101001010
0100100101
1010101
001010101
010100101
10101010
010000101010
0000100101
00010100101
11000101
100100100
011010101
10010101
10101010
01010101010
00100010101001
010101000
0101001001
01010101
00101010
00001010010
0010101
0100010101
101010100001
010100110
01010101001
0110010010
01010101010
0101001010
100101010
010101010
01010001001
001001101
1010100101
01010101
10000101
1010010101
01010010110
00101010
0000001010
10101000010
01010101
010100101
10000010101
010010101
010010101
10100100101
0101010101
0101010101
010010101
0101001000
1010101
1010100101
10100101001
010010101
0010010101
0101000101
01001010101
010100101
0100101001
01010101
001010001010
010001010
1010000010
010101010
0100101
101000101
010010010
100101010
1001000101
100010000101
01010101
0101010101
1010101010
0101001010
10101010
1010101010
01001010
0101001010
010100101
001101001
001010101
010100101
10100101
10010101
10010101
100100101
001001010
010101010010
010100101
00100101001
0010101001
0101010001
01010101
1010001000101
010010101
0101010101
0101000010
0101001010
100101001
0100010101
010101010
00000101010
0010001001
010010101
0001010011
101010101
10101001
100010100
001001010
010100010
010101001
0100100101
10010001010
01010010010
0001101010
0010100001010
00100101010
0101001010
101010010101
01010101
010101001
01010101
01001001001
0101010101
001010010
010010010
0010100101010
0100101010
0011001010
0101001010
1001001001
00101010001
0010101010
10000100010
0101010010
10101010
100100101
0010010101
01100101001
0010101001
1000100101
010000101
0101010011001
010100101
00101010
0101001010
01001101
10101000100
01010101001
101000001
0010010010
010101010010
101001010
0100101001010
010100101
001010101
0001010101
0101010101
010010101
0101010101
010101
0101010101
10100010
0101010010
01001001010
001001001010
1010101
0001010101
1010101
01010101
010101010
010000001010
00101010
01001001010
101001010
100001010
100010101
1010101
010100101
01010101
01001000010
00001001010
01010010
01010010010
100010101
0100100101
010101101
10010010100
01000101010
0100101010
01010010
0100101010
01010101
000100101
101010101
0000100101
10100101
100010101
1010101
1010101
1010101
1001010101
1010101
10100101
1010101
01100100101
1010001001
01010101
01001010
01001001
0101001010
010101010
010110010
0101001010
00011010
0010010001010
001001010
01101010
010101001
0010101
0000110100
01010100100
011001010
010001010
010111010
0100001010
010010101
010010101
0101000101
010100101
01001010
00101000010
10101010
1001011010
00011010101
0011010
0100100101
100100101
10010101
01001001
1001010010
010101010
0010101010
01010001010
001010010
010100101010
100010101
10010101
00100101
010010101
001001010
00100101010
101001010
0101100010
01010101
0101011
01001001010
0101001010
010100101
001010101
0110101
01010101
0101010010
1001010010
010100100101
010010100101
10101010
1010010
101001010
010101010
1010101
1010001001
00101010
01001010010
1010101
100000101
100101010
0101001010
0100100101
01010101
1010001010
00101010
1001101
100101
0001000101
01010101
01010100101
10100101
010101010
0101001010
01001001
10010101
101001
01010101
01010101
10010101
010100010
0101001010
11010100
0101001010
0101011001
010101
0010101010
001000101010
010101010
01001010010
10010101010
100101010
010101010
00010101010
010101001
01010101
00101001010
01001001010
001010100
0101010
1010101
100100101
0010101010
01001010010
0010101
010101001
010011001
0100101001
001010101
0010010101
01010001001
010010101
01001010010
01010101010
010100101
010101001
010001010101
100100101
001010101
01010100101
100101010
01010100010
0100100101
1010010101
0100100101
010010100
0100101001
0010101001
101000101
1001001001
10010101
001010101
0010101001010
010101010
01001010010
10100010010
101010101
001010101
0101100101
001010101
010010101
0100100101
010010101
00100100001
010010101
0010101001
01010110
0010100101
0101010010
0001001010
0101001010
0101001010
010010011
0100100101
001010101
010001000101
0100001010
0100101010
1010101
001010101
0101010010
1000101010
1001001001
010010101
01010101
010000101
1010010010
010101010
010100101
01011001
0101001010
010010010
0101001010
10100010010
01010001
0110001001
001001001
101000101
000100101
0101001000
011001010
10101000010
01010101
010101010
010010101
01010101
11001001010
0101001010
01010101
010010101
010010101
0100101001
010100101
1001010001
01010101
010010101
0101010101
010010101
01001010101
01010100101
0100100101
01010100101
01011010
101001010
00101010
101001010
10100001001
1000010100
01010010010
010101010
1010101
0101001001
010100101
0101011001
10001010
1001010010
01010101010
00001010
00101010
0010101010
10010101
0101010100
0110101
1010101
10010101
010100101
0010100101010
010101010
10100101
010100101
1001000
01010101
0010010010
010101010
0101000101
001001101
1001001010
010101010
001010010
0010101010
01010010100
0011010101
0010010101
10100101
1001010010
00100101010
01010101
1010010
001001010
000101010
1000001010
0101001010
1010101
010100101
00101001
01010010
0010101010
0101001010
0100100101
100100101
0101001010
10101010
01001001010
101010010
00110010
10101000010
010101001
1001010001
01001001010
101010010
0101010101
000111001
0100101010
010101010
01001001010
101010010
0010101010
010101010
01000101
1000100101
01001001010
101010010
101010100
010010101
101010101
010010101
01001001010
101010010
01010100101
01101010
010101010
01010101
0101001001
0100101101
010010010010
101001010
010101001
010001010101
011010101
010100101
100100101
101010101
100000110
00100101010
1010101
101010101
10001000101
010101001
101010000101
1001000101
01110101
010100101
10010101
1010001000
100010101
0010101010
010001010
10001010
0101010101010
010101010
01010101001
0101010101
010100101
0101001001
011000101
1001000101
01010100101
0110101
01010010
0001010010
0010101010
10000101010
100010100
010100101
1010010101
101010101
01010101
010100101
10101000
010100101
10100101010
01010110010
0011010101
001001000
1010100
10100100101
01101001
0100100101
010101110
01001010
1010100001010
10101010
00100101010
010101010
010100101
001011001
10101010001
01010101
0100010100
0101001010
010101
0100010101
10101000
01011101
010101010
000101010010
1010101001
0010101001
010101010
010010010
101001010
0101001010
00101101
100010101
1010010100
101001101
0010100101
01101001
1010101001
10100100101
001010010010
001001010
001010010010
101111010
010010101
00100101
10000101010
0100101010
010011101
00101000101
10100101
0010100101
101001010
10001010010
1000100101
1010101
101001001
0101001010
010101000010
01001001010
00101010
010010101010
010100101
0010101001
01010101
001010101
101001010101
01010101
010101010
10101010
1010100101
10010101
1010101
010100101
10101010
010101010
0100101001
010101001
10001010010
1010000010
010101010
010101010
0010000101
0100101001
010100101
01001001
001001010
00101010
100101010
0010101010
101000101
1010100
010010101
000010101
10101010
0101010010
01010101
01010101
010101
001010011
101010101
0010100101
0101001001
0101001001
00101001
0100101010
01010101
101010101
01000100101
10010111
0100101010
010101010
0010101010
01000010010
010110001
001010101
010010000101
10000101000
101000
10100100101
010100101
00100101001
100010101
10100101
010101010
1010001010
01010101
0101001001
10100101
1010101
010100101
1001011
0010101
1010101
101010001
01010101
100100101
0010100101
10100101001
010100101
001010010
010010010010
0100100101
100010101
1010101
0000100101
100101010100
01010010101
010100101
001001001
001010101
01001101
010010101
1010101
01001010
0101010010
00101000100
01010101
101010001
1010101
1001000101
01010101
1000100010010
100010010
01010010
0101010010
01010100010
001010010
1010001010
100101010
0010000101
01010101
010100101
100101001
0110101
01010101
010001001010
101010010
0100101010
10001010010
1001010
01001010
010101001
01010101
01010101
001000101
10101000001
0101001101
1010100100
10000101001
010101001
100100101
0101001001
0100100101
010010101
0100101001
0101001001
01001000101
010011001
0101001010
1010100001010
0100100010
0100100101
010100101
0100101001
1010001001
101001010
101010010
101010101
010110101
101010100001
010101001
01100101
1010101
010001010
0110101010
101001010
01010101010
010101001
10010101
010100101
0100100101
001001010
0010101010
101010101
01010101
01010011
00110101
0100101
01010101
000010101
0101001000
010100101
00101100101
01001010101
01010101
10101101
0010101001
010101001
01101000110
01010101
0101000101
010101001
01010101
01010101
0010100101
010101010
0100101010
10100101
1010101
0101010010
010100101
1010101
01010100
01010011
0001010101
0001010101
1010101
01010010
1001000101
010101010
010101010
0100101
100000101
010100101
010010100
10100101
0000100101
0100100101
1010111
10010001010
0100101010
01010101
1010100101
1000000101
101000101
1010110
01101001
1010010
0101001010
0010100010
00101010
00101010
10101010
10100101
100010101
010001010
010000101010
010100101
000100101
010101010
1010100010
100110101
101001001
0100010101
010010101
01000101001
000010101
1010101010
01010001010
101010101001
01110010
10100001
01010101
010101001
01000001
0100010010
010010100010
00010101
100100101
01010101
00101001
0010101
100100101
010101010
0100101010
001010010
0101001010
0101010010
0101001010
0100101
01010101
1010010101
00100101
101001001
1000010100
0101010010
101010101
010100101
10010010010
0101010010
00101000101
10101001
01010110
001010001
0100100101
101010101
00100101001
10100101
010100100
1010101
010101000
01010101
01001000101
1010101
10010101
100101001
10100101
10010100110
0101001001
0101001001
0100010101
00101010
10100101
001010101
00101001
0100101
10100101
001011001
0100100101
101001010
0101010
101001010
01010001010
101010101
001010100
01010101
1000100101
0101001010
0101001010
100010101
10010010100
1000010001
10100101
00101000010
000101001010
010101010
01001010010
01010001010
0101010010
100001010
0101010010
0101001001
01010101
1001010001
001010101
01010101010
000101010
100100001
1010101
10011010
01001010
01010100101
1000010101
0100101010
01010010
010101010
011010010
10010101
01010101
01010100
10010101
010010101
010100101
010101010
0101001010
10100010101
00100101
0100101010
0101100010
1010101
101001001
010100101
0100101
000101010
00101010
010010101
010101001
010101010
10101010
101010010
01101010
010101010
010101010
010100101
01010101
100010101
01010101
10100000
0010101
010010100
10010101
0100100101
01010100101
101000101
01010101
1010110
010100110
010101001
010101001
00101010
100101010
010010101
0101001
1010010010
100101010
101101010
0010001010
10100101001
01001101
010100001
10100101
1010101010
01010101
100010101
00111001
101010101
01010101
101010101
01010101
1010101
010101
010100101
10010101
0101010101
001000101
101001001
001010101
00100100101
010010101
101000101
01010101
100010101
1010101
10101010101
010010101
00100101
1010100101
0010101
101010001
0000101010
10000001010
10101010
01001010
100101010
00000101010
101001010
010101010
010100101
010010101
01010101
01010101
101001
001010010
001001101
10100101
101010
110100101
01010011
0010100101
1100101
1010101
010100101
100101001
010101001
010010101
01010101
01010101
010101010
0101010010
101010001
1010101
000101010
010101010
0010011001
010101001
001010101
01010101
0101001
0101010101
1010101
001010101
01010010101
0101001101
0010110010
0101001010
01010101
01010101
01010101
101001001
011010010
0101011
01010101
01001001
0100101010
010101010
01011001
1010101
001010101
0101010101
1010010001001
010100101
0101000010
010101010
0101000001
100100101
101010001
010100101
10100101
001010001
01000101
01010101
010101010
101001010
01010100
010101001
0101001010
10100100010
0001010101
1010101
010101010
011010010
101001010
0100101010
01010101
0010101
0010100101
0101010101
101001010
010011010
0010101001
01100101
1010101
101001001
0100101010
10101010
1010101
01010101
0101001001
010101001
0010101
0100101
01010110
1010101
010010100
0100101
0101001
0100101
010101
010010101
1010101
1010101
01010101
001001001
010010101
0100110101
01001010
0010101010
101001001
1001010001
10010101
01000101
010010101
1010101
1001001010
0110001010
01010100
00110100
01010001
0010100101
010101010
010101001010
0010101010
0100101010
00110101
01010101
0010101001
00101010100
10101001
010100101
001010101
1010101
01010101
1010010001
101010101
001010001
001010101
01010101
01001010
010101010
010101010
00001010
010000101
1000100101
000101010010
000101010
001010101
01010101
101001000001
1001000101
01010101
01010110
0010010011
01010011
100100001
010101001
10001000101
01010101
01010101
00100100101
1010100101
010010101
01001001010
11000001010
001010101
10010100101
001010101010
1010101010
0101000
01010101
01010101
0100101001
0000010101
10100101
01001001001
1010101
100100101
10010101
100000101
010100101
010101001
010100101
0100101001
1010101
010101001
00101001
010010101
0010100101
1001010101
10100101
01010101
0100100101
100010101
0101010101
1001010
1010101010
1001010010
01001010
01001010
00101001
10101000101
1010101
100010101
1010101
01010101
0001010101
01010010
0101001010
10101001
0101010101
101010101
10010101
10010101
0100101
0101010101
0001010101
10101010100
01010101
0010101
00100010101
01001101
0100100101
01010101010
0101010010
00100101010
0100101010
010101
0101010000
1001001
0010101001
010010101
10010101
010010110
0100101010
0010101010
010101010
010010101
01010101
10100101
10010101
100101001
01011001
01010110
0101010
101000101
100101001
0010101010
0101001010
101010
01010100001
10010101
0101001
01001010
001010110
010101010
1000010010
010001001
01010101
0010101
0101010
0100010101
010010011
001010101
0011001
100101001
010011001
10100101
0000100101
0101010
000010101
010100101
0100010101
010101001
10001010101
1010101
0101010
01010101
100101001
10010101
01010101
10100101
01010101
010100101
01010101
10110000101
00100101
100101010
00110101
010101001
1000101
0010010101
010100101
100100101
1010101
010101001
010010101
01010101
010011101
10101001
00100010001
100100101
0101000101
010101001
1010101
010100101
01010101
0010010101
1001011
00100101010
1001001010
00101001
0100101001
010010010010
010101010
0000001010
010010010
010010101
01010101
001001010
0010101010
0101010101
1010101
01011011
01010101
0100101010
010101010
1010101
10010101
01010101010
0101001010
0101010101
1001001
01001001010
010101010
0100100001
100010101
010101001
01010101
1010101
10100101
1000100001010
001010101010
01000101
10001010
00101001010
0010001010
0010011001
01010101
00001010
10101010
010100101
01010101
100100101
1010101
0101001010
01001010
010101001001
010100101
01000101010
010101001010
0100010101
01010001
010101010
010101010
01010101
0100101
010101001
10100101
0010010101
0100101001
0010010101
10101001
001000101010
01000101010
1001001010
010101010
00010001001
01001101
0100011010
001001001010
001001010
01010001010
1010101
01001010
0101010100
01010100010
0010100100
10100101
0110101
010100101
10010101
00100101
01001010
00101010
10010101
01010101
01010001001
1010000101
010100101
01010101
010010101
0101010101
01010101
0010010101
010100101
0101010
011001001
10010101
001010101
0010100101
101000101
010101001
100100101
100100101
10101010
01001001010
1010100
1001010
010101001
001010101
0101001010
010101010
010101010
010101010
1010010101
010010101
01010101
001000100101
0101001010
0101001010
100010101
000010101
00101010
110001010
01010101
01011001
100010011
000101010
0010101
01010101
010010101
01010101
01010101
010010101
01010101
0101010101
001011001
010010101001
0101000101
01000101
010010101
0101001
01010101
0101010101
010010101
0010010001
001010101
010010101
01010100
010010101
10010101
1010100101
010101010
01010001010
001010010
010110010
01001001001
1010101
00101001
001001001
101001001
010100100
0010100101
0010000101
010101011
0010011
000010101
01001001
00101001010
1000101010
10010101
010010101
010100101
001010101
10101010
1010100010
0110010101
1010100101
00001001001
0010101001
100010101
0001010101
10010001
0010100101
010100101
01010101
010101010
010101010
010100101
0100101
10010101
0100100101
0010101010
01010101001010
0101001010
0101010101010
1001000101
0101001101
0010101
1010101
0101000010
10010010
01010101
01001011
0100010101
0101101
010010101
10101101
0100101010
010101010
10010101
101010100
001010101
01010101
010101010
10101010
010101
01010101
10010001010
1010010
0101010101
010101101
0100101
0101010101
101010101
01010101
1010000010
100101010
0110101
010010101
010100101
0101010101
010100101
0101010101
010101010
100110010
001010010
0101001010
0101001010
0010101010
01001010
101001010
000010101
01001001001
0100101010
100101010
010010100010
0101001010
01010101
010010101
10010101
0010100101
100101010
01001001010
1000101
001010101
010000101
01010101
010101001
01010101
101000001001
10101101
0101010101
0010101
1010101
010010101
00001010101
01010101
0010100101
000100101
1001010101
0100100101
010010101
01010101
010100101
01100101
0101001010
010101010
010101010
1010010010
01010001010
00101010
01010101
01010101
01010101
01010101
01010101
0101101
01010101
00101001
0101001001
01010101
10100101
01010101
0101001001
010010101
010101001
0010010101
10000101
10101010000
1010101
01010101
010100101
01010101
10101001
001010101
00100101
10100101
00100001010
01001100010
01010101
01010101
101010101
01000101001
10101010
1000101010
0101001000
010100101
1001000101
000100101
00101010
1001010010
1010100101
010101001
01011001
10010101
10101010
100101010
1010101
0100100101
100010101
010010101
1001001010
0101001010
01001101
010100101
1000101
010100101
0010101
00100101
01010101
10010101
1010101
01010101
0010101
0010100101
010101001
00100100101
00010101010
101001010
10010001010
10100011010
00101011
1010011
010100101
001011001
010010101
01010101
010101001
010101001
1001001010
0010101010
010100111
00010101000
1010100010
101001001
0010100
01010101
1010101
01001101
0101010010
010001010
100100010
0100101010
0010101
010101
010101010
010101010
01001001
001010000001
00100101
100100010100
0100101010
100101010
010010101
0010100101
0010010101
0100101
10010101
010010101
0101001010
10100101010
01010101
1010101
01010010
10110101
010101010
010101010010
0100010101
1101001
01010101
01010101
01010101
100100101
001010000100
01010101
0010101
01001001
1010101
01010101
01010101
01010101
010010101
01010101
101010010
01001010
10010101
10010011
0010010101
01010101
10100101001
01010101
01010101
00010101
0101001
01010101
01010101
10010101
10010101
0010101001
010101010
010101010
010101001
01100101
01010101
0100010101
1000010101
01010101
01010000010
1000101010
0101010010
100101010
001010010
0010100010
001010010100
00001010010
1010101
001010010
010101010
01001001010
01001010010
000101010
1001001000
01010101
010010101
10100101
0110101
10010011
10010101010
01001010
1010101
010001101
0101010010
001010010
010101001
01010101
1010101
100010101
010101010
101000101
010010101
001010101
0100101010
001001001010
01010101
010101001
010010101
001010101
01010111
00101010
10101001
01010101
1010101
10010101
101001001
01010101
01000110
010101010
010100100101
00010101001
101000101
0101010101
010101010
010101010
010101010
0100101010
00010101010
0101010000
01010100010
00101010
010101001
0010101010
0100101010
0101001010
01010101
0101011
010100010
010001010
0101010
00011010
001001101
01011001
010010010
01010101
010001101
10010101
01010010
01001010010
101001010
00010101010
010100101
100100101
10101010
01010010
001001010
01010010100
0100101010
0101001010
1001101
01010110
10001001
01001010
010100101
00000100101
10101001
01010101
001010101
0100010101
01010101
0010101
01010101
1010101
0001001010
010101010
1010000101
01010101
001010101
0010101
1010101
100101
01010011
1010001001
01010011001
010010101
0101010010
011001010
0010101
1001001001
00100101
010100101
010101010
00101001010
0010000101
100010101001
010101001
10100101
0010000101
1000101010
01001001010
101001010
01010101
0100011
001010101
10100101
00100101010
10101010
1010000010
10100101
0100100100000
0101101001
01001001
1001010101
10100100010
01010100010
1010001010
10100010
010101001
101001010
001010001010
0101001010
010110001
0100100101
01001101
01010010
0100101010
00100110
0010010101
010010101
01001010
010101010
101001010
01010101
10010101
010010101
000010101
010101001
01010101
010101001
01010101
01010101
101001010
1010101
010101010
01001010
101001010
010100001010
10101001
0010101
01010101
0010100101
0010101000
010110100
01010101
001000101
01010101
010010101
010101010
10010010
0010100101
00101001
010101010
0101001010
01010101
00110101
01010011
10101001
01100101
010100101
100101010
0101001010
0100100101
010010101
0101010010
001001010
00100101
01010101
010010101
01010101
0001010010
001010010
0100011001
10010100
010101010010
00101010
1010101
10010101
001001001
01010101
01001001010
010101010
010101001
01010101
01001010010
010101010
010101001
0000010101
0101010010
0010101010
00110101
10001001
0100011010
00100010010
010101001
10010101
0010101
0101010001
010010101
10101010100
0010101
010100101
010010100010
010101010
1001001
1001001
101010101
10010101
01010010
101010010
100010010
00101010
101010101
0100101
01010101
0110101
010101001
010101001
001000101
00100101
010010100010
0100101010
1010110
1001010101
01010101
010100101
1010101
1010001
10100101
1010101
1010101
0010100101
00101001
0110010101
100100101
01010101
00001010010
0101010
010101001
0101010101
10010101
100101010
1000001010
001010010
001001001
01001101
01010101
0100101
0010001010
10100010
1010010
10001010
1001010100
010101001
0100101001
0010101001
0010101010
01010010010
010010001010
0011010010
010101010
10101010
10100101
01010101
01010101
100100101
0110101
0100101010101
010101010
000101010
0100100101
01010101
0101010010
0101010010
010010101
0100100101
01010001010
0001010010
1010010001
01010001
010101010
0101001010
010001010
0010100010
01010101
0000001101
1001010101
0100010101
010101010
10010101
010101001
000101001
01010110
010101010
0100101
01011001
01010101
100010101
010100101
0010101
01001000100
010100101
100010001
010010101
0101010101
010010101
01010101
100100101
010100101
10010101
00101001
1010010
0010101101
010100101
010001010101
10000100101
0101000101
01010101
01010101
100010101
0100100101
10100100101
1001010
10100101
1010101
1010101
0101001010
0101010
1001000001
100100101
101000101
0010101001
01010011
10010101
0100100101
01100101
001010101
1010101
0101010101
0100101000
1010101
10101001
0101010010
1010110010
10010101
010010101
010010101
01010101
0110101
010101001
01010101
1000010101
010010101
001001001001
01010101
10010101
001010010
010101010
01010101
010101001
001001010
0010101010
01010101
01001101
00101010
101001010
010010101
01010101
0010101010
01101010
01001001
0011001
0101010101
01010101
010101010
0101001010
00101000
10100101
0110101
10101001
1010101
0010101001
0101101
0010101001
100101010
010101010
1001001
010100101
00101010
101001010
01010101
1001010101
00101001
10100101
10010001010
010010010
010010101
001010101
010101010
010101010
010010101
0101001
0101010
01001010
1011001
00100101
01010101
0010101
10100101
10100101
010100101
1000100101
01010101
001010101
010101010
010101010
010101010
101010010
01010101
00110101
01011001
010100101
001010101
10010101
1001001010
100010001010
01010101
10100101
01001010
010101010
10100101
010010101
0100101010
0101010010
010101001
01010101
01010101
10001001
101010100
010010101
101011010
01001010
0010100010
010100101
010101010
101010101010
01010101
01010001
100100101
0100101
0010101
0101010101
010101010
10101010
01010010
01010010
010101010
0101001010
01010101
01010101
10100101
1010101
00101010
100100010
010101001
01010101
0100100101
1000101
010100101
001010101010
0010100010
10101010
1010101
01000101
010110010
0101001010
1000100101
01010101
100100101
10010101
100100101
100010101
101001010
1001001010
010101000
001001001
010101010
01011010
001001010
01010010010
0001010101
0101011
01010101
010010110
1010001010
00101010
100100101
0110010101
1000101
00110101
1010001
01010101
01010101
0001010110
1010001
00101001
101001
000110101
101010101
010010101
010101010
01000110010
011101
10001001
0101001010
01001010
01001010010
0101001010
010100101
01010101
10100101
1010101
10011010
100001010
010010101
01010010
010010101
010101001
0100101010
10101010
010001010
100001010
010010
010110101
01010010
10101000010
01010101
10100010
010100101
10100101
010010101
01010101
1010101
10010101
10100101
01010101
001010101
010101001
00101010
010101010
000010101
01010101
100000101
10100101
00101001
10010101
10100001
0001010101
101000001
0100101010
010101001
010010101
001010101
010101001
0101010010
010100101
10110101
101010100
100101010
1000101010
01010101
010100101
1011010010
0101010010
010101001
1010101
010111010
010011010
010100101
0000101001
001010101
10010101
1000101
1010101
10001010
0100101
010100101
100101
100010101
0100101
101011
0010010101
0101001
01010101
100101010
00101010
010101010
0101010010
101001010
10101010
000101010
010101010
010101010
010101010
101001001
0010101
10101010
0101010010
1001001010
0101010
01010101
010101001
1010001001
1010101
010101010
01001001010
01100101
10010101
1000101001
010010101
001010101
10100101
10101001
010010101
01010101
10000101
1010101
010100101
01010101
01010101
01010010101
10101
010010101
10100101
01010101
10101001
10010101
1010101
101001010
0001010010
1010101
010101001
1000001010
10010001010
1010100010
0101001010
10010101
10100101
1001001
1010101
00101010101
1010100
0101001010
0101001010
101000001
01011001
10101010
010101010
01010101010
0000010010
1001010101
1010101
10100101
010100101
01010101
100010101
101001010
0101010010
010101010
0010101010
010010010
010101010
1010010101
0110101
01010010010
01101010
10101010
010101010
000101010
010100101
101010100010
0101001010
001101001
010100101
101000010
010101010
1010101
0010010101
01010101
01010101
010101001
010100101
01010101
0100101101
0100010101
010000101
010100101
01010101
10101001
0101000101
10010101
0101001001
0010101010
01101010
1000101
1100101
10010001010
0010101010
10010100
0100101
101001010
1010010
00110101
01100101
1010101
010101001
00110101
0101000101
01010101
010100101
10100101
10100100
0101010101
10101010
01010101
01010101
1000101010
10101010
10101010
0100101010
10011001
10101010
1010001001
01010101
01001010
001010010
10101010
100101010
01010001010
0010101010
010100101
01010101
10110010
0101010001010
101000101
01010101
0100101010
101001010
100101010
00101010
010101001010
01010001010
00101010
0101010010
01001010101
1001010101
0101010001010
10101010
100101010
010101010
0100101010
100101010
10100101
01010101
0010101010
0101101010
1010100
01011001
0100010101
1010101
01100101
01011001
000101010
0101010010
00100101
101001001
1010101001001
010101001
101010101
101010101
01010101
000101010
10101010
010101010
010100101
01010101
10101001
100101001
00101001010
010010010
101000000
1010101
10001010
00101010
001000101
0100101
01001010101
010100101
10001010
0010100010
01011001
100101001
001010101
0101010101
10010110
100100101
100101001
10010101
10110010
0001001010
0010000101
010100101
00101010
010101010
10010101
010110101
0110101010
1010101
10010101
10100101
10101010
0110101
010101010
1000001010
10101000001
0100100101
0101001010
01010101010
001010100
10100101
0010101
000000101
001010010
010101010
010100101
010100101
0101010
001010001
0101001010
00101001010
01010101
01010010
001010101010
0010101010
010010101
0100101
001001001010
1010101010
0010101010
0100101010
101100101
010010101
010001001010
01101001010
0010101
01010101
01001001
01010101
101001010
001010001010
0101100101
0100010101
0101010
01001010
0101001010
101001010
001000101
10100101
0101010
0100101001
1010000101
1010101
0100101010
0010001010
01010101
01010101
10101010
001010010
10101010
1011001010
01010101
010101000
00101010
0101001010
1010101
1010101
101001000
010101001
0101001010
00101010
10101010
1010010
010101101
0101000001
100010001
1000101
010000101
00100101
010101
1010100100
1010010010
01010111
1011010
00101010
0010101010
00100101010
10001001010
0100001010
100101
010010101000
01010101
01010101
10101010
0101010010
010101001010
01001010
0010010100
100010101
100010101010
10001001010
00101001010
0101001010
101010010
0010110010
001010101010
001001010
100010010
100100010
010000101010
0100101010
010100101
0100100101
010101010
01010101010
100100101
1010001
00100101010
10011010
100010101
1001010101
10100101
010100101
001010101
0101001001
010110101
0101010101
01001001001
010010101
01010101
0010001001
01010101
01010101
00101001
101010001
10100101
010100101
01011001
0100101001
00100101010
0100101010
101001010
1010100
10100110
001010010
01011010
10100010010
0101000101
010010101
01000101
00100010101
01010101
0101010101
010100101
10000101
0010101001
100101010
01010101
1010101
1010001
01010101
10001001010
01010010010
1010101
10100001
001010010
1010011
010100101
00110010
010010010010
0101001010
0101010010
1010101
00101001
101001010
01000101
0110101
0100101010
010100110
001010101
0000010101
01010100010
010001010
0010010010
010010010
10011010
010010101
0101001010
00101010010
01001010
00010101010
0100101
0010100101
0010010101
10100101
0101010010
010101010
010100101
010100101
1010101
101001000
1001000101
1010101
010010010
10001000101
010110010
100010101010
00101000100
1010101
01001010101010
001001001010
1001001010
1001001010
10010100101
010010101
001010100
0100101001
10100101
10010010101
0100101010
000101010
01000101010
000101010
10001010101
010101001
1010100101
01001010
00101010100
01010101
00100001010
10001001010
1010010010010
10001010010
00010101010
010010101010
0001010010
010101010
0010110100010
01010010010
010101010
010101010
0010110010
0000001001010
00010101001010
01010010010
010101010
010100010
0010001010
0101001010
101001010
1010001010
01010101
0110001010
0100101001
010101
0010101001
101010101
0000101010
1010000100010
000010101
01010101
10100000101
1010010101
0101001001
0101010010
001010100
010100011
001001010
0010010100
1010101
010101001
0101010101
00101001
0101001010
010101010
101000101
001010101
001010001
001010101
100000001
001000101
010101010
00101010
10100101
101001001
10101001
1010011001
01010101
10101001
1000010101
10001101
010101010
1100101010
1010101
0010010101
100100000010
001000010
01001010100
1010100
001010101
100101001
0101000101
010101010101
0001010101
1010100101
0100100101
10001001001
1010101
01001001
0100101000
1001001
0101010010
00001001010
0010100010
10101010
0100101
1010101
010010101
010001001
0010000101
0110101
0101010010
010101010
010101001
001001010
0101000010
10001010
100001010
01001010
010011001
10001010000
10101010
001001001010
0101101
0101010101
10001010101
00100101
10010100100
1010100101
0100101010
0100101010
001001010101
010100101
000101010101
0101010011
10100101
01010101
00101010101
01001101
01010010101
01010101
001001010
01010100
10100101
00100101
00100101
10010101
01010010010
010101010
1000101010
010101010
010010101
01010101
1010101
0010001001
1010101
1000010101
00100101010
0100101010
10101010
0010101010
0101001
01101001
101010010
01010101010
010101010
100010101010
0010001010
1001010010
10011001010
001010101
010101010
1010101010
010010001
1010101
0100101
0101001001
010010101
010100101
0100101
00100101
0100101
01010101
010010101
0010010101
0110101
01010101
01010101
0010101
0010101010
00101010
1010101
010010101
010100101
01001001
010101001
0100101001
00100101
01011001
10101010
101001010
00001001001
010010101
00010101
010100101
0101010101
1010000101
0100100101
010101001
10101010
00010101010
010101001
10100101
0101001001
0010010101
0001001010
00100100010
10101001001
10101001
00100010010
10101010
00100001010
0101001010
010110101
100000101
0000101010
10101010
001010101
001000101
00101010
10101010
10101010
0101001010
010110010
0100101010
010100101
1010101
0101010
1010101
001010101
0100010101
01001010101
01001001
1010101
1010100100
0101001010
00101001010
000101010
10110010
010100101
010101101
01010101
0010100101
001010101
00100101
0101010
010100101
1010101
100000101
001010101
01010101
1010010101
10101
00110101
1010101
010101010
10101010
01011001
1001001001
10101010
00101010
10001010001
1010101
01010101
01010101
001010010
000101010
1010101
0001010101
010101010
01010101010
010101010
0101001010
001010101
01010101
01010101
0100101
0101001010
01010010
0100101010
010101010
010100011
101001
010101010
0100101010
010100101
10100101
01010101
01010101
0101010010
10001010
0101001010
0101001010
01010101
00101001
01010110
101001010
0101001010
001011010
10010101
010100101
010101001010
0100101010
010011001
1010010
010010101
001010101
1010101
01001011
10101001
01110010
1001001010
010101100
1010101
010101
010100101
00101010100
01010101
010101101
10010001
01010101
0010101
010100101
0101001
100101001
1001000010
100101010
10100101
010101001
01001001010
0010000010
10010010
010101010
01010101
0101001
0100101010
0101010010
010101001
101010100100
011001010
010001010
10010011
0010010100
1010101
0100101001
0100101010
01010101010
100101010010
10001010
1010101
010010101
01010101
10000101
010010101
01010101
010010101
01010101
01001000110
100101010
0100101
010100101
0010101
01010101
1000101010
011010010
01001010
0010010010
010001010
01010101010
01011010
1010001010
10100101
01100101
10101
01010101
1000101010
0101001010
010010101
1011001
0010101010
10011010
010101010
00100101010
01010100010
01010010
1001010010
001010010
10010101
00100101
001010010
1001010010
10101010
0101001010
01010101
01010101
1001010101
01001011
00101010010
010100010
0010101010100
10100101
0101010
1000100101
100000101
0110000101
010101001
100010101
10000100101
010010101
101010101
001010101
010110010
010101010
00100101
0100100001
10100101
10101010
0010100101
1010101
010101
100100001
1000101
0011001
10010010
001001010
0101010010
10101010
0010101010
01001100010
10100101
10101001
00100101010
00100101010
10001010
0001010010
10101010
10010010010
01011010
10010101
100010001010
0010101010
1001101
01001001
010101010
00101010
01001010
10101010
01001001
0010010101
1000101010
00100101010
10100101
0010000101
100101001
101010111
0101010010
0101010101
01010101
0100100101
01001000110
0101001010
010101001
0100101001
10101010
1001001010
0100100101
10010101
01001010010
0010101010
101100101
0001010101
010101010
010010100010
0010101010
0010001010
010100101
1010101
10100101
010110101
010100100
01001011
010011
01010101
10010101
010100101
0100101010
000101010
0101001001
10010101
0010101
01010101
0101010
00101010
01010101
101010101
1000101
10100101
01010101
1001101
010101010
1001010010
10100110
0101010000
10100101
01010101
00101010101
10100101
010101001
10101001
010100101
01010101
101010010
0100101010
00101010
010110010
01010101
01011010
10100101
01010101
001001010
00101010
010101010
01001010010
0101001010
1000101010
1010010101
01010101
010101010
00101010
01010101
011000101
010101010
01001010010
100101010
010101010
01010101
1010101
01010101
01010101
010100101
010101001
01010101
00110101
010101010
001001010
0011001
1001001
010101010
10010001010
01010101
0101101
01010010010
010101010
01010101
0101010101
1010101000
0110011
10100101010
010010010
10101010
10110010
0101001001
010010101
01010101
0010101
001010101
010010101000
01001001
010010101
01010101
0101001
01010101
010101
0010101
00010101
010010101
010010101
01010001
00010101010
010101001
10101010001
101000101
1101001
10101010
0010010010
100000101
100100101
101001001
1001010101
10010101
101010101
01010101
01010101
010100101
01011001
0101001
01010101
01010101
10100101
010101010
011010010
0110101
01010101
100010010
1001010010
01011001
01000101001
01101001
010100101
10010101010
010101010
00100101
01011001
01010101
0100100101
00101010010
01010101010
01010101
010010101
01010010100
10101000100
01010101010
010101010
1010010
101010010
1010101010
10000101001
0101010101
100100101
00100101010
001010010
010101010
1010101001
00010101010
0100110010
0101010010
100101010
0010010101
0100000101
0001010100
00100101
1001001001
10101001
10010101
0100101
1010101
0100100101
0101001010
0100101010
0100100101
1010100101
1010101
010101001
001010010
010101010
010010101
0101001
10001010
10101010
1011001
01010101
01010101
0010100101
10001010010
010001010
0100101010
1011001
010010101
1010101
10100101
0100100101
001001010
01001010
0101001001
010010101
010101001
001010101
100101001
10100101
0010001010
100101010
010001010
10101010
10101001
0100101010
01010101
01010101
01010101
011001001
100010101
00100101
00101101
101001
01010101
0100010101
010101010
0100101010
1100101
01010101
0101001
011000101
010100101
100101001
01010101
000010101
0001010101
100010101
01010101
01010101
0100101010
01101010
101000101
01011001
01001001
10100101
001010010
010101010
000101010
100101010
0010101010
0000101010
0010100010010
01001001010
001010101
01010100
1000100101
001001001
010010010
010101010
010100101
1010101
1010101
100100101
01010101
01001001001
0101001101
100100101
01001010101
1000100101
01010101
10100101
01010101
01010101
01010100101
0010001001
0010101010
010101010
1010101
010100101
0101010101
10100101
01010101
010100100
001010010
010101010
01010101
100101001
0010100101
10100101
101000001
0100101
100101001
010100101
10101010
0010101010
1010100010
0010101010
0001010010
1000101010
001001010
100100110
101001010
010101010
0101001010
01010101010
1010101
0010100100
001000101
01010101
0101001010
010010101010
010010101
1010011
0101010010
01000100010
011010010
10101010
01010100101
0101010101
010101010
01001001010
1010101
1010100
1001001
01010101
010100101
00101010101
101000101
00100101
0101001010
0101001010
010101001
1010101
0010101001
0010101001
10010010101
01010101
00100101
10101001
100010101
01010101
10010101
0101010101
010100101
1010100
010101001
100101010
0010101
01010101
001000010001
10010101
0101010101
0101001
0101010
10001001010
1011001101
01010100101
1000010100
00100101
10100101
010010101
01010101
100100101
010010101
001010101
100011010
010101001010
010101001
0100101
010101010
01010101
0000010001001
01010101
10001001010
00100101010
101010010
001010010
100100101
001000100101
0010101010
0001010010
010100101
01010101
01010101010
10101010
01010110010
1001010100
001001010
100101010
10101010
0101100010
01010010
001010010
01010001010
0100101010
0101001010
00010101010
00101010101
010100101
00101010
001001010
1010011010
10010101001010
0010101
10001001
1010101
0001010101
01001010
100101010
1001010010
001001010
0101010010
101001010
0001001010
010010010
1000101
1010101
0010101010
001001010
0101001101
001001001
0101001010
0101001010
010101010
010011010
101000101
01010101
010110010
0100101010
01001010
10101010
0101000010
010101010
01010101
0101001001
01101001
10101010
10000100
10001001000
101001010
101001010
0000101010
0010010010
011010110
0101010
010010010
0010101010
10001001010
010101010
01010101010
010011010
1010100101
100111001
1000101010
10101010
00100100001
0100101
0000101010
01010010
01010010
101010001010
001101010
101001010
010101001
10010101
0100101010
0001001010010
010101001
01000101
0010101010
101001010
010010010
0010010101
100011010
010101010
010100001010
101001010
101001001
001001001
01010101
010010101
001001010
101010001010
0010101
01010101
0101001010
010101010
100000010
10100010
01010101001
101010111
01001001010
100101010
0110101
10010101
010101010
1010100010
0101001010
100101010
01010010101
1010101
010100101
01101010
0101001010
010010010
0010001010
010101010
001010010
0010001010
010101010
001001010
0100100101
01001010
010101010
0010101010
1000100101
10101000101
100011001
10010101
0100101
10100101
0010101
100001
001001010
0101001010
10100101
0100100101
010101010
01010010
010010101
010101001
01011010
101001010
001010101
101000101
100101010
10101010
001010010
010101010
00101001010
0101001010
01011001
001010101
01010010
110101010
01010101
01010101
01010101010
010101010
001001010
1000101010
01000101010
001010010
0100100101
01010101
100000010010
0100101010
0010010101
010010101
1001001010
101001010
100010101
0010000101
01010101
0101001
0100101010
00101010
0101001010
01010100010
00001010
0010010010
0101001010
0101010010
010110010
0001010010
101001010
0101001010
01010100
10010101
0101010010
0010001010
010100101
0110101
101001010
010101010
10100101010
01010101
01010101
0100101
1010101
01010101
01010101
01010101
10100101
1010101
01001010
0100101010
0010101010
10101010
0101001
101010111
10100100
10010101
00001010010
001010010010
0100100101
010100101
010010010
0100101010
0100100101
01001001
010101010
0010001010
1010101
101000100101
010010101
000000101
011001001
100101010
01010101
0010101
100100101
10100101
00101001
0010010101
00101010
010101010
010101
01010101
010101
10101001
010101
10101001
001001001010
1001001010
100101010
0100101010
10010101010
00101010
100100101
0010101
1000101010
10101010
1000101010
001010010
10101010
0101001010
