001001101
0011101
010010101
010100101
1001001010
00001010
00101001
1010101
1010010
100101010
0100101
100010101
10100101
10101001
01101010
00101010
10101010
100010010
00101001
010010101
100100101
010010100101
0010101010
100101010
10010100010
010101010
0100101
01011010101
010101
100110001
1000010101
000010101
1010101
01010101
101001
1001101
010101010
001001010
00001001010
001010100
01001010
100001010
00101010
1010101
101001
0010101
100101
0010001001
0101010
0100101010
101001010
101010010
010101010
1000101010
00100101
1010101
1001001
001001010
1010101
00101101
1010101
01010101
01010101
010100101
1010101
1010101
10001001
01010101
0010101010
1001001010
0101010101
01010101
01101001001
1010101
010101010
010101010
10101010
001010010
0010110
10101010
10100100
10100101
001101
0100101
001010010
101010
10101010
101010100
10101010
101010010
0010010101
10100101
00101010
01001010
01010101
01010101
