1010101
01010101
010101001
01100010101
01010101
010101
010101010101
100010101
101000010010
100010100010
00001010010
00100101010
001001010010
0001001010
01010101
1000010100
010010101
001010101
10110010
010010010010
1001010010
001010010010
1000101010
0100101010
001010001000
00110101
010010101001
1001001001
100100010
100001010
1001010101010
01101010
01010101010
10101010
010100101
01010101
010100101
01010101
01001010101
1010101001
100011010
00101010
010010101
010100101
01010101
0100100101
1010101
1010101
010010101
00110101
0001010010
1000100100010
00101010010010
010101010
01010101001
1000010101
0101011
1001010101
01001010
100100010
01010101
1010101
00101010
00101010010
01010101010
01001001010
010101010
0001001010
01010101
0100101
010101010
0101010010
110010101001
10100100101
01001010
0100110010
001010101
001010101
01011010
01011001010
0100100010
010101010
00101001
1010101
001001001010
00100101010
01011001
0100101
0101001010
10010101010
1010101
010100101
01010101
01001010
100101010
101010
101001010
010101001010
0010101010
0010101010
010010100100
010101001
0101010101
0101101001
010101010
010101010
0101001010
0100101
010010010101
01100101
00100101
00101101
0010101010101
0100101011
01010101
01010101
0100010100010
10001001001010
01010101
100100101
010010101
1001010101
1010101
0101010001
011010101
0110101
010010101
100010101
0010010101
010010001
0101001
01010101
010100101
0010010101
010010101
1010101
01010101
1001001010100
0100101010
0011001010
0000001001
10010001001
01010101
01001010101
010101010
010101010
0010101010
0010001001010
010101
001010101
101010101
0010101001
010010101
01001001
010100101
001000010100
00100010010
0100101010
01010101
0100101010010
010101101
101010101
00101010
101001010
00100101
0101010101
10001001010
101010
0100100110010
101001010
010101010001
010100101
10000001010
0101001010
100010101
01010001001
101010001
01001101001
01010
010100101
01010101010
1010010010
00100001010
1010101010
01010101
010010101
01001001001
01011001
00100100101
001000101
01001000
0100101010
010101010
001001010
01001011001
01010110
10101010
01010010010
