1010101
0101010
00101001
0010001001
01001010
10101010
10101001
01010101
01010101
010101001
10101010
101001010
10101001
1011001
00101010
00101010
0101001
0010101
0101001010
10101010
1010101
00010101
110101
0100010101
10101010
010101010
000101010
1000101010
0100101
10010101
10101101
10100101
010101010
10100101010
00100110
01010010
1010101
0100101
0101010
01010101
000101010
0101010
10010010
01001010
10101010
00101010
101001010
00101010
1010101
010101001
0101001010
010101010
10101010
101010010
010010101
100101001
10011010
01010010
001001001
011101
11001010
101001010
01011010
100010010
0101001010
001010010
