010101010
101000010
01010101
1010101
00100010
0010101010
011001010
01010110
10010010
001010010
010101
0000101
0100101
10100101
001010010
0101010
011001
0100101
00101010
01001010
1011101
010110
100010011
010011001
10101001
0101010101
010110010
0001010010
001001010
1010010
01101001
10101001
001001010
00101010
1011
01010101
010101010
0010101010
0100101
01010101
1010010010
101001010
000101010
00001010
1010101
10100101
101001010
100101010
10010010
01010101
10100101
101001001
01010101
0101001
1010101
0101010001
1010101
01010110
01010101
010101
0100101
10101001
101011
0010101
1000101010
0101001010
1010101
01011001
01010101
1010101
10100001
01010101
10101010
0100101010
0101001
01011001
0101010
00101010
001001001
100100101
010101010
0101001010
10101010
010101010
01001001010
01000110
1010101
0111001
01001010
0101010010
10100101
01100101
0100101
1100101
1010101
0110101
000010010
100101
010110
0100101010
0101001
10100101
101001
0110101
100101010
01001010
1010010
010101010
01101010
11010010
0010010010
01001010
