01010101
01010101
01001010
010001010
10010101
1010101
0100101010
00101010
1001010010
010101010
1001001
100101
001010010
10101010
10101010
010101010
0101101
01010101
00101010
100101010
010010010
010101010
1010100010
00101010
10110010
10101010
0101001
0100101
101001001010
0111010010
100100010
01010110
01010101
010010101
0100101
1010001
010110010
1000101010
1001010110
001001010
010100101
01010101
01001010
0100101010
0101001010
0101010010
0010001010
010101010
11001010
010101010
10010101
1010101
1000101
1000101
010101010
01101010
01010101010
010100110
10101010
10101010
010101
1010011001
01010101
00101001
010101010
010101010
011010
100100101
0100101010
1001010
1000101
100101001
101010010
001010110
100001
010101
1010101
1010101
1001010
10010101
0101010010
01001010010
10101010
000101010
01010010101
100010101
001010101
10101010
01010101
10001001
100100101
0100101
101001010
00101010
010011001
10010101
1010101
01010101
010101010
010101010
1010101
1010101
1001001
010000101
0010001010
011001010
0100101001001
101010101
100101010
101000101
10100101
10011010
00101010
01010101
00101001001
010101001
1010101
00011010
1001010
001001010
0010101010
0010101
01010101
101001010
010110010
00101010
1000101010
1000101010
01010010
0101010
10100010
100010010
001010010
01001010
101000101
010100101
01010101
0101011
10100101
0101010001
10101010
00101010
010101010
01101010
11011001
01010101
01001010
0101010010
010001010
010101010
1010101
100101001
