0101001010
10010010
10100100
0100110
1010101
0010100101
1010101
1010101
0100101
00101001
001010001010
010101010
01010001010
0011010
01010010
00101010
010101010
010101010
010101010
01001010
001010010
10101010
00101010001010
0010101010
0101010010
010101010
0010011010
011001010
001010010
1010010
001010101
01010101
0100100010010
0101010010
1010101010
010101010
01000101010
01011010
1001000010010
100101010
001010001
100100101
010101010
10101001010
01010101
01010101
01010101010
0110001010
1010101
1000101010
10001010
01101001
010101010
010101010
0101010010
001001010
010100101010
0110101010
010010101
1010100101
0101010010
0101001010
010101001
0010101
010101001
001001011
00101010
10101010
10100101010
0101001010
010010101
0101010101
010101010
001010011010
0101010101
010010101
01010100010
01001010
0101010010
100010010
01010111
010100101
010100101
1010101
0010101010
00101010
010110010
01001001010
01001010
100001010
100101001
100101001
010101010
0101010
01001001
10010001001
0101010
01101010
0100101
0101010101
01010010010
001001010
100010100100
010100101
010010101
010000101
10100101010
100011010
10100101
00101001
101000101
001101001
10101010
010101010
010100100010
100001010
0010100101
01011001
010010101
01010101
01101001
10100101
001001010
10001010010
01001010
0010101010
01010010
10100101
101001010
00101010
101010010
010010101
0010100010
001010010
10010101
0110101
1000100010
0100101010
10101010010
10101010
010101010
0100101010
0100101010
0011010
0101010100
0101001010
010010101
1010100100
1010101
010010101
010101010
001010001010
1000101010
00101010
001001
0100101
0101010
100100010010
0101010101
01010101
1001001010
10001010
01010101010
010101010
010101001
010101001
010101
01010101
001001010
100010001010
1000100101
010010101
0101010010
0100100101010
10001001
01010101
01010101
01010101
010101010
01001000010
0101010
00101010
01001010
010101010
0100110010
10011010
010101010
0100010010
01010011
100100100
1000101010
101001010
01010101
1011101
0100101010
101001010
01010101
0100101
0100101010
010110010
100010101
010100101
100010101
10010101
0010100101
001001001
01010101
1010101
0101001010
010010101010
10101010
10101010
0110101
01010101
011010100
10101010100
001001010
0101001010
0000101010
010101010
0101010101
010101001
00101010
0110001010
01010101
010100101
1001010101
010010101
0101010101010
0101001010
010100101
10101001
10100101
10010101
0010100010
00101010
010101
1010101
0010101010
10001010
001010101
010101001
0101100101
0100101
1010101
01000010
10010101010
001010010
0101001010
010100101010
00010010100
01101001
0101010
0101001010
0101001010
00101110
010010010
010101010
01000101010
0101001010
00010001010
10001010
010101010
01101010
010101010
010101010
10011000010
0101010010
010101001010
01010010010
10101001
01010101
01010101
1001001010
100100110
00100010010
010010101
01000010101
00100101010
00101010010
100101010001
01010101
0100110010
01001001010
10101101
1010101
1000101010
0010101010
010101001
101001001
1001010010
01010010
010101010
010101010
01010101
01001010
01010101
010101
00101010
0010101010
0101001
1010101
10001010010
00101010
010101001
00100101
10010101
100101001
100010101010
10011010
01010101
010101
01001010010
01101010
0101000101
01010101
1000100101
100100101
010101010
0010101010
10101010
010110
010101010
01001010
01010101010
010101010
01010101
10101001
100101001
0101010
010100101
010110101
0101001010
010101010
011001010
00100010010
010100101
01010101
0101001
010101010
10001010010
10101010
1001010101
10100101
01010101
100100101
00101010
0001010010
010011010
0101000010
0010010010
101001010
0010101010
010101010
0101001001
1000101
001000101
10010101
01010010
101010010
10101001
0101001001
010010010
01001010
010101010
1000101010
0100101
1001101
00101010
100010010
010101010
010101010
010101010
01010110
0100100101
1010101
0010001010
01001010
1000010101
1010101
0100101010
0010010010
010100100101
10100101
000101010
10001010
1001001010
01101010
0101001
0110101
0010101
0101001
010010101
001010101
0101100101
1010101
01010101
0101010101
0101001010
10100010
00100101
011100101
010100101010
10101010
010101010
10001010
1010001
100011
01010100
01010101
010101010
101001010
011001010
010101010
00100101010
010101010
000010101
010100101
1010101
1010101
01000101010
0101001010
100101010
0100010010
100101010
0010010010
01001010
100010010
10101010
10101010
01010010
011010010
10101010
010101100
00101001010
0101010010
010010010
01001001010
10101010
01010101010
00101001
001100101
01001001
101001010
010010101
1010101
01010010
010101010
0010101
01010101
01010101
01010101
0100101010
0010010010
01001000110
01001010
10101010
010101010
01010101010
01010010010
0010101010
011010010
0100101010
101010010
1000101001
01010101
010001010
10101010
001010101
1010101
0101001010
01001001010
010010101
10100101
1000101010
0101001010
1010101010
101001010
011101010
00101010
10101001
01010101
10010110
0100101010
00001010010
100010010
10000100100
10101010
00101010
10101010
010101010
1010010
010010010110
0101010
010000101010
0100101010
1001001010
01011010
00100101010
01010101010
1010101
010101001
10101101
10101010
0101010101
01100100101
001101
10100101
010101010
01011010
010101010
0101001010
00100101010
010010010010
0101001
100101001
1000101010
0010101010
101010010
1000010010
01010101
0101010
0010010010
01011010
1101101
0101011
0010101010
1010010010
010101010
010101010
010101010
0101010010
01001010
10101010
10101010
100101010
01010010101
010100101
010010010
10101010
00101000010
0101001010
010101010
010010010
101010010
10010101
010100101
10101010
010101010
10101010
0101010101
0010010100
1010101
10101010
00100101010
010100100
010101010
010101010
0101010010
01001001
000010101
10101010
01010101
0101010101
00101010
01010100010
010101010
010101010
1000001010
01101010
101010010
0110010
10001001001
01010101
0010100100100
1010101010
1010010101
01010101
010100101010
000101001010
0101010010
1010010
1010101
010100101
010010101
10100101
1001010
10010101010
010001001
010101
100100101
01010101
0010100010
00101010
0101010010
10100010
0101001001
010101001
1000100101
10010101
0101001010
010101010
010010100110
00100101010
010010100010
0101010010
0100010010
0101010010
010010101
10010101
001001010
010100110
0100101
010101
11001010
0101010010
10101001
001010101
010100101
10101011
0100101010
01101010
1010100101
00101001010
100100010
0100110010
101001010010
010010010
01010100010
100110010
0100101
10101000101
10101010
00010010010
01010101
100010101
001001010
01010010
0101101
00101001
01001001010
010101010
101010101010
010101010
010010101
01010101
001001010
101001010
01001000010
00101010010
100101010
10101010
01010010100
001010010100
001010101
01010101
01001001010
00100101010
010010010
010101010
10100101010
10110100
1001001010
0010001010
01010010110
010101010
1001001010
10101010
001010010010
010010110
0100101001
10010101
010010101
01001001001
101001010
0101001010
0110101
01010101
001010101
10100101
0010101010
10101010
1000101001
0010101001
1010010010
010101010
0101001010
10011010
01010010
0101001010
00101010
0001001010
010101010010
101001010
010101010
0101010010
101010101
101001
000101010
010101010
010100101
010101001
011001010
010010010
10101010
0011010
001010001
10010101
001001010
01101010
01010101
100000101
010101010
10100001010
001010101
0101001001
00101010
10001010
101010101
101001010010
010100101010
010101010
0101001001
00110101
00100010010
0101001010
1001001010
00101001010
0101001
101000101
01010101
010100101
0010101
1010101
01011001
0010101101
0100001010
0001010010
001001001000
001001010
0010010101
001010101
010101010
10100101010
001010101
1010101
010101001010
01001010
000101000101
100101100
0010101
00100101
0101001010
00100010010
010101010
0101001010
100010101
10001101
1001001010
0101001010
1010001001
0010101
100101010
101010010
0101010010
101001010
0100101010
01001010
010101010
10101010
010010101
10100101
1010101
101001001
10110010
0101010010
0101010010
000101010
00100010010
001001010
000100101
01010101
10000101010
001010010
0100100010
0100101010
101010110
01010010
001001001010
100101010
01010101
10010101
010100101
01010101
1001010
101001010
00110100010
011001010010
010101010
101010100
1001001
01010101
0010010010
001010010
10101001
010010101
101001010
0101010
1010001010
0100001010
0101010
101010010
001101001
10100101
001010010010
1010010
10010100010
010101010
00101010
01011010
101010101
010100101
01010101
001010100100
010001010
0010010010
00101010010
01001001010
01010100010
01010010
0110101
00100101010
00110101
01010101
101010010
010010010
0010101010
10101010
001010010
011010010
1000100101
01010101
01001010
0101010010
0101010101
1010101
0001100000010
001000001010
01010101
10101011
10101010
10101010
01010100010
01001010
10001010
0011001010
10010100010
1001010010
10101001
10101101
10101010
10101010
00101010
10101010
00101010
01010010
1010101
10010101001
001010010
100001010
10101010
0100101010
10101010
001101010
0101001010
010101010
01010010
01001010
0101010
100010010
010101010
0010001010
101000010
001010010
001010100
01001001010
01010101
010100101
101010101
100010100
00101001
0100101001
01010101
01010101
01001010101
01010101
1010010010
0101010010
0010010010
010000100
1001010101
01010100101
10101010
0101001010
01011010
1000101010
00110010
010101010
00101010
001010010
010101010
01101010
0010101010
01001011010
0001001010101
101010101
0100100101
001010101
1010101010
010101010
1001010001
1010101
01010101
01011001
10101010
010101010
01010101
10010100
1010101
01001011
01010010
0100101010
01010101
0100010101
01111010
1001001010
010010101
1010101
00101101
01010101
0010101010
10101001010
01101010
0010101010
01010101
10100101
0100101
0100101
010101010
10101010
010101010
101000001010
101001010
100001010
1010001010
010100101
01001101010
010101010
0100101
1010101
0101101
000101001
101101
001010010
00101001
10010101
0101010
01010101
001001010
0101010
01011010
0000011010
0010101010
00101010
010101001
1010101
101010010
0101001010
1010101
10100101
101001001
01010011
101010010
01010010
0101001
0100100101
101010101010
010101010
100101010
10101010
1010100010
10001010010
1010100010
100101010
00101010
0000101010
010101001
01010101
10001010
1001010010
01001010
10101010
100101001
1010101
0101010
010101010
010101001
101010001
100010101
10010101
00001010010
1000101010
101010101010
10101010
0000101010
001101010
00010101010100
00101001010
11010010
01001010
1010010010
001100010
01101010
00101010
0101010010
0010010010
0101010010
0010010010
10100101
10101010
001010101
001010101
010010101010
010101010
10001101
101010101
010101010
0100100110
01001010
01010010
10101010
1001010010
100100110
0101001010
0100011010
001011010
01010101
100101010
01010101
010110101
100100110
00101001010
001010010
010010101
1001001010
10010101010
010011010
100100110
10010101010
1010010
01001000010
1010101010
0100101001
0101001
0100101010
10101010
0100101010
0010010010
001101001
0101001001
001001010
0101001010
1010101
0010010101
00101001
0001101001
1010011
101000101
0100110101
1001011
01100101
01010101
000101001001
011001001
0010010010
010110010
001010010
010010010
010010010
010101010
10010101010
010011010
010100101
1010101
000101010010
001010010
01001001010
0101001010
010101010
000101010010
100010101
1010101
0010101010
0101001010
0100101
101010101
010010101
0101010101
0010101010
010101001010
0100101
00110101
000000101010
0001010010
000101010010
0010101010
01010110
1010010010
001001101
101001001
01010101
00100101
00101010
010101010
0101010010
0010101010
00100101
0110010101
101000110
100101001010
0100101010
10101010
010100110
10101010
01010101
0101001001
00111010
001000101010
00101001010
10100101010
01010100010
010101010
10101
0110101
10101010
001010110
101001
10100101
010101001
0010010101
10100010010
1001001010
0010001010
010101010
0101001010
101001010
01000101001
001010101
010101010
10101010
100101
0010101
0010101010
0101010
0101010001010
010101010
10100101
1010101
010101
1010001001
101010010
101001010
10010101
00100101
010110010
001001010
0010011010
0101010
00100101010
1001001010
00100101
01010101
010101001
01010101
10101010
1001010
010101
1000101
010101
01010101
1001001010
01001010
0101001
01011001
0101010101
11001011
0101010
01011010010
001010101
101010101
00010101010
00101010
000100101010
01001010
100101001010
1010010010
00101010
100101010
10101010
010101010
10010101
0010101
010101
0101010
1010101
10010101
001001010
1000101010
1010101
010101
1010101010
01011010
01010101
010001001
010010101
01010101
0101010010
001010010
010101010
01011010
0010101010
1001001010
10010010010
0011010010
010100101
1010101
0001010101
1010100101
10010101010
0100101010
01010010
100101010
0110101001
0010010101
0100101
100010101
10101010
10101010
01010101010
1000101010
010101010
00101010010
01001001010
01010010
0101001010
010101010
10101001
0101010101
0101010101
01001011
010101010
100010101
0010010010
010010100
1001010101
01010100101
10101010
0101001010
10100101
100101101
10101010
010101010
1000101010
101010010010
01001010
010101010
010101010
0101010
01010101
1010101
0010101010
0011001010
0100101010
0000101010
00101010010
010101010
01011010
01001010
01001010
0010100010
0101011
001000101
1010101
01010101
01011001
01010101
100000100010
0101001010
010101001
0010101
01010101
0001010101
001001010
010101010
01010010010
101010010
0000101010
0101001010
0100100101
01010101
0010101010
01101010
01010101
010011001
0010100010
101001010
10001010010
01010010
1010101
01010101
001010101
100101001
0101001010
10101010
01010101
01010101
10000001010
010101010
0010001010
0101010
0101001010
101000010
01101010
01001001010
00100101
10100101
0010010010
10101010
00101010101
0101010101
00001010010
0101010
00001010010
010010110
0101010101
0010001010
01001010
0010101010
000001010010
10101010
01010101
0101010101
00101100
0101001
10101010
01001010010
10101010
001010010
10101001
01001101
010001010
0011001010
0001010110
0101010010
01010100
10101010
0101010010
10010010010
01010101
0100100101
00110010010
0100101010
01010101
01010101
0101001010
1010010010
000001010010
010011010
0010101010
01010101010
0100101010
01010101010
01011001
000101001
1001010010
100101010
01001010
1011010
00100101
010101010
1001010
101010010
1001010010
100110010
010101010
001011010
100100001
001010101
10010101
0100101
10101010
00101001010
0100101010
100101010
10100101
0010010101
10010010
01001010010
1011001010
010101001010
10101010
101001010
010010101
0100100101
001010010
01000110
010101001
1001010101
010101010
010001001010
01010110
10101010
0100101010
010101010
010101010
100100101010
001000101
1010101
1100101010
010101010
0010100101
00100101
0101101
1001001001
100010101
10110101
001001010
10100110
010100101
10100101
1001010
0101001010
01010101
01001001
00101001010
100101010
10011001
0010111
0010011010
101001010
101001010
0101001010
010101001000100
010010010
1000101010
00101010
010101001
001011001
001000010010
01010010010
0100101010
01010001010
0101001010
10101010
010101010
001001010
0100101
100101010
010101010
010101010
101001001
0010100101
10001001010
0101001010
0010101010
010010010
0101001
1010101000
010101
10010100
0010001010
01001010
10001001010010
00101010010
0010101001
10100101
00110101
0100101
0010001010
010101010
0101010010
010001010
0101010101
0100101
0101010
010101010
010101010
010011010
010101010
001010010
001001001001
100101010101
01010010010
10010101010
010100010
0100101010
0101010
1010101
0010101010
001010010
01010101010
01010010010
010101010
010010
0011001001010
10100100
000001010010
0101010
001010101
00100101
010010010
11001010
100101001
010101001
0100100101
010101001
0010101
1010101
100010001
001010101
0100101
100100101
01010010
0100101010
1000100101
01010101
011010010
10100101010
0100101010
010101010
10001000101010
0101010010
1010010
010001010
00101010
10101010
101010110
010101010
1010101
100110001
010101001
0100101001
01010101
010100101
101001010
001001010
0010100010
0101010010
0101010010
01101010
100100100010
000101010
010101010
1001001010
01010101
101001001
0010101010
001100010
00101010010
01010010
0010101001
0100100101
0101001001
010101000101
01010101010
11010010010
10010101
01010110
1010101
10101010
00101010
001101010
001001010
10100110
10001010
1010101
10100101
01010010
101001010
1001011010
1010101
010010011
0010100101
01010101
010101010
10101010
0101001010
0101011010
01001010
10101010
00101010
100110010
0010101
0010110
01001010010
010101010
0100101010
001001010
1000101010010
1001010010
101001001
0100101
1000101010
101001010
01010001010
10010010010
01001010010
0010101010
010010101
010100101
0101010010
10001010010
10100101
10010101
0101001010
0111010
01010101010
010001010010
001001001010
0101001010
010001010001
1010101
1000100010
101010010
101010010
100101010
01010010100
00101010
010101010
001001010010
001010101
01010101001
00010101010
0101001010
001000010010
0101001010
0001100110
1010010010
01001010100
00101001
010010010
00101010010
101010010
01001001010
01001001010
0100101010
0010100000010010
010101010
0100101010
0100101010
100101010
00101010
10010101010
1001001010
100101010
101001010
0100101010
010011010
01011010
0101010010
001010101
0101001
0101001010
010001010
0101001
100100101
00101010100
100100101
1010101
1010101
01101001
10100101
1010010010010
00101010
10010001010
0010010010
00100101
00100101
0101010010
10101010
001010101
010100101
1010101
1010100101
0010010101
1010101
011010010
1001001010
01000100101
10100101
0010101010
10001001010
001101010
0110010110
010101001
00110101
01010101
0101001
1001001010
01010001010
01000110
01101010
01001010
10101010
0010101010
01010010010
01010101
10100101
01000101
1010010
001001001010
1001010010
10010101
101001
0100101
01001001
100100101
0010101
010100101
10010101
010101010
010100101
00100101
01010101
01010101010
10101010
010110010
001001010
001001001010
101000101
01010101
100100101
001010010
01010010
0010010010
10101010
100101010
10101010
01010001010
01010010
01010110
10101001
001001010
100101010
101010101010
10010000010
1010010101
010101001
0101010010
010101010
10101010010
1010100100
1010010010
010101010
0010101010
01010100
00010101010
0100010010
0101001010
001010010
1010000101
01000101
1000101010
0010010010
1000101010
1000101000010
0001001010
01010010
10101010
100101010
01010010
100101
01010101
01010101
01010101
001010101
010110101
1001011
0010101010
01001010
0101001010
00101001010
1000101010
001010010
01010011
01010101
010101010
10101010
0010001000101
010101001
101001010
100110010
001010010
01010010
010100101
01010100101
010010100010
001010101010
00100101010
10001010010
10000101010
0101000010
000101010010
00010010010
0010100110
0100101010
0100101010
00010010101
010101010
011001010
010101010
10101010
1001010
101001010
10100101
01010010
10010101
00100101
100110010
101010010
0100010010
00000101010
00101001
001010101
010101010
0010101010
010101
0010100101
00101000101
01010101
0001001010
0101001010
100101010
010001010
0010101
0010100101
100101001010
1010010010
0101010101
01010101
01001010
010101010
00101001010
010101010
1001010101
1010101
0101010
1001001010
1010010101
10010011
0010010010
001001010
010101001
01000101
01001010
010100010010
0010100010
1000010010
01000101
01011001
10101010
10100101
1010101
10010101
10010010
0001010010
10011010
10101010
0101010010
101010010
010101010
01010010
1001010010100
010100101
010101010
01010101010
010010011
11001011
010101010
010101010
10100001010
101001010
010101010
0101010010
01010101001
1010101
010111010
010010101
1010011
1010101
010101010
10101010
00101010
110010001
1000010100010
010101010010
001010101
010101
101001010
01000101010
1001000101
01010101
101010101
010010101
0100001010
0100010010
0101010010
00101001010
010110101
010101101
010101
01010101
1000100010
00101001010
010101010
010101010
00001001010
01010010
10101010
0001001010
0010101010
0101001010
10101001010
0101010
010101010
0101001010
101001001
100010101
0101001010
010001001010
01010101
0100010101
101010101
000101001
010101001000101
01010101
10100101
100010101
01101010
01001010010
100100101
010101001
100100101
101001010101
10011010
00001010010
001000010101
01010101
10001010010
0101010010
010101010
0010101010
010100101
100101001
010110101
010010101
01010010010
1001001010
10010101
100010101
010101010
001001000010
0010010010
10101010
0100101010
01001010010
0100100101
01010101
0010101010
01010100010
10101010
1001001010
001101010
01010010
0101001010
01010110010
00010010101
10100101
001010010101
1010101
1010101
101000101
0101001
10010101
10101010
01001010
010101
1010101
0010100110
0101001010
00010001010
01010010100
01010101010
0100101
00010010010010
1010010010
0101010010
001010010
100101001
010101
01101010
1001010010
01010100101
0101101
11011010
10101010
010101010101
10010001
01010000110
010100100
01010010010
101001010
010010101
1010101
1010010101
1001000010100
011010000101
10100100
010010101
10010010
001010101
001000101001
1001010100
1010101
01010101
010101001
10101001
10100101
10001000101
01010101
0101000100
01010101
0101010010
001001010
010101001010
01010010
001010010
001001001010
001010101
10101001
010101010
01000101010
010101010
0010010010
0010101010
101001010
010011101
0100010101
0101000101
0101101
01001010
0101000010
10110001
0011001
010101010
010101010
0100101010
010001010010
01010010
1000101010
10010010
10010001010
101001010
010101010
010101001010
011101010
10010101000010
010101010
0101101
1010101
0101001010
010111010
01011010
10000101010
101000101
0100101
01010101010
01010101
01010101
0100101
0110010010
0010101010
010101001
000010101001
0010001010
1001010
0100110
10101010
010011010
01001010010
0101001010101
010101001
001010001
0010100101
010101001
1010101
1001001010
00101010010
0101010010
0101001010
0010001010010
0010101010
1010001010
010101010
010100101
10100011
1010011
001010101
01001010
01011010
1001001010
10101010
0010100101
10100101
0110101
10101001
101001010
10110010
001101010
100101010
101001010
10101010
100100110
10101010
1000011010
010010010
100100100
0101001010
1010010
101001010010
0100101010
1001010010
100101010
0101010010
01011010
010101010
0110001
001010101
01010101
010010101
00100100101010
001010010010
010101010
101010010
100010010
0100101010
10101010
0101001010
100010010
01010010
10010001001
0100101001
010101001
01010101
0001001010
100101010
1000101010
00101010
100010101
010101001
010101010
101010010
100001010
01001010
1010010
100101010
010101010
00100101010
1001001010
100010010
01010101
10010101
001010010
10011010
0101010
010101010
10010101
1011001
01001010
01010010
0110101
1010101
101001010
001001010
010101001
1000001001
01010101
10101001
1000101010
00101010
010101010
10010100010
1010010101
001010101
100010101
01010101
1010101
10010101
001010010
10101010
1010101
100000101
10010010010
10101010
1001010100101
010010101
1001001010
0010101
1001010101
0101010101
10010010010
10010010
10010010
001001010
100001010010
101001010
10000010101
001010101
0101001
0001101010
100101
010100101
010101010
010101010
01010100100
0101010100
100101010
10101010
0100101
10101001
100101010
00101010
100100010010
0101010
10101010
100101010
101001010
10101010
0010010010
010010010
010101010
010101010
1010101
00101001
100101010
100101010
01001010
1010010010
10001010
100010010
0010101
100010101
010010001001
100100101
1000100100
0101001010
010101010
0101001010
10100001010
0101010
0010101010
010101010
01101001
1010100101
100000101
000101001
010101010
0101010010
100100101
010010101
01010101
01001001
010101010
00000101010
0100100100
0101010100
010101001
01010101
0101010010
0101010010
01100101010
010010010
01001010
01010101
010010010
0101001010
0100101
10100100
0101001
10010101
100001010010
1001010010
01100101
0010101
0101001010
01001010010
0010010010011
000100101
0010100010
0010100010
01001001
01010101
01010110
0101010010
0010101010
0100010110
10001001010
001001001010
01010100100010
100100100110
101001010
10101010
001010010
001001010
010101001001
0101001001
010101010
0010101010
00010010010
101001010
0100101010
0010100010
10100010
101010010
010101010
010101010
1000101010
0101010010
100101010010
01001010
00100101010
10010010
010100101
10101001
10101001
0100101
01010110
100101010
10010010
010101010
10101010
0101010010
001001010
01010100
00101010010
1001001010
01010010
101010010010
0001001010
01010110
100010101
0101010
001010010010
01010010010
00010101010
0010001001010
100100010
0100101010
001010101
1110101
00010101010
101001010
01010101
01001001
001010101
100101001
0010010101
10010101
0101001001
0101010100
100100101
010101001
010101010
101001010
0010010101
01010010101
00010001010
10010100010
0101010101
01010101
001000101
1010101
10101010
100101010
001010010
001010010010
0101101
10100101
010101010
0101010010
010100101
1010101
0100101010
0100101010
010010100
00101010
01001010010
01000101010
010100101
0100101
01010010
010010
010011010
010101010
0010101
010100101
0100101001
010100101
10100100010
101011010
0101001
01010101
01001010
00100001010
0101001001
01010101
010101010
01001001010
01010101010
0101001010
01010101
10100101
10100010010
101001010
10100101010
010101010
00101010
010101010
00100010101
01010101
01010001
1010101
1010010
001101
01010101
01010101
010101010
010101010
0010010010
010100100
001001010
101001010
00101001001
01100101
10101010
10101010
10101010
1000001010
001001010
01010101010
10010101010
0100101010
0101010101
1001001001
01010101
101010101
0101001010
0111010
010100101
00100101
0110100101
01010101
00101010
0101010
10000010
101001010
0010101010
0101010
01010010
0101010010
00101011
010101
0101010010
10101010
10101010
0101001010
0100101
00101001
101010010
10110010
010010101
10010101
01001010
10101010
01010101
01010101
00110101
01010101
10100101
10100101
10001010
01010101
100100010
10101010
101001010
010101010
1000101010
001010010
001001010
0101001010
00101010010
01010010
0010101001
0010101
10100100010
01001010
10010101
1001000101
0101001010
10101010
0010101010
1001001001010
0101001010
010101010
00110101010
10001010
01010101
010101001
01010101
01010101
00101010100
010101010
0101010
10101010
0100101010
100101010
010000101010
01010001010
010100110
0010100100
10010010
0101010
1000101010
1001010010
10110010
10100110
010101010
10101010
001010010
0011001010
1001010
10101010
01010101
0101010101
01010101010
00101010
010001010
010010010010
00101010010
0101010010
100101
10101001
010010100
0100101010
0101101
10010101
010110010
1001001010
01010101
0101010
010101010010
1000101010
0100101010
001010010
0100110010
00110010010
101001001
101001001
01011010
10100010
0101110100
0101010010
01001010
10010101010
100100100
1010101010
0101001010
10101010
010101010
0000101010
0100101010
000101010
0100101010
0101010010
010101010
0100101010
1010101
1010101
01000010
01101010
010101010
0101010
01101001010
10000101010
0100010101
0100101001
00101010
00101010
0100100101
0100101001
000010101
1001010101
010101010
001010100
100000100010
0010001010
01110101
01010101
00101001010
01010101010
01010101
01010101
101000010
101010010
00101001
01010101
10100010
001001010
01011010
01010110
0101101
01100101001
00101010010
001001010
0100100010
001001010
01010010
010011010
0101011001
0010010101
01010001010
01010
0100101010
00101010
0101010
0101001010
10001101
100010101
011010010
100100010010
00010101010
101001010
01010010
101010100
010101001
010010101
01010101010
01010010010
0010010101
100101
0100100101
0100101
0010100010
0010001010
01010101
01010101
0101001
10101001
001011001
0010000101
100010010010
0010101010
100101001
101000101
010010101
01000101
1000010101010
100110000010
101001001
001010101
00101010010
100010100
1010010101
01010101
100101001
1010101
0101001010
00010101010
10101010
1010010010
010101010
0101001010
0101001001
10010101
01010101010
100101010
0001010010
011001010
0101010101
1010101
00101010
01010000010
010101001
1010110
0010100010
00101001010
010010101
001010101
001001010
10110010
0001010101
10100101
1000101010
10101010
01001010010
0010101010
010101001
10010101
0101001010
000010010
01000101010
0101001010
1001010100010
0010101010
01011010010
01010010
10100101
10100101
0000101010
0101010010
0001010010
00010010010
01010010
100101010
010101010
101010010
000100001010
010011010
0101010000
01010010010
1001001010
010010010
001001010
001001010
001101010
101001010
0101010
101010010
0100101010
01001010
01010101
00100101
0101001010
1001000100010
0101010010
101010010
0010000101
01010101
001000010
010101010
10101000
1001000101
01010101
01010101
101001010
01001010010
10101010
010101010
10101010
010101010
010100101
00100100001
010010010
010100110
010011010
0100101010
101001001
01010101
00100101001
100001001
0101010010
01101010
010101010
0101010
0100101010
00101010
10010101
01010101
010100101
010101
01001010
1001001010
100101010
010101010
1000100010
100101010
011010010
101001010
010101010
01001010
0010100101
010100101
01010101
10010110
01011011
100010101
011010010
1001001010
1001010101
01001001001
0100010010
001001010
0101001010
101010010
1000010101
01010101
001001010
0010101010
0101001
00110101
101010101
1000100101
0101001010
010101010
10011001
010010101
01001010
0101010010
0010100010
100101010
0010101
0010100101
100101010
01001010010
0100100101
10010101
0010101010
100101010
1001001010
010101010
0101010010
1010010
0100101
001000001
01010101
1010101
10101010
100101010
01010101
1010101
101000101010
101001010
0100101
010101001
10101010
001001010
001001010
1000101010
101001010
0101001010
00101010010
010001010
01101010
101000101010
0101101010
0010001010010
10101010
010101010
001010010010
001001010
010010110
01001010010
010101001
100010101
01010010001
001010101
0011001010
0101010010
01001010010
0011010
00101010010
0101010
010101010
010101010
01001010010
1001001010
0101010010
0101010010
0010101010
01001001010
001000101
1001010101
010011010
011010010
10100010
01010010
010101010
1000010010
000010100000
00100101010
00100101001
0101010101
010101010
00101010010
0010100101
01011001
1000101010
010101010
001010101
101001001001
01001010
01010010010
010010101
10100101
10101010
01011010
1010101
00100101
10010010010
01001010
101000110
0101001010
010100101
0100100
01010010
001001010
011010010
10101010
1001001010
010101100
101010010010
10010010010
0101010010
1010001010
011010010
10010010
010010110
0101001010
100010010101
0001010100
0011000101
0101001
01010010
010101010
0101001010
00101010
00100010001
0100101001
010101010
1001010
010001000101
01010101
0010100101
00101001
01001001010
100100101010
010101001
001011001
010101010
010101010
01010101
0101001010
00110010
001001010
01101010
01010010
01010010
010101010
0110101
0010101
0101001010
01001010
00110010
101010010
001001010
1010010
1010000101
001010101
010011010
010101010
010101010
010101010
01010101
010010010101
01010010
001010010
1001010010
100101010
01010010
0101001010
01011011010
010101010
1010101
0101010001
01010101
010100101
0100101010
100101010
101010010
10101010
01101010
11010010
01001001010
10101010
01010101
01001001
010010101
0010101001
10011010
0010001010
0100101010
0010101010
100101010
100101010
01010101
01101001
10010101
01011000101
010101010
1001010010
001001001010010
100101010
101010001010
010100110
01001010
01010010
0010100101010
0100101010
01010101
010101001
010010010
0000101010
0100101010
1000101010
0100101010
01010010
10101001
01000010101
00101010
100101001
10010010010
01001010010
0101010101
100101000
010101001
010101001
01010010010
001010010
0100101001
10100101
0010101010
001010010010
10101010
100101010
01010101010
001001010
0110101
010100101
010010101
10010101
010101010
00101010
1010101
10101001
100101010
0101001010
001010110
00010001010
010010010
1010010010
000101010
1010010010
010010010
0010101010010
010101010
1010010010
010101010
100101010
0101001001
01010101
00101000010
01010010
001001010
10011010
1001010010
0101100010
0100101010
0010011010
00010001010
0101010010
01001010
100101010
01001010
011010010
101010010
1001010010
0101001010
0100101010
0100101010
010101010
000101010
100010010
01000101010
0010101010
10010101
0010101
01010101010
011001010
01001001010
01010101
010010010010
010101010
010101010
100010010
0010110
00101001010
10011001
0101011
010010101
0010101001
0001010010
010001010
010101
101010101
1000101010
1001010
01001010010
0101010
101010010
0101001010
010101010
01010001010
10101010
00101010
001010101
100100101
1001010010
0101010010
1001010010
0010100010
0101010101
010101100
1000101010
00101010
00101001010
010101010
010101010
10101010
010010010
11001010
001001010
10101010
1001010010
010110010
0101001
100101000
00100101010
010001010
100001010
100101010
10100101
00100101
00101001010
1010101010
010101010
0101101010010
01001001010
1010101
100101010
1000010010
10000101
10001001001
00101001
0010101001
1001001010
0100101010
10000101
001010101
1000101010
0101001010
010101001010
010101010
10010010010
1000001010
010101010
10101010
0010010101010
1000101010
100100101
010101011
100101010
10001001010
0101010101
01010101
101001001
010100101
10000100010
010010010
0101010010
00010101010
10001001
1010101
1000010100010
0101010010
010101
1001010101
010001001
1010101
100101010010
0001010010
001011001
1001101
0100101010
10101010
0100110
10101001
01010101
10100001
101000101
01001001
01010101
10001010
01010100010
01001001010
0101010010
101010010
0100110101
10100101
101001010
0010010010
000101010010
100001001010
01010010010
01001010
0100101
0001010010101
0100010101
010100101
00100000010
011010010
1000101010
101100010
010101010
100010010
0101010010
0010101010
100010010010
0010010010
1001001010
01010101010
01010101
0010100101
010101010
010010101010
10010101
101010001
01011010
00101001010
10000101010
000100010010
0001001010010
10101010
0010100100
010101010
010111010
010100110
0001010010
00101010010
0001001010
00101010
100101010
1010001010
0101001010
01001010110
001010101
00101010
1000101010
00101001010
010101010
001001010
1010010
101001010
1010101
1010101
010101010
0010010010
0101010010
10010010
1000101010
10101010
10101010
0101001010
10101010
1010001010
010101010
0100110010
100101010
0011010
00100101
010101
001010101
001010101
0100101010
0101001010
01010101
011010010
010100101
010101
010010010010
0001001010
1001001010
001001001010
1010101010
10001001010
1010100101
1010101
10010010010
10101010
10101010
0101010
1010001010
010101010
01010101010
0101001010
0010001010
10101010
0100101
001010101
0010101010
10010010
100101010
0010010010
0100101001
00100010101
1001010010
0101001010
101010010
010101010
001010101010
1001001010
010101010
0101010
01010101010
0100101010
01010101
10101001
0101100101
100100001
001001010
10101010
1001001001
100000101
0101010010
010101010
01010010
0010101
10001110
10110010
1010010001001
001010101
00101010010
100010010
101001010
1010010
10001010
100101001010
010100110
0100101010
10001001
10010101
0010100010
1001001010
10010000101
001101
010101010
100101010
00010101001
10101
010101010
0010010010
1000101010
0101001010
01001010
01010101
010010101
10101001
01010101
010010100
00101010
01010010
0001010010
0101001010
010100101
10100101
10010101
0010101
100100101
0010101
10101001
10000101
001001010
1011010
10100101001
101010101
010101010
0101001010
1010101010
1010010100
101001010
1001001010
0100101010
10101010
010101010
01001010
00101010
00100101
001001010
001010010
0010010101
010101001
001001001010
1011010
100101010
10101010
001010011
1010101
011000101
001010101
01010101
001001001
0000101010
0000101001010
1000101010
100101010
001010010010
01010101010
10101010
101010010
0110101
0101010100
010101010
001001001010
01001001010
00001010
10001010
101010010
100101010
010101010
010010101
10100101
10101010
0100101010
0010101010
010101010
0010101
1000010101
0101011
0101001001
00101010
000101001
00101101
0101010
10101010
0010001010
001010011010
010101010
01001010
010010010
0101010010
10101010
01010101001
0010101
01001010
010100100
0100100101
1001010101
000010101
10110101
0101001
0101011001
010101010
100101010
0101001010
0100100010
0010101001
1001101001
010101
1010100101
01010010
1001010100
01001010
01010001010
00101001
10010101
10001000101
001101
010010010
01001010
1010101
10100101
100001010
0010010010
010110
010100101
010101010
0101010
10010001010
010001010
101001001
010101
100101010
100010010
100101010
010010100
0101010010
10101100
0101000101
01010101
1001001010
0101001010
0100101
100101
101010010
0100101010
01001010
00001010
010100101
01010101
00101001
0101001
100101001
01010101
0100100101010
0101001010
100010101
1010101
0101001010
00101010
10101010
000010000010
100001010010
0100101010
010101010
0101010010
00101010100010
010101010
1010101
101010
010101010
1010101010
0100100101
10101001
01001101
10010101
01010101
00010101001
1000101010
001010100
1000101010
10011010
010101010
001001010
0010010101
0100100101
010110101
00001011010
00100101
10100101
101001010
10101001010
0010010101
01001001
0010100101
01001010101
000101010
010101010
011000101
001010101
0110101
0100010101
1001001010
10101010
010101010
10010100010
1010101
000100101
00110101
0010100101
010101010
00000101010
10101010010
0101010010
10101010
010101010
100101
01010101
0010101001
0100101001
010100101
01010101
010101010
0011010
100010010010
001001010
01010101
010100101
0101010
101010100
01010101
01001001
010101010
1010010010
10100101
01010101
00110101
01011001
00101010010
1010110
101010010
0110101010
01001010
10010101
000101001010
0010101010
0101001010
1001010010
11001011
010010001001
0101010100
010100
010101001
00101010
1001010010
0101010010
010101010
011010010
001010010101
011010101
010110010
1001001010
00101001
101010101
001010010
0101010010
1010001010
0101010010
010100101
101010101
0101001010
01001010
100101010
10001010
0010110010
0101001010
01010101
010101001
1010101010
100100010
010101010
001010010
101010101
000100100001
101010101
010100101
01010101
10000010101
010101010
1001001010
100110110
10010001010
00101001
1010101
010010101
0101010101
0010101010
010101010
010011010
1000001010
100101010
1001001010
00101010
10100100100
100101010
1010010010
0010100010
00100001
0101001010
1010010010
100100101
010101001
001010010
010011010
0010010010
00101001010
0110110
0101000
0101010
0100100010
010101010
001010010
010101010
01001010010
10101010
0101001010
01010101
001001000101
1001010100
00110010
100101010
100101010
000101001
1010101
00101001010
0010101010
0101010101
10100101
10010100
010011010
01010101
101010
0101001
00100101
0101001010
01001010
01001010
1000101010
100011001
0010101001
0101001010
101001010
101010010
010101010
0101010010
10100101
10001001
01010101
101001010
00101010
011010010
001001010
0010101010
00010101010
010100101
0101001010
00100010
1001001010
10100100010
010101010
100101010
01010010
0101001001
10010101
0100001010010
010101010
10001001010
101001010
01001010010
0100101010
0101001
0100100101
010101010
101001010
010101010
10101010
010010101010000
01011010
01001101
000100101
010101
100101001
01001010010
10100010010
0100101010
10101010
00101010
000101001010
10001010
0101010
01010101
101001010
01010101
01000101
01010010
00101010
0101010010
0101001010
0101010010
0010101010
010101010
01101010
1010110
10101010010
01010010010
10001010010
010100010
0101010
010101010
0101001010
010101010
01001010
0001001010
01011010
001010110
01010101010
10101010
10001010010
1001010010
010101010
010101001
01010101
010101010
100100010
00101001010
10100100010
01001010010
01001001010
01000101
01010101
0101010100
01010100
01001010
0100010010
0101001010
101001010
1001010010
101010010
10100101101
0010101
101010010
010101010
010101001
0010101
100101010
01001010010
101010101
01010011
010101010
00101001010
0100101001
010101010
0101011
01010101
0101001010
10101010
1010101
01010101
0101001010
1001010
10100101
01010101
0010010010
010101010
010010101
0110010101
01001001
0101010101
01010010
100101010
0010101
10100101
100101010
010010100
10101010
001001010
101010010
0100101010
01001101
100100101
01010010
10100101010
01001011010
010101010
1010010
10001001010
100010101
010010101
1000101010
10101010
001001001010
001001010
001010101
100100101
01010001
10010101
101001010
010101010
0100101010
01010101010
00101001010
101010010
0100100010
10101010
001010100
010011010
101011010
0101010010
10010101
10100000101
1001001010
10101010
1010010010
001101010
001011010
0001001010
10110010
010101010
01001001
001100101
010010010
10010010
01001010
010101010
001000101
100010101
0101001001010
100100101010
010010010
100101010
01010110010
010101010
0110101010
001001010
11001010
01001010
00010101
1010010101
101010010
101010010
0010101001
0100100101
00100010010
01001010
00101001
010101010
0100101010
10001010
1010100100
010100010
01001000101
0010101
010101001
100100101
0101010010
01010010
001010101
01001001
01011010
010100100010
10001001010
010000110
001001010
010101010
01001001010
01010101010
0101010101
011001
0101001010
10101010
0010101010
01011010
100100101
001010101
0101001010
1010101
010010010
1000101010
0100101010
0100101010
010010001010
0101001010
001010100010
01010010010
010101010
100101010
0100101
00100101
10010011001
0101001001
101001010
0101001010
0100101010
00100010010
100101010
010010010
010101010
10100010010
10001010010
01010010010
0001010010
010101010
0101001001
01010101
101010010
01001010
010100101
10100101
10001001010
10101010
1010000101
0010010100
000010101010
001001001010
00100101
0100101
10010101
0100101
00100101010
100101010
010101010
100101010
000101001010
00101010010
101001010
010010010
0001010010
010101010
01010101010
10110010
001010010
1010010101
0010101010
10100100
0101010
01010010010
10001001010
0100101010
0010101010
01000101010
1001001010
0001001010
011001010101
100010101000
1001100010
11001010
1001001010
11010010
0010001010
100100101
10010101
10100101
0101001010
0101001010
101010001
0101010101
01010101
0010100100100
010010010001
01010101
010100101
010101001
00100110010
0101010
010010010
10010010
001001010
0010101010
0001010101
000101001
1010011
01011010
1001010010
001010
1000101010
0101010
10000010010
001011010
010101010
0101001010
00101010010
0101010010
001010101
0010101
0100101001
0100101
01000101
01010101
0001001010
010010010
0100101
100101001
100100101
101010101
0010101010
1101010
101001010
010101010
00100100001
10010101
00101010
0010101010
0010000010
01010010010
10101010
010101010
1000101010
101010010
1010010101
0101011
1001001010
00101010
01101010
010100101010
101001001
01010001
0001001001
1010101
0010100010
1001001010
01000101010
0010101010
010101010
001010010
01010101
010010001
01010101
101001
010100101
1010100101
1010001010
010101010
001010010
100101
0100100101
1010101
1010010
101010010
100101010
01001010
01010101
0100100101
10100100
010101001010
10001010
01001001
1010001010
0100101010
10000101
00100101
0101001010
101001010
10101010010
001010
1010010010
01000101010
010101010
000101010
0101001010
001010010
00101001
1010101
101010101
010100101
001010010
01010101010
010110010
1001010
01010101
10000101
0101010010
1000101010
01010101
100100101
0100101010
10101010
1000100101
0001010100
010101010
101010010
0101001010
10101010
1001001010
010101010
101001010
101001010
100101010
001001010010
100010101
10010101
01010101
01010101
00101010
010101010
001001010
1010101010
0100101010
000101010
000100101001
010100101
01001010010
001001010
0101010101
0100001
010101010
001010010
0101000
1010110
1010100010
010010010
0101010
0010100110
10001010
101001010
0100101010
001001010
010101010010
1000101010
01011010
0010010101
001001010
00100101010
010010100
01001010010
00100101
0010100101
010111
0010101010
010001000101
01010101
00100101010
0101001010
010101010
001001011010
001010010
001001010
01011010
0100101010
010100101010
100101010
001010010010
01010010
010101010
010010010
10101001
1100101
00010101010
010010010
001010101
001101
010010010010
0100101010
010101001
01010101
1010010010
10101010
010011010
10101010
0010101001
010100101
01001010
00101001010
00100101
01010101
10100000010
010101010
0010101010
0101001010
0101001010
0000101010
010101001
010101010
0010101010
101010010
010101010
10001010010
010100101
1000100101
1001000101
101010
1010001010
10001001010
010101010
0001010010
1001001101
001010101
100101000011
010010101
100101010
0010010010
010101010
01000101010
01011010010
00001101010
0001010100
101001
01010010
1010010
0010001010
0100101001
011001010
01010010010
010010101
0010010101
010011000100
1001001010
1000100110
0101001010
100010101
01010101
10101001
1010101
010101010
00101010
10010101
1010100101
0010001010
1001001010
010101010
0010101010
01010101
01010101
01010100010
001010100
01100010
001010010
0100101010
01010001010
010101010
00101010
000101001
01010101
010100100
0100100101
10101010
010110010
0101010010
0101010010
10010000010
01011010
010101010
100100000
010100100
001001010
01001101
101011001
01010001
10101001
010010010
01010101
001101
00100101
0010101001
10010101
1000100010
10101010
100101010
0101001010
0010101010
0010011010
01010101
010101001
010101010
010110010
01001000101
010101010
010101001010
100001010
010010101
010100101
01011010
0101010010
0101010
1010010010
0101010
010101010
1010001010
101001010
10001001010
001010010
1001001010
0010101010
01010010010
01010010010
0100101010
101000110
100101010
1001001010
001010000010
01001010010
101010010
010101010
1010101
001010101
0100101010
0010100110
01010100010
010101010
010010101
10101010
0101010101
1000010101
10101010
001010010
0010010101
010010101
10000010010
10101010
001010101
001010101
01010101
010101010
10101010
01011010
01010001010
10101010
10101001
0100101
01010101
101001001
010101010
010101010
0010101
0100101
01010101
010101001
1000101010
010010010
10100101
10101001
000010101010
01010010
01010010
01001010
1010101
000011001
010101010
01001010
010110001
1010101
001010101
010101010
0100001010
1000001010
00100101010
101001010
010100101
010100101
0101010
011001010
010101010
10010001010
010101010
01001001010
00101000101
010100101
100101010
010010010010
10010101
10100101
00101010
0100101010
001010010101
010101001
101001010
10100100010
10101010
100101010
01001101
10100101
0101010010
000101010
1001001010
100101010
010100101
100001001
10101010
10010101
0100100101
0001010101
1010101
10010101
010101001
10100101
10100010
01001010
01001010
1001010010
01001010010
01010100010
01010101010
10101010
0010101010
0101010010
1001001010
10010010010
0101010010
0101010010
00101010010
10100101010
01001001010
10011010
010101010
00101010
010101010
101001010
100010101
10100101
1010101
01010101
001010100
10001001010
10001010
1010101
01001010
00101001010
00001010010
001101010
010101001
01011001
10001000010
010010010
10100101
01010101
01001010010
10101010
00101010
0100101010
0101010010
01010010010
0010100101
10101001
00101010
1010001010
00101001
010100101
100101
10101010
01000101010
01001010010
01101001
0100100101
0100101001
010101001
0010010001
010101001
1001000101
01001001
01010110
010101010
10101010
1001001010
0010101010
0010010
1000101010010
000010101010
1000101010101
010101010
10101010
0010001010
01010100010
00101000010
001010010
001001010
1001010010
10100101010
001010010
010101010
10101010
010101010
1001001
0010101001
001011010
00101010010
010101001
10010101
010010101
01010101
001010001010
010010010
0101010101
00010001001
01001000101
01101001
00101000010
0101010010
01010010
1001010010
00010001010
1010010010
00101001
001010101
001001010
101001010
10101010
101010010
0101001010
0010101010
101010011
0001010001
010010101
01001001
0100101010
01010001010
0010101001
0101011001
101001010
10101010
10101010
1001010010
0101010101
101010101
1001010
001001010
101010010
10101010
01010101
0100101
01010101
0100101001
1010101
1010101
0101010010
00101010010
010101010
010101010010
010010101
01010101
010010101
010100101
0100101010
0010010101010
01010101
1010101
0101010010
1000101010
0101001010
10001000010
100100101
010110101
0101001010
110001010
101010010
010101010
010010101
1010101
010100101
01010101
10010110010
010101010
01010101
01010101
01010101
01001010
011010010
101001010
1000101
10101000101
101001010
1000101010
01001001
00100101
000010101
01010101
000011010
101001010
011010010
01010101010
01010010
01000010101010
01010101
1010101
0101001010
010101010
010100101
00100101
100010101
10101010
010110010
101001001010
010101010
010010010
0100010010
01010010
00100101
01010101
000101010
0100101010
010101010
101001010
0100100101
00100101
001010010
0001001010
00100101
1010100001
010010101
0100101010
01001001
0100101
010100101010
100101010
010101010
0010101010
0010101010
00110010
010101010
101010010
1000101001
1010101
0101001
1010101
001000101010
100101010
00101001010
010101010
0101001010
0101001010
100010010
0100101010
0101010
100100101
101010101
1010101
01010010010
0010101010
010010101
1010101
01001010
001001010
0101010
10101010
0010001010
101010010
10010101
10100101
001010101
001001010101
1001101010
100010010
101000101
010000101
010101001
10101001
0110101
101101
1001101010
0100101010
10100101
0101001
0101001
01010101
001010101
1001000101
0111010
10011010
01010101
1010101
0101010010
100001001010
1010101001
01010101
0100100010
100101010
010001010
010101010
0010101010
1000101010
010101010
10101010
0100101010
10101010
10100101
001001100101
1010101
01010101
10010001010
010101010
10101001
0100101
0010100101
01010101
0101011
0100101001
010101010
100101010
0101010
0101010
010101010
0101100010
100000010001
010100101
10101010
0100010010
001001010
01011010
01010001010
01001010
01101001
010100101
01010101010
10101010
010101001
0101010
001001010
010101010
01010010
010101010
10100010
10101010
001010010
0010101010
0110101
010100101
10101010
0100010010
10101010
0001001010
10101001
01010101
10101001
1010101
010101
01010101
10101010
01010010
10001001010
000101010
001010101
101010101
010010010
00101010
1000101010
01010010
001010010
101010010
0101001010
0010010010
0010101010
1001010
0101001010
101001010
010100101
00101001
10101010
10101010010
010101010
101001010
100001001
0101011
1000010101
01010101
0010100010
1000101010
00101001010
101001010
1010101
0101010001
010001010
01010010010
0100101
010010101
1010101
10010101
100001010
01010010
1000101010
010101010
00101001001
101010101
0010100010
0101010
10101001
1010101
0101001010
0101001010
010101010
0100101010
10011010010
10101010
0110010100
010100101010
0101001010
0010010001010
00101001
100101001
00101010
0010101010
010100010
100010001010
010101010
0110010010
01010101
100100101
10100101001
01010101
0100110010
001001010
10100101001
01010011
1010001010
1001010
1010101
001011001
10110010
01010010
00101010010
1000001010
010100110
01001010010
0100101010
01001010
010101001
0101101
101010101
00110010001
10001001001
01100101
00101010010
00101010010
00101010010
010010010
0101010
01011001
10100101
0101001001
100101010
1000100010
01010101
1001010001
10101010
010101010
0010101010
10101010
010101010
100101010
00101010010
010101010
100101010
010101010
10101010
01000100101
10010110
001001010
0100101001
100101001
1001010001
1010101
00101010
101001010
010101010
010010010
0010100101
0101010101
0100101010
01010100101
001010100
010100101
00100101010
010100100
0011001
010101001
0010010010
0101010
01010101
01010101
000101010
1010010
01010010
01001010
01101010
011010010
101000110
101001010
0010010
0101010010
01010010
010101010
01010101
00100101
0100101010
10010100
10101001
010010101
010001001
01010101
0010101010
10010010
01010101
01010101
010101001
101001
10101010
001010101010
010010010010
100001010010
0010101010
0010101010
010100101
1010101
01010101
01010101
100010010010
010011010
10101001
010100101
001010100
0010101001010
10010101
01001011
0101010010
100101010
00010010010
101010010
10001001010
0101010
0010101001
0100010101
0101010
00100010010
0010100101
0101010101
0101001010
010101010
01010010
0100011010
00100101010
10101010
010101
0110101
0101010010
10010001010
0100101
0101010
01001010010
0101010010
0101001010
010101010
010101010
0101001010
01010001001
01010101
01010101
010101001
01100101010
001010010010
010101010
010101010
100101001
10101001
01010101
010101001
01010010
011001010
0100100101
001001001
101001001
10010101
1010101
0010010101
0100000101
0110101
001010101
01010101
1010101
100101
10100010
10100010
10100110
1001010
1010101
01010010101
010011010
01010010
011001010
01010101010
101010010
00101010
0101010
010101010
101001001
1010101
01010101
0101010101
01010010010
10001001010
100101010
0010101010
0101001010
10010010010
0101001
01010101
100010101
01101001
01010101
0101010
0100100010
0101001010
01011001
10101001
0101001010
0010010010
10101001
0101000101
01010101
101010
1010101
1010101
0100100010
0010101010
0100110101
100010100
00101000010
010101010
0100101
10100101
00101001
01010101
0010010101
1000100101
0101010010
101001010
101010101
0100101
0100100010
010001010
010100101
000110001
10101010
010101010
001010010
00101010
01001001
10010101
001010101
001010101
010001001010
10101100
010101010
010010010
0101001010
0110011010
0101001010
101001010
1001000101
01010010101
0010011001
010100101
0100101010
01010010
010101001
10001001
0101011010
1000101010
0100000010010
101000010010
10001010010
011001010
0010010000010
1001010010
100001010
01001010
10100110101
10010101001
01001001
100000101
00101010010
010101010
01010101
1010011
10010001010
101001010
01010001
0100100101
010101010
011010010
01010010
10101010
101011
0101101
10101010
001001101010
10010101
0101010101
1001010001
100100101
0101010101
01010101
10101010
0100101010
100010010
001001010
1000101010
010100010
00101101
1010011
100100101010
010101010
010110010
100101010
00010010001
00101000101
01001010101
10010101
100000101010
0001010010
01010100101
01010101
10010100101
101001
0101001010010
0101010010
10001001001
1010101
001010101
00100010101
100101010
1000101010
10101010
001001010
001010010
001011010
101010010
01011010
001010101
10100101
100100101
001001001
010101010
010101010
00101001
01010101
101001010
01001010
00101010
001001010
1000101010
0100101010
001010010
001001010
0100101001
010101
001001010
010101010
10101010
1010101
0010101010
01010010
01010101
0100101001
010100101
01010101
011001001
001010101
010100110
010101010
1010101
100011001
01001001010
0101010010
10100101
010100101
0010100101
1001001001
010101010
001001010
00100101010
0000101001010
101010101
010101001
10100101
01010101
1001000010
0101001010
10101010
00101010
01010101
10010101
10000001010
101001010
01010101
10010101
01001010
10101010
000100100101
10101001
001001010
00101010010
101010011
0001010101
10001010010
1001010010
10101010
1010100110
10010100010
1001000010010
0100101010
10010000
1001010001
100100101
0100101010
10010100100
01101010
0100101010
0010001010
000101010
0001001010
100101010
00101010101
00100101
100001010
1010010010
100101010
10101010
0010101001
101010101
010101010
01010101010
101001010
010101010
0010010100
0101001010
0101010010
01101010
010101010101
1000101001
01010101
010101001
01010101
00101001
010101010
010011010
0100101001
010000101
0010010010
1000101010
100101001
01010101
011001001
101000101
010101001
10010101
0101001010
1010001010
10010101
001010101
010101010
010110100
101001000000
1001001010
010010101
1010101
0100101010
0010101010
0101001010
010101010
010101001
01001001001
1010101
01010101
01010101
1001000101
0101010101
1001001001
010100101
101001
101010010
0010101010
101011
10101001
00101001
10100101
10101010
000101010
1010101010
0101010010
1010101
0101001
010101010
01001010
100100101
01010101
0010101010
100101010
0100101001
01100101
0100110010
010001010
001000101
10101001
01001010
100010010
100001101
101010
01010010
001010010
101010010
10101010
1010101
01010101
010101010
10001010
010100101
101010100
1001001010
1010110
1010100101
010101001
01001010
10101010
101001010
101001010
10101010
100101010
010101010
100010010
0101001010
0010010010
00101001010
1001010
01001010
001010010
100101011001
010010010
01001011
10010101
0101010010
010101010
100010101
0010101
01001001
010101010
1000101010
0100101010
010101010
0101010010
1010010
00010001010
1010101
10010101
10101010
101001010
0100101010
01010010
01001101
0100100101
010100101
1001000001
10100101
01010101
10001001010
1001010100
0101010101
00100010101
00110101010
01010010
01001001010
100101010
0010010101
1010101
00001001001
0100100101
0010100101010
01010010
01001010
0101010010
001010101
1010101
0101001010
1010010010
1010101
01010101
10100101
1010010101
010101010
00101001010
10010100101
1010001
1001001010
01001010
01010101
0010100101
0101001010
10101010
0010101001001
0101010101
00101011
0110101
10101001
01010011
010001010
1010010
010101010
010101010
10101010
01010010
10010101
0101101
0100101010
01010100010
0110101
1010101
01010010
0100010010
1000011010
00101001
10001010101
10100101
010010101
010010101
101001010
1001010010
01010101
10010101
00101010
0001010101
0010101010
1001001010
0010010101
100101001
0010010101
0101001001
10010010010
10100010
1001001010
1000101010
0101001010
001001000010
001001010
10010010010
00100101010
010010010
1010100010
10101010
01010101010
0101100
010100101
1010101
0010010000
101000101
100101010
10010010
101001010
00010101010
0010001010
0010100010
01001010
010110010
010010010
010010010
10001001010
10011010
00101010
110010010
010101010
000100101010
0101010001
100100101
0101001010
100100010
00101010001
010100101
000110010
01010010
100010110
0101001010
1010101
01010010101
0101001010
101001010
00100100110
01001010
0010101
01010101
1000101010
001001010
0010101010
1000010010
0010101001
1010101
10101010101
010100101
01010101010
1000101010
010010011
100100101
00101101
101001010
01001001010
01010010
010101010
10101010
10101010
100011010
010001010
010101010
10001001010
101001010
101001010
010101010
10101010
01011010
0001010010
010010010
1001010010
00010010010
10101010
10101010
1000010101
10100101
10001001010
0101010010
1010101
010010101
1010101
01010101
010101010
010101010
0100100100100
010110100
1010101
01010001
0101010010
0001010010
001000101
010100101
01100101
1001010
010101010
0101001010
0100101010
010100101
10110010
01010010010
10101010
00101010010
010101001010
010101010
1001010010
1001000010
0100100101010
10010010010
10010101
0101010100
0010101
01010101
10101010
10101010
01010010
010101010
010010001010
10101010
0010001010
1010010010
0101010101
01010101
010101010
100101010
1001000010
01010010
010101010
010101010
00010001010
1001001010
0010101010
0010001010
100000010
00101010
101001010
101001010
10100101
0000100101
0101101
100100101
10100110
1001001010
10001001010
10101010
00010100010
1001010010
010101001
10101001
01000101
001010011
0101001010
0110101010
0101001
0010101001
1010101
01010101
10010101
1010101
10100101
0010010101
0101001010
1000001010
101010001010
01010010010
0101010101
1010101
0010010010
010101010
0101001001
10100101
010101010
010101010
001010010101
1000101001
10010101010
0101001010
1010101
000101001
010010101
010001010
1001101
001010010
100010010
00101010
010100101
010100101
010101010
10001010010
01010100101
1010001001
1010101
010101001
101001010
00101010
01010101
010010101
0101001010
01001010
101000101
011010101
01010010
01010010
1010010010
001001010
01010101
10100101
0101001010
0010101010
01010101
00100101
010010101
00100101
010010101
0100101001
001010001
0100101
010101001010
0010101010
1001001001
0010100101
10001010010
10101010
01010010
010101010
0101010010
010010010
100010010
1001001010
010101010
10101010
010100110
0100001010
0001010101
010100101
010010101
010010101
00100101
10100101
0010101010
100101010
1010101
001010101
010101001
010100101
0100010010
10101010
01001010
010101010
10100101010
01010010
001001001010
0010000010010
1001001
01000101
10101001
01010101
1010101
1010101
01001001
1010101
001001010
01001001010
010101010
0100101010
00101010
101010010
010101010
10100110
010100101
01010011
10010101
100101001
1001010010
010100010
0101010
0010101010
010010010
0101010010
01010101
01010101
00101010100
10010101
1001010010
100101010
0101010101
00100101
001010010001
010101001
001001010
0101010
0101010
010010010
010101010
010101010
100010101
00010100101
011001001010
01010010010
001101001
1000101
101010010
00101001010
0010010001010
100101010
001001010
1001010010
1001010010
00100010100010
100101010
1001001010
00101001010
0010101010
10010010010
1001001010
001010101
0101000101
00001000100
10100101
10000101010
1001010010
100101001
010100010
010100101
101001001
0101001010
010101010
10010011
10000101010
100010010010
100101010
010101001
01010101
0101001010
10010001010
001001001
10010101
01001010010
0101001010
010101000010
001010010110
0010010010
0101010010
101001010
010101010
100101001
01010101
010101001
100010101
00110101
001010101
10101010010101
10010101
01010101
01010101
0010101001
10010101
00001001010
10101010
011010101
00100101001
01001001010
1001010010
010010010
01010010
010101010
10101010
0101010010
10101010
01001
0110101
00101010
001010010
01001101
010100101
0010101
1010101
00001010101
0101000101
10010010010
100101010
1001001010
1001010010
001010110
001000010
101010010
00100101010
010101010
0101010010
0010101010
010100100
1010010
01010101010
010101010
0101010
01100101
10010101
0101010101
0010101010
10010101
010101
0010101010
010101010
001000010101
001010101
000101010
100101010
0101010010
01010010
00101001010
0010110010
100010101
01010010001
101001
10101001
100010100010
010010110
00100101010
001001010
001001101
0100101001
010001010
010010010
10101001
100010101
011010010
10101010
0010101010
101010010
10100101
10010101
01010101
1010101
1010101
10100101
01001010
101010010
101001010
00010010010
10101010
0101001010
01010101
01010101
0101001010
01001010
01001101
01001001010
1010101001
1001001001
010001010101
01000001001
01010101
01010101
0001001010
01010101010
100110010
0101010010
001001010101
01010010
10100101
0010101010
010101001
1010101
0101001010010
01010010
0101010
001010010
0100101
0110101
000100101
1010101
10010001010
0101010
1010101
010100101
010101010
101001010
0101001
10101001
010010101
0010101
1001001010
1010000010
0101001010
010010101
01010101
01101001
010010101
01010010101
100100010010
00101010
1001001
01010101
01010101
10101001
0010101010
101010010
01010101
01010101
100101001
0010101
010100101
1010010101
01010101
1010101
10001010010
01010101010
010010101
010101001001
100101010
0100001010
1010101010
010101010
0101001010
010001010
01001101
0101010101
0100101100
0100101010
1010001001
00100101
00101001010
0010101010
0101010010
01001001010
101000010
01001001010
010101010
10101010
001001010
100101010
000101010
0100100110
01001010
010011010
00010010010
0010010010
010101010
01010101010
1001001001
0101010
0110101010
010101010
010101010
01001001001010
01010101
01010101
001010100010
10101010
010101010
00101010
10101010
010010010
01010101010
1010101010
1010101
001001001
0001001010
10101010
010101010
00101010010
001011001
101011010
101010010
1001001010
01010110
01001010
10101010
1010101
101010010
10100101
10001010010
101010010
01010101
01010101
01010101
1100101
010010010
01001010
0101010010
01010010
001010010
00101010
010101001
0100101
101001011
10001010
0101010
00010001010
000010101
1010101
10100100101
10001001
010101001
010010101
1010101
10101001
00100101010
00100101010
100101000101
001010101
10100100101
100010101
1010101
00100101
1010010101
1010001001
101010010
10101010
10100101
010101001
10100010010
1001101010
100101001
01001101
100001001010
0100010010
0100100101
001001001
1010010010
0101010010
10010101
100010101
01010101
01010101
1010010101
1010000101
00101010
010101010
10100010
10100101
10100010101
010100101
00100101010
0010101010
010101010
0101001010
10100101
010010101
100010010
1000101010
0100101
1001101
1010011000101
1001100100
010101010
000110010
010100101
100101
1010010
10101010
1001010
101001010
001001010010
0000100010
00101001010
10101010
01010010010
10101010
010001001
1100101
0101010010
01010010
100100101
0100100101
100010010
10101010
1011001
100100101
101010010
101010010
010101001
0010101010
0101010
10101010
010101010
0101001
100101010
0010010010
010010100
101001010
0100100101
1010101
101001010
10100100
010101
10010101
0110101
10100101
10100101
1010101
0101010
01001010
010010101
010101
10101010
101010
0010101
1010110
0010101010
01001010010
1011010010
1001001010
1001010
101001010
00101010
010101010
0100100101
1001001
001010101
100001001
10100100
01010110
01010101
10010011
100101110
0100101010
01001010
0101001010
1011010
10100101
101010
10101010
0101001010
10101010
001001001
1010101
100101001
00101001
100101010
001001010
101010010
010101010
100101010
101001010
0010110010
010100101
010100101
100101
00101010
101001010
10100101
01010101
01001001
00101001010
1010001010
010101010
100101010
0100101010
10101010
10010101
01010010
1010000101
10100101
100101010
01010010010
0100101010
101001010
001010010
10101010
01010101
0100100101
1000101010
0101010
10101010
10101010
010101
001010101
0010101010
10101010
010100001
10100101
101010
001001010
001010101
01101001
01010101
0100100101
10101001
101001010
01010010
101010010
101010010
01001010
010110101
001101010
101010010010
010101010
0101001010
00100101
001010100
0101000010
000011010010
1001010010
10101110
100101001010
0001001010
1001001010
01010010
01010101
1010100101
010101010
01001101
010101010
101001010
10011010
010101010
101001010
10000101010
10101010
100101010
0101010010
10101010
