010101010
0101010
0101010
1010010010
0101010
01010010
01010101
01010101
10101010
010101010
1001001010
010101010
10101010
10101010
100010010
1010101
010101010
00101010
011000101
01010101
100101010
010101010
1010101
10010101
0101010
010010010
01010101
010101
1000101001010
010101010
01001010
10010010
1010101
10101001
10100010
001001010
0010001010
00100010
1001001010
100101010
100101
0101001
1000100010
001001010
1001001010
0100101010
1000101010
01001010
0101010
010000100
10101010
010101010
010101
100010101
001010101
100101001
010101010
100100101010
1000101010
10101010
1010101
0010101
1001000101
01010100
100101
10010001
10001001010
10100100
100101010
0100101010
10010100
10101010
1000101
1010101
100101010
101010010
0001001010
01010010
1001001010
010100010
1010101
01010101
001001010
100101010
1001000101
100010101
010010101
01010101
1010101
10000100101
100101
0100101
0101010
10101010
1010101010
1001000010
1010101
0100101001
01010011
1001001001
010101010
01001010
1010010
010101010
101001
100010101
10101010
001001010
1001001010
010010101
010100101
010101
1010010
10101010
10010001010
10101010
1000101
1010101
1000101010
001001010
1001000010
10101010
01010101
010001001
100101010
1010010
01010010
101001010
01010101
1010101
100100101
10010101
10101010
10001010
0101010
1001000010
010101
1010101
00100001010
10101010
001001010
010101010
01010101
010101
10101010
00101010
01010101
1010101
