010110
10101001
1010001
00101010
1001010
01010010
10101010
101010010
10101010
0100101010
011010100
10101010
00101010
101010010
100101001
0100100101
010110
1000100101
101010010
1001010010
10101010
010101010
010101
01010101
1010101
0101101
1000101
01010101
0101001010
0101010
010101010
10010010
011010
10010010
0101001010
000101010
0101001
1010101
0010101010
10101010
00101010
100110010
010101
0010101
10111
011001
10101010
1010101
01010101
100101
010101
101001
0101001010
10001010010
001010010
01101010
0001010010
10010010001
010101
010100101
010101010
100100101010
10101001
1010101
1010010
01010010
00100101
0101001
00101001
01001001
010101010
011001010
010101001
10010101
100101010
10011010
0010010010
010101010
0101010101
10000101
10100110
101010
101010101
1010101
01010101
0100101
00101010101010
1010100010
101001010
100100110
101001010
101010010
0100100101
10101010
010101010
001001010010
100101010
001010010
01010101
10010101
01010101
1000110101
00101010
00101010
011010010
10010010
01010101
0101001
0010101001
1010101
010010101
0100101
1001010
001101010
100101010
01010010
010101
10100001010
1010011
010100101
0010100101
101001010
01011010
0101010001010
0110101
100100100
1001010
001001010
0101010
0101010010
01011010
0010101010
1001010
01010101
010101
1001010100101
100101010
01001010
10010
1010100
01010010
0010100110
0101011
010101
01010101010
1001101010
101001010
1001010010
10010010010
0101001
1010101010
00101010
0101001010
10101010
010010010
001001010
10101010
010010101
100101010
000101010010
1010101
001101
010101
01010101
0011001010
0100101010
0010010
101001010
010101
10100101
100100101
10101
010101
0101011
1010010101
10100101
0101001
101100101
10101010
01011010
1001010010
10101010
100101010
011010010
101010
010101010
1010101
10100101
1010101
0010101010
0010101010
101010
01011010
10101010
1001000101
010100101
00010001010
011010010
10101010
0101010
010101010
10001010
0010101010
010101010
0101001010
101010101010
1010101
100101
0101010010010
010101010010
101001
01010101
1010101
10101010
0100010
010101
0101010
00101001010
10101010
00100101010
010101010
1010001010
0101010
1010010010
000101010010
1001001010
1011001
010101010
0101010
0101010010
101011
101001101
010101010
1010011
010100101
10010101
10100101
10101001
01001010
100101010
10101101
10010101
10101010
10101010
00101010
00101010
0101010
1010101010
10101010
010101010010
0101010
000010101
01011010010
0100101010
1010101
010100101
10010001010
0101010
01010101
1010101
10100010010
1010100010
110010
01010101
101010
0101001010
101010010
01010010010
1001001
01010101
010101010
0010110
011001010
101010100
10100101
001010101
0101010
01011
1010010101
1010100010
10101010
10010001010
010010101
1001010
01100101
010101
10101010
100101010
1010101
010100101
010101010
010101010
0101001
01010101011
010110
010101
1010101
010101
01010001
100100010
0101010
10110001010
00101010101
001010101
10010101
01010101
10010101
100100101
011001010
010101010
10101010
10101010
0101010
0010101000
100001010
10010101
01010010
01010101010
001010
010101010
1001010010
000101010
0010010101
010101
00101010
0101000010
10101010
10001010010
0010011
010101
10001010
011010010
10001010
00101010
101001
1010101
0101010
011010010
001000101010
000101010
1001001
010100101
10001010
101001010
011001
0100101
00101010
01001010
1001010010
1000101010
001001010
10001010
0011010
10000101010
01001010
10001010
010010101
1010010
001010101
10101001
1010001010
01011010
010101010
10011001010
10010101
01010101
001010
0101010
10100101010
10101010
00101010
101001010
100001001
10100101
001010010
1000110010
010101
101001001
0001001
0010101
10101010
10101010
01010101010
0011001010
0101010
010010010
0101001
10010010011
101001010
10101010
00100101
100101
101010
10100010
0101001
001010101
001010101
001001001
010110
01010101
101001010
1001000100101
101010010
0101010
0110101
101001
00101010
1010101
0101101
100010101
0101001
010101
0100101010
101010101010
10101010
01010010
010101010
0010101010
100101
0101001
100010101010
1000100110
000101010010
010101010
01010101
1010101
1010101
10101010010
1001010001010
10101010
1010101010
00100101
1001010
100101010
010010010
1010001010
0101010010
10101010
