10010001010
000110010
100010101
00100101
01101010
01010010
10100101
1010101
0010010010
010010010
010101010
10101010
010010101
00101010101
01010110
00101010
0010101
01010010000
0100101010
010100010
101010101
100100101
0101010
10101010
100101010
0010100010
01010101
00100101
01010101
01010101
1001000001
1010101
10010101
10100101
01010101
1010101
010010010
1001010
001010010
100101010
010101
1010101
0010101010
0100101010
1001010000
01001010
01010101
100010101
0101010
010101010
0101011
1010101
10010010
10101010
0010100010010
101001010
0010100010
0010100010
01010101010
010011010
1010101
101001001
0100101
0010101
1001010010
101010010
10010001010
00100100010
010101010
010101010
0110101
010000101
1010101
10100101
011000101
100100101
101000
1010101
1010101
01010110
000101001010
01010010
010010101
001010101
0100101
0110101
010101010
00101001
010101010
00101010010
1001001
0101001
1010101
0110101
10101101
010100101
00100101
001011001
10100101
00100100001
100101010
010101010
1010100101001
0010101001
1001001010
001010010
1001010010
10101010
01001010
0010001010
100101
1010101
01010101
010100101
0101010
01010101
01010101
0101001
0100101
10100101
0101001010
1000101010
1001010000
001100010
1010101
0101101
10101010
01010010
010101001
010010101
1010101
100100101
100101
0110101
010100101
100010101
01010101
10001010101
001010001
101010001
01001010010
0101001010
010101010
1001001010
101010010
0101001010
1001000101
00101101
010101010
10101010
01010101
100010101
00101001
01011001
0010110
10001010
10101010
10101010
010101010
0100100010010
010110010
100101010
001010101
010100101
1010101
1010101
10010101
0100101001
1001010010
010101010
01010101
000100101
010101010
010101010
0101010
001010010
001001001
01010101
10110100
100101
100001
01010101
01010101
01010101
101001
1010101
0101010
10101010
010101
0110101
1001010100
1001010010
100101010
0010010010
010010010
000010110
1001010010
100100101010
1001010
100100101
01001010
01010010
101001001
00010
100101001010
0101001010
000101010
00100101010
011010010
00101010
100100101
01010101
010110010
1010010010
01010101
010010101
0101010
01010010
01010101
10010101
100101010
0010110010
1010101001
00010101
001010010
1010010
0010001010
1001010010
0010101
001010101
001010101
100100101
10100101
0010010
101001010
10101010
1010010
0010101010
10101010
00101010
10101010
10101010
01010010
01010010
10011010
01010010
10100100010
01010101010
100101010
0101010
010101010
010101010
10010101
1010101
100010010
10101010
100101001001
100011010
101001010
00100101010
0101001
000101001
10100101
10010101
101011001
01010101
010101010
0101001010
10101010
10010101
0100100101
100100001
00101010
001001010
100101010
0101001010
00100101
0101010101
100101
001010101
100101010
10101010
001010101
00101001
010101010
010101010
01010101
0100101
01010001010
010101010
1000101
011000101
1001010010
000001010
010010101
001010101
01010
1001001001
010101010
010101010
101001001
01011101
10101001
100000101
100101010
10101010
001101010
01011010
01011001
101010100
0101010
1010010
0100101010
0101001010
0101001010
0101001010
001010010
0101010
1001010010
00010001010
1001010010
0101010
1010010001
010101
1001010101
10101001
0000100101
01010001
01011001
01010101
1010100000
0100101
10101010
10100101010
001010010
00101010
10101010
0101010
10000101
01010101
00100101010
1010001010
01001010
010101010
10101010
0000101010
01001010010
01010010
01010100
10101001
0010101
1001001
100010101
01010101
10101010
10010101010
0010001
10010101
001010010
100101010
10010101
01010010101
010101010
0101001010
001001010
1010100010
10010010
010101010
1000100100
001001101
100101001
01010101
10100101
0100101
1001010101
100100101
0101010
1010010
0010000101
1000101
1011010
10010
0101010
0101010
1010101
010010101
010101010
10101010
1000101010010
1010101010
00010010100
10010101
01010010
01101010
000101010
010101010
10010001010
10010010
0100101010
001010010
1001000001010
010101010
010101
10101001
0010101001
100100001
01011010
101010010
100101001
1010101
10100010010
01001001010
100101
01010101
01001010
1001010010
1100101
01010101
0101010
00101010
10100101
10101001
0101010
01001010
0011010
0100101
0100010101
0101010001
001010010
00101010
10100101
1010101
010101
010010101
1010101
0101101
1010101010
0100101010
1010101
010101
0100101
1010110
1010010
0101001010
1001010
000101010
0101010
0010100010
0101010
10101010
100011001
1010101
00100010010
01001010
10010010010
0010010010
01010101
101010101
101001
1010101
010100101
01010101
10001001
01010101
101001010
010101010
0101010010
0100101010
