10001001010
010101010
10001001010
010010101
10100101
1010101
01010110
0110101
01010101
010010010
0010100010
1001010
1001010010
00101010
100101010
0010101
10101001
0101010010
100101010
10100010101
00101011010
001010101
0110101
0101010010
0101010010
100010010
0101001010
10010101
0100100101
10101011
0101010001
0101010010
10101010
10100101
010101001
01010101
10010101
010010101
00101001
0001010001010
1001010100
0100101010
01011010
01010101
0110101
1010010101
001010010
0010101
010100101
010101001
0010101
001010010
001010010
10101001
10101001
10000101010
01010101010
10110010
101001001010
1000101001
010111010
010010010
010101001
010101001
1000101001
0010010010
001010010
1001001001
00101010
1010101
0100101010
0101010010
10100101010
010100101
0101010010
0101010010
001011001
10101001
1000100100
1000100101
100000101
0110101
00101010
0101001010
001001010
01010
1000001010
00101010
0101001010
01010110
01101001
00101010
101010010
100100100
0101010010
010101010
001010010
011001010
01010101010
00101001
00010101
00101010
1011010
0101010100
010100101
01010101
0100100010001
010011010
0101001010
010101010
01001001010
100101001
0010010101
0010100010
010101010
0101010010
010010010010
10001010000
100100101010
001010101000
01000001001
100010101
01010101
100010101
10010101
01001000101
1000100101
010010101
0100100101
0101001010
001001010
101010010
010010010010
010100010
010110010
0101001010
1001001010
0100101010
0100100100010
0101010010
0100101001
01010101001
00101010010
1010101
0101010101
00101001
01000101
1010101
100100101
10101001
10011001010
101010010
010010010
01010010
0010101010
001100110
0101010010
01010101
01010101
00010100010
010101010
100101001
0100101
00100101
01010101
0101010000
01001001100
100010010
01010010101
101011001
0010010101
010101010
010101010
01010101
010010101
01010101
010010101
100010101
10100101
1010101
01010101
011001001
0100010101
10101001010
010010100010
011001010
1010000110
001001010
0010101
010010101
01010101
01010101
01001001
010100001
010010001
0100100101
1010101
01001010
0101010010
00010101010
101001010
1001001001
100101001
010101010
10101010
10000100010010
01010010010
01010010
01010101
101010001
01010101
01010101
0101010101
1000100101
0100100101
010101010
101001000
010100110
010010100
10010100
0100100101
010101001
01010010010
0101010010
0100010010
011010010
010101010
10010101
0001010101
0010100101
1010101
10001001
010100101
01011010
0101001010
0101010
10100101
1010101
00001000010
10101001
010101010
1001010010
010101001
10100101
001010101
01001001001
01100101010
01000101010
100001010
0101010010
001010101
10100101
011010101
01010001010
100100101
10010101
10001001010
010010010
01011010
010100110
10001000010
010101010
10100101
0010101
101001010
001101010
010101010
011010010
1010101
100101001
0101010010
001001010
0000100101
0101000101
010101000
010101001
1000100101
100100101
000001010100
10100100010
10010101010
001001010
010001001
101010001
00101001
1001001
101001010
001010010
01010101
0100010001
1000101001
10010101010
01010101
010101001
100101001
010100101
010101001
010100101
010101000100
0101110100
01010101
10010101
1000101010
01010100010
1010101
010010101
01010101
10010101
00100110
1000101010
00101010
010101010
0010101
1000101
000101010
010101010
010010101
010100101
00100100010
0001001010
011001010
10101010
100101001
0101010
00101010
010101010
0101001010
0101001001
10010101
100010001010
00011001010
10100010
10101010
0101010101010
101010101010
010101010
01001010
01010010
100101010
010101010
0010110
00110010010
01010101
010101001
00101001
10010100101
001010100010
0101010010
10101010
01001010
010101011
01010100
010101010
010010000010
0101010
01001010
1001010
01101010
0010100101
100010101
010101010101
1001010101010
100101010
010001010010
01010101
01010101
100010010
100101001
1010011001
010111
1000101001
011010101
0101010
1010001010010
11010010
0100101010
1010110
010101000001
010100101
01010101
10100101
010100101
011001010
01001010
010010101
0100101001
001010100
0011010
01111101
010010101
0101010010
01010110010
0100101001
0111010010
10101010
0110010010
010100101
0010010
0101001101
0010101
0010001010
001010010
10100101
01101001
01010101
0101010
101001001
10101010
001010101010101
01010100
010100101
010010101
01010101
00101010
0000001010
010100010
010101010
01001011
001001101
0011000110
10100101
0100101010
100101010
01010101
101010101
010101001
00101001
010101010
01010010100010
010101010
100010010010
0010010010010
0101001010
01010101
1010010
01010100010
1001010010
1010101
1010010010
1010101
100100101
10101001
10001001001
01010101
01010101
0100010101
01010101
10010101
1000100101
010101001
100101001
01010101
010101010
10101010
011001010
01010010
10001010010
10001010
010101001
10101001
010100101
00100101
010101010010
010101010
101010010
010100100110
10001010010
10101010
01010101
010010010100
0100101010
0101001010
100100101
010100110101
01010101
10010010010
1010010010
010101010
01001010010
010100010
0100010010
0001000100010
0001010100
00110101
0100100100010
01010010010
100101010
10010010010
011010010
00000101010
010101010
0101001010
0101010001
001010100
0010101010
010101010
01010111
010101000
010010101
01010010101
00110101
0010101
010101010
00101010
010101010
100101010
001010010
001001010010
100101001010
010010100010
0010101001
010100101
010101010
0101010010
0010010101
010101011
100010001010
101000010
00101010
01001001010
010101010
001001010
01101010
010010001010
01101001
10101001
010101001
01001101
1010101001
01010101
10100010010
01101000010
1010101
0010101
010100100010
010101010
0101001010
0101001010
01011001
1001010010
001010010
1001010010
100101010
0001001010
0100101010
1001001010
01010101
010101010
00101010010
00101010
10010010101
010100011
01001001010
10000100100010
100100101
0010000101
100101001
101001001
010101001
100101001
010010010010
010101010
10001001010
00001001010
001001001
10010001
01010101
0101010101
1001001010
001001001010
010101000010010
01010101010
00100010010
0010010010
100100101
10111010001
10010101
010010101
10101010
1010010010
10100101
10101010
1010001000
10010110
01010001010
0100101010010
010100100
0110101
00100010100
0111010100
000100010010
1000101001010
1010010010
0010100101
0010010010
0000001001010
0001010010010
100101010
0100101010
0011001010
01101010
0100101010
01010101010
100101010
10001010001
10100101
010101010
100101010
0101001010
010101010
0100101001
0101010101
1001011010
0101100101
1000100101010
1000101010
01011001
100100101
0101010010
1001001010
1000100101
01010101
01010101
01000101
1000100101
010010101
01011001010
0110001010010
00110101
10011001
10110010
100001010
01100101
010100101
101000011
01010101
010100001
0010100101
010101001
01010101
0101011010
01000101010
0101011010
0100101010
00101010010
10010100010
010010101
01010101
01010101
10100101
1000010010
1010100101
01001010100
010001001
100010001
0001010101
01010010010
010010101010
100010101010
101010010
10001001010
0010101010
0100101010
0010110010
010101010
00100101010
0101011
101010101
010101010
0101010010
01010101001
00110101
0100001010
0101011010
0001010101
01110111
100101010
01010101
011010101
001000101001
10101010
0101001010
0101010101
101010110
010101010
1000101010
001010010
10100100010
10101010
0110010010
010100001010
10101010
01010010010
01010100010
01001010101
10101011
10001001
0101000101
10101000
101010101
10100101
01000101
1010001
1010101
10100101
10100011
011010011
010100101
100101010
0010101010
0101010010
0010010010
1001001010
01010010010
001000101
01001011
010100101
1010101
01010100100
0101001010
0101000101
01010101
010101010
0101001100
0101101001
1001001100
1010101
1001010001
0010110010
10101010
1010101
0100100101
10000101001
010100101
001010010101
010101001
010101010
0100101010
01001001010
011010010
010100101
0101100101
101001001
00001010011
01001010
00010101010
010101001
010101001
010100101
00110101
01010101
00101100101
010110010
0101001010
0100101001
00100101
010101010
1010001001010
00001010010
0101010010
01011010001
0101001010
0101001001
01011001
1000010101
0011001010
010101010
100101001
10101010
0101001010
0101010101010
0010010100010
0101010010
1010101
1010101
0010101
010010101
00100101001
010101001
01001010010
001010010
1010101
01010101
010100101
010010101
010101001
01010101
010010101
01010101001
00100101001
1001001
001101010
010101010
000101010
101001010
010010001
01010101
00010101
0010101
010101010
101001010
0100100101
10100101
100110101
01010101
0100001010
000101010
1010101
01010011
010101001
01010101
00100101010
1000010010010
1000010010010
100110010
100001001
010100101010
10001001001
01011001
1000101001
010101001
0101001010
010101010
10000100010010
000010110
00101010
0010100101
0010010010
0100010
01001101
010101101
1010010
100101010
01010101
100100101
01011010
0010011
101011
100100101
0010101
000100001
01010101
01010101
100101001
01010101
101001
0110101
01100101
0101010
010101010
0101001010
1010101010
00100101010
100101010
111001010
010101001
1000100101
10001011
1000100101
01010001001
0101010010
01010010000
0101010010
010101010
001010010
01100101
10010101
10010010010
00101001010
0010010010
010100110
001010101
10101001
0101100101
1100101
010101001
010101010
001010010010
01010101010
110101010
1010001010
10010101
101010
0010001001010
010011010
010101010
00101010
010100101
010100101
10101010
010100101
0010101
01011001
101001010
010101010
01010010010
010101010
1001001010
10100101010
100101010
0101001010
00101001
010101010
01010101
0101001
0101000010
001011010
00101010
010010010010
1011101
001010101
1010010010
0101010010
001101010
1010101
0101001010
10101010
0100101001
1010101
10100010010
01001001010
010101010
10010101
0100100101
0010101001
0101011001
0101010001
0100101010
100010010010
0110101001
01010011
0010001010
10101010
010100101
010101001
010101001
01001001010
10011010
00010100010
010100010
01101010010
01010101
0100100101
01010101
0101010101
001001001
10101010
0101001001
0101010010
0101001010
0010101
0100100101
0100101000
1010101
00101001
00101101
01010101
0101001
01000101010
0101001010
0010001010
001001001010
0101010101
0101001001
01010101
010101101
001101010
0101001010
00101010
0010101001
100011010
10001000010
1010101
010100101
10100101
100100101
0101010101
011000101
01001101
10100101
001010101
1001000101
0100101010
1001010010
010010101
010010101
1000101010
10010101
01010101
001101001
10001010
00101001010
1001001010
10100010010
001010101
010100101
1001010010
1010010010
10001010010
010101010
10100101
01010101
01010100
1010101
100010101
0101010101
01010101
010100101
010010101
01010101
010101001
0010100001
010101010
000100010010
100010101
010101001
01010101
010101001
10101010
0101001010
010100101
10001010101
10100101
0010000101
001001000001
00100101
01101010
00010101000
01001001010
0000101010
01010101
0100101010
010100101010
1101010010
0100101010
0100101010
01010010
1010101000
001010101
01010101
0101001
00101001001
0101100101
0101010100
001001010
01010100101
100101010
001010010
01010010010
1001010010
01001001001
10010101
1000101010
01001000100
0100101001
010100101
01010101
010100101
010010101
010100101
00100101
1000101001
010101001
000101001
0101010010
1000101010
10101010
100010001010
1001001010
0101010
0101010010
100101010
0101010010
0101001010
01010101
010100101
101010010
0101010010
0100101010
101001010
01000110
010101010
100100101
01010101
100100101
100010101
010010101
1010101
101000100
0110101
100101011
1010101
10001010010
010101010
001101001
00101001
10101001
10101101
010100101
0100100101
10100100010
100101010
001010010
01001001010
01010101
010100010
00101010
0000100101010
001001010
010010100010
0010010101
10101000
100010001
010101101
01010101
1100100001
1001010101
010101001
001001010010
00101010
01010010010
01001101010
10010110010
101001010
0001010010
01010010010
01010011010
101010010
01010010010010
010010010010
010010101
010011001
0010101
01010101
100100001
010100101
10001000101
1000100101
010101001
0100001001
0110010010
010101010
01000010001
00010010100
100101010
010101010
00001101
010101001
0100101010
0101001010
0101010010
010101010
010101010
10101010
1011101
10001001
00101010
0100101010
01010101
010100101
010101010
10101010
1010101
1010101
010101010
10101010
00101010
010100111
001001010
0101010010
01010101
10100101
10100101
1010101010
010010101
10100101
10010010010
0001000010
0101001010
100001010
0101001010
00100101010
10100101
010010110
100101010
00101010
10101010
00101010
0100001010
100101001010
01001010010
0101001010
010101010
100010101
010101010
1001001010
010101000
001101001
010101010
100110010
10101100
010101010
01010101
01010101
1001001010
01010101000
010110010
101001010
1000010010
0101010010
010100101
010100101
00001011001
0010101
01010100
010100101
1010010101
010101001
00101001010
0110101010
01010110010
1010001010
0100101001
010100101
011011010
1010101010
01010101
001010101
010010101
10100101
01010101
10101000101
10001001010
001010010
01001001001
0100100010100
01010101
010101001
1001010010
10100101
1000100101
01010101
010101010
10100010
01001001010
100001010
010101001
010010101
101010101
01010101
101001001
100101001
01101010
010101010
00101010
001101010
010100101
10001001010
011100101
01100001
010101001
010010101
01010101
001101010
01010101
01001010101
1001010100
1000101001
101010010
0100101010010
001001010
010001010
010001010010
010101010
1010001010
01010010110
1010010101
0101000101
01010101
001101001
101001010
01000101010
101001010
1010010010
00101010010
00101010
0100101010
0101001010
011010101
100101
0010110010100
101001010
0101000100
10100100
10000010101
01010101
1010100010
011001010
010101010
10101010
1010101
00100101
10010101010
100100010
010101001
10100101
0100101000
0101001010
10010101
001010101
001001010
010101100
100101010
0100101001
010101010
0101010010
10000101010
0010010010
010010100010
011001010
0010101001
00100101
10010101
10001001001
001101010
0100001010
10001010010
010010000010
0010101
01010101
00101010
011010010
10010101
01010101
1000101001
010101001
0101010010
1000110101
01010101
0010101001
0101001010
010101010
1010011
01010101
100100101
01010101
01010101
0001010101
01001010101
010101001
0101100101010
0101010010
0100100010010
10000101010
010011001010
101010010
10011010
10000100010010
010101010
010100101
001010001
01001101
0010011
1010101
010010101
0100100101
1010001010
000101010010
0100101010
101001010
100101010
10010010
01010100
010100101
1010101001
0010100001
10101010
100000100010
0100101001
10010101
10101010
101001010
010010101
0101001001
1001010010
01001010010
0010100101
0010101010
001000001010
0101010100
10100101
010100101
10101001
100101101
0110010010
01001001010
0101010001
10101000
1000100100
1000010001
100010100
010010010100
010011010
01001010010
010100101
0001001001
01101010
01010110010
01010100010
01001000010
00101010
0101001010
10010110
01000101001
00101011000
1010101
010010101
10001001001
010101001
01001011
010101001
0110101
010101010
0100101010
001100101010
010110010
00010100101
0101001001
010101001
010010101
0101001001
010000101
01010101
0101101001
0010010001
01010101
001101001
00101001
01010010010
010101010
100101001
01010101
001010010
010100101010
0110101010
0101010010
010100101
010101001
0101001010
1001000010
10100101
1001010010
101010010
010010101010
010101010
01001010110
0100101010
0100100110
010010010010
0101001010
01010010100
00010010010
010101010
0101001010
100101001010
10101001
001001000101
00110101
10010101
011111001
010101010
010100100010
010101001
1010101
0110101
00110101
0100101010
0101010010
00010100010
01001001010
00101001
1010101
10010010010
0101010010
1000000101
010110101
100100110
0011001001
100010101
101010101
01010101
000100101
0100101001010
101001
101001010
100100101
010101010
0100101
01010111
10100100
10101010
10001001010
10100101
01010101
000101010
1000101010
01001010
10010101
101010001
0101001001
0100101010
010100100010
010101010
01001010
000011001
01010101
11100101
01010101
01001001010
0000101001
0101010101
100100101
01010111
100010010
010010110
010010101
10101010
010101010
001001010
0101001001
10100101010
0100101010
010100110010
00100110
10111001
1001010101
0101010010
10000101010
010101010
100101010
0101010010
0101001010
1001001011
1010110
10110010
001010010
01010101
10001010001
00101000010
001101010
1000101010
0010101010
10101010
0101010010
0101010010
010101010
01010100
01010101
1001001010
010101010
101001001
00110101
1001010101
01001101
0100010101
001101001
0011001010
101001010
100100101
01010101
01010101
01001101
01010100
010101010
010100101
001001010
10100101
000110101
010101101
100100101
100100101
0100100101
010101010
00010010010
100001001
010100101
010010101
100100101
001001001
101001001
01101010
00100101010
0100101010
10101010
1010101
1001010101
0100100110
1000010101010
0101001010
10010010010
10110001010
0101010010
100010101
01010101
010101010
01001101
100100010010
100010101010
010100101
0100100101
01010101
01010101
0101101
100010101
00101010
0110010010
01100101
0101001010
10100101
1010101010
100010010
1001101
100010010010
00010101010
1010110010
00100101010
10100010010
01001001010
1010001010
010100101
100101001010
00100101010
00100101
1010101
01010100010
1001101010
00101101
1000101101
01011001
0101010101
001010001
1010101
01010010010
00100101010
100101010
1010101
01010101
0100010101
100101001
001011010
010010010
100100010
01001001
01001001001
010100101010
01001010
10010100100
1001010100
001001010
00101010
00001010
10001010
10101001
0101010100
1000011010
0100101010
01001010
10100101
1010101001
0010101
001001010
01010010010
0100011
010010101
0101001010
010101010
01010101
100010101
0101001010
01010101010
010010101
010100101
101010110
1000001010
1010101
10100101
001000101010
0100001010
01010101
01001001001
01001001001
0101001001
010101010
01010101010
10100101
0100101001
01000101001
01010101
0101001010
100010010010
0010101
01010101
1000101010
01010101010
1010101
1010101
0101001010
10000101010
100001010
10001001010
01011010
0100101010
01001001010
010101010
0101001001
0010101
001010101
00100101
0101001001
00101101
01010101
01010011
10100101
0101001010
010011110
01010101
001111010
0100011010
01010110
0101010010001
010010101
10010101
00101001
01010101
100101001
010100101
010100101
100001001
1010101
01010010001
0001010101
010101010010
0101010010
10100110
010101010
010100110
10100101
101010100
00110010100
0001011010
0101001010
10100101
1010101
0101001001
100010100
1100010
010110101
01010101
010100101
01010101
1010110
010100101
01010101
10110110
001010101
01011011
010101010
10101000010
00010101010
01010101
0101000101
00101001
01010101
1001001001
1001001000
1000100101
00100101010
010010100
1010001010
10100101
100010101
010100101
01010101
1010010010
10101010
01010110
10010101
01010101
100100101
1010101
101001010
10010101
010100101
01010101010
10010010010
00110001010
000100101010
00101010
10101010
010101010
00101010
001001010
0001001010
00100101010
01010110
00100000100010
0100101010
001001010
0101010010
01010101
010100101
0101010010
1001010010
10100001010
101010010
0101001001
000100101
100100010010
010101010
0101001010
1000100010
0100101001
01010101
010101010
010101010
101010010
001010010
010101010
001001010
0001001001
010101001
01010101
100100101
010101010
0010000101010
0110001010
001001010
01010101
1010101
0101010101
010100101
10010101
01101001
1000100010
1001001010
01010101
01010101
00101101
0101001101
010100101
0101001011
01001001010
010010010
010100101
00101010101
010010101
01010101
0001001101
1010101
0011001010
101001010
1000100101
0101011001
0100001010
0010101010
00100101
01010101
000101001
1001010000
0011001010
100010001
01000101
01001010100
01010101
01010101
10101001
1001001001
100010101
01100101
00101001
10100101
010010101
010101001
10010010010
1000101010
1010100101
1010101001
01001000010
01101010
0010010101
01010101
010101001
0010101
1000101010
0001001010
0101001010
01010010010
01001001
01010101
0101010010
0001010010
100010010
01100101
001010101
0110101
000101010
00101001010
01100101
10101100
0100101010
001010010
010100101
01100101
0110101
01010001001
100101001
010101001
100010101
0100100101
01010011
100010101
101001001
101100101
0101001010
0011001010
101011001
010100101
01010001010
10100100001010
000101010
0100101010
101001010
00101001
100100101
100101010
010101010
010101010
011100101
01010100010
010101010
010101010
00101010
010100101
010100101001
0101010100
010101001
0101010101
0101001001
10101101
010101001
01010101
100100101
010100101
101001001
0101001010
101001010
10001000101
0100101001
010101010
010100100010
100101001
0101001001
0001101001
0100010101
0010101010
01110101010
01001010
010101010
10100011
010010101
0101010010
01010010010
100100101
10000000101
1001010010
10100101010
010001010
01001010010
100101010
0101010010
1010001010
00101001010
0101010100101000
01010100110010
101001001
100010101
0101001010
010101010
010101010
0100101000
01001010
10101010
1010101
10101001
00101000101
0010100101
010100100010
1000101010
1010010110
010101010
010101001
01010111
0100010101
01011001
010100101
010100101
101001010
1000101010
1000101010
010101010
1010101
1001001001
010010101
001001001
010101010
01001010010
1101001010
100101010
010101001
100100101
010101010
0101101010
010100110
1000100001
10010101
010010101
010010101
0010010
01001101
001010101
10101010
0001000110
10101010
010101010
01010001010
0100011010
001010001
1011010
01001001010
1010001010
001010010
1000001010
010100101
01010101
10101010
010101010
010001010
010101010
00101001010
0010100010
010101010
1000101010
010100101
101010101
0101001010
1010101010
010101010
00101001010
10001001010
00010101010
010101
01010101
0101010101
1010101
100010101
0010010101000
010101010
00101010
010101001
010010101
010101001
010100101
01010010010
101010010
101000010
010101010
1001010010
010101010
010100101
1010101
010010101
01010101
0101001010
0010101010
001101001
0100100101
01001010010
010101010
101000101010
00100101
01101010
0101001010
100101001
01010101
100101010
010101010
0101001010
10001010010
00111010
0101010010
10010101
1010101
0011010101
0100101001
010110101
01010110
01010100010
101010010
010101010
001001010
0100100010
010011010
100100101
010010011
0010001001
0100100101
01010101
10100100101
0101001001
01010101
100010101
010010101
01010100010
1001001010
010101010
010101010
0101001010
1001001010
01010101
10010010101
01010110010
010101010
1000101010
0100101010
010010101
10010101
000101010
00101010
1010101010
0010100010
1001001
0010101
10100101
101010010
100010010
01001010010
100010101
01010101
010100110
101001010
10010010
101010101
010010110
010100101
001010001
010101001
0001001001
1000100101
01010111
010110101
010101010
0100101010
01010101010
0100101010
01010101
01010101
1010110
0100101101
011001010
0001010010
010101001
10001010001
1000101010
0101001010
010101010
01010011
0100101
001001001
011001010
010101010
010101001
0101000101
010101010
1000101010
10100101
010010101
0001010101
0100101001
010010101
1001010100
100100101
01010101
1000100101
100010110
10100100
00100100101
001010101
0101001001
01100101
10100101
101010101
0010101
0010010001
010100101
0101001010
001101010
1000010010
100101010
0100100101
010101010
100000101
010100010
10101010
10010011
001010101
01010101
011001
0100101010
10001001010
100100101
1010101
01010010
0101010010
0010101
001001001
100010010
101001010
010101010
010101010
1001001010
010001010
00100101010
010010001010
01010100101
010010010101
0010101
010100101
10101001
1010101
01010101
001010101
00100101
01010101
010101001
1010101
00101010
101001010
01010110
01010101
10100101
10100101
100010101
0100110101
1010101
010101001
11001010
0110110110
100101000
01010101
01001010
00101001010
10100110
01010101
01001010
0010101010
100010101
011001001
00101001010
0101001010
0101001001
01010101
01010101
00101001
010101010
0101010010
10101010
010101010
001001010
01011010
10100101
01010101
0010010101
010010101
010100101
001011010
00101000010
10101010
01010101
01001001001
0110101
1010011
01010101
0101011001
001010100101
01
01010101
010101001
001001010
0101001010
10000101010
0010101010
00101010
1000101010
100101010
0101101010
00101001
100010101
01010101
1000101001
1001000110
01101010
01101010
100101010
001101001
01010101
01010101
010101001
01010100101
0101010101
10001010010
010101010
0101010010
0100100010
01010010010
0100011010
0101011010
10101001
0101010010
10101010
1001010010
100101
011001101
0010101
10101010
01000001101
010100010
010101010
101010010
01001001010
1010010010
10101010
0010010010
0010010010
1000101010
0100101011
01001001010
00010101
01010101
010010101
101001001
1010101
100100101000
01010101
0010101
00101001
00011010
01000101010
010010101
10000100100
0101001010
010101010
10101010
0101001010
01010101
1010101
100100100010
0101001010
010101100
001010010
1010101
00010101
010100110
01100101010
0101001010
0010101010
10010010
010101010
010101010
1101010
01100101
00101001
010101001
01010101
0101001010
10001010010
0101001010
10001001010
10001010010
0101001010
00100001010
01010010010
00101010
10010010010
010101001
00100100101
1010001010
00101010
0101001010
01010101010
0100101000
010100101
0101001010
0000101010
1001001010
010101010
001001010
1001001010
0100101010
101001010
000101101
1010010101
01001001010
000101000
01010010010
10100010010
0101001010
000001001010
0100101010
0101101010
001101010
01010001
0010101
101000100
010101010
1010001010
010101001
10100101
01010101
0000101
01010101
0100101001
001010101
001101001
0100100101
010100101
0101001010
10001001010
1000100101
1010101
101001001
010010101
01010001001
0110101
010100101
01010101
01010101
01010101
1000101010
01010010010
010100101
01010101
100101010
01010101
01010101
010101001
0101001010
010101010
101001010
01001000010
000101010
0101001010
010100010
0101001010
00101010
10000101010
0001010010
010010101
01110011
10101010
001001010
010010010100
10001001010
01010101
001001101
0101001010
100010010010
01010101
010010101
00100010000
1010100010
01010101
10101000
0010000110
010101010
1010101
001010101
10010101
01010101
010101001
01010000101
0101001001
00100101
00100101010
010010010010
01010101
010101000
010100101
10100101
1010001101
1011001
01010101
1010101
010100101
0101001011
01001011
01001010010
010101010
100100101
010101001
010010101
101100010101
101001001
101001001
010011010
00100001010
1001001010
01010101010
01010101
0100101
0101010010
010101010
010010101
010100101
0101010010
100101010
100101010
010100101
01001101
010010101
0101010010
010101010
01010101
0010100101
001010010
010010101
101000011
1001010101
0100101001
0110101
10101010
001010010
010010101
10010101
0100101001
001010010
101001010
001001010
010110010
01100101
10101000
01010101
01010101
10001010
0100101010
10001010100
1010101
100010101
0001101
00101010
0010110
10101001
01010101
00101010
10101010
011010101
01010101
001010101
010010101
0101010
0100110101
100101010
10010010
100101010
010010100010
10101010
0010100101
0100101
100101010
0101010010
010100010010
00101010
10101010
010101010
001101010
0101000010
00101010
01010101
1001000101
11010001
100010101
1000101010
101010010
0100101010
10101010
100010010010
011001010
0010101
100010101
1010110
10100101
010101010
01011001010
1010100
010010101
10010101
1000110101
010010101
1000010101
10100101
101100101
10100010
101001010
100101001
100100101
101010101
10101001
01001010010
00101010
0101001
1001010001
101001010
001001010
101000101
0101001001
010100100
010101010
0011101
1010101001
01101001
1010101
01010101
01010101
101001001
1010101
00101010101
0010101001
010101001
10010101001
00001010010
010101010
1010101
1000101001
01010101
00010101
1010101
010010101
100110100
0101001010
010101010
001010101
01101001
1000100101
1010101
010101000
010101010
0100101010
0101001010
0100101010
010101010
001010101
100010101
001001001
0101010010
0101010010
00101101
10100010001010
01001001
10001010010
000101010
010010101010
1000101010
100101010
000010101010
010101010
00101000010
010010111
00011010001
1010101
01010101
1000001010
100101010
10101010
10101010
00101101
010101001
100100110
010100101
00101010
010011010010
01010110
1010101
0101010101
00100101
101001010
010100101
01000100101
01010101
0010010010
1000101010
1001101
01010101
01001001
0010101
1101010000
10001001010
001010101
1010101
01011001
0011010010
010101001
01010101
0101010001
100010101
10101101
1010101
010101010
10101010
0101010010
0101001010
000100101
00101011
01100010
010010101
010100001
0100100101
10100101
011101011
00101101
10000101
010100101
011010101
0100101
10010101
10101010
0100101010
10010101
001000101
010101010
101001010
0010001010
10000101000
01010101010
010101010
010101010
0100101010
010101010
01010101
1010101
1011001
01010101
101000101
1001010111
001001001
1000101001
00010011
1000101010
100101010
001010010
10100101100
010010101000
10001001010
01010101
010101001
0011010
10101000
10101010
01010010010
00101010010
010101010
100110101
01010001
010101001
0101001010
00100101010
10101010
001010010
01010101
01010101
010101010
00010101
0010101010
00010010010
0101101010
1001010101
00100101
10010101
01100101
00101001
01010101
0100010101
01001001010
0010101010
0010010100010
1010101010
00100100101
010100101
001000101
1000111001
010101010
001010001010
010101011001
1010001010
001001010
01001001010
010101010
001010101
0101010010
010100010
100100100
100101101
10101010
0101001010
10010010010
10101010010
01010011
00101010
01010001
01001001
000101010
0010101010
00101010
1000101010
10010101010
01001010010
010101001
01010101
1000101010
0101001010
1000101001
1000100001
01001001010
10001010
010101101
01010101
01010110
10000101001
0101001001
1000101001
00100101
0011010010
0011001010
01010101000
01010101
001100101
10001001
0100101001
011000101
011001001
00100101010
0101001010
100000010010
010101010
010101010
00101010
01000101
100000101
10100101
0010100101
0101000010
10001010100
010101010
001001010
010100101
10010100100
0101010010
10101010
1010100110
00101010
01101001010
01001101
0010100101
1001101010
1001001000
01001001010
010101001
01001001001
0101001010
010100000010
0100101010
010100101
10100000010
001010110
0100101010
01001001010
010101010
0100101001
0010100101
1000001001
000101010
010010010
101010010001
01010011
00001101010
01000001010
010010100
0100100101
100010010010
10010100010
10100101
10000101
100100101
0010101
0100100010
010101010
10001010
0101001010
010110010000
001010010010
010101000
0010101
100010110
01001001010
0110100101
010100100
0100101010
1000100101
0101010010
010100110
1010101
01010001001
01000101010
0010100010
01001000100010
11100101
010010101
0001101010
01010010010
0010010010
00100001010
10100101
10101000
010100101
010100101
0010101010
0101001001010
10001001010
001010010
1001010000001
10000101
00001010010
00101010
00110011
1010101010100
00101010010
010010010
01010101
1000100101
0101001010
0100101010
0100110111
101000101
100101001
001100101
0100101010
01001010010
010001010
010101001010
01010101
0010101
01001010000
001001001010
10100101
1010101
011001010
010101010
010101010
010101010
01010101
010010001
10010001010
0001001010
10101010
001010100
010100101
001010001
001001010110
10101010
0100100101
010010101
01010110
010010101
0101001010
010100010010
010101010100
101010100
01010101
1001000101
10001010
0011010010
100100100
01001001
0101001010
0101001010
01010010010
100101010
01011010
0101001010
1001010001
0110100101
0101010010
10110010
0101010010
01010010
01010101
101001010
0010001010
010100101
101000101
01010101
01010101
0100100101
101001010
0101001010
00101010
001001010
1001010010
01001010010
1000101010
0100101010
010101010
10101010
0101001001
01010101
010101010
01001010
100101010
10010100010
011010010
010101010
10101010
000001010
1010101
01010101
0101001010
101001010
0101001010
010010101
1001010010
101001010
10010001010
10100010110010
001010010010
010101010
1001001010
10100010
1001010010
01010101
1001010001
1010101
0010101
10100001
001100101
001001010
00001010010
01010101010
010010010
1010101
011010101
010101010
00101010
01001001010
1001001010
010101010
0010010010010
101010010101
0101010001
0101001010
100100010
01010110
10010101
00101001
01010101
10010101
10010101
010101010
10010100010
0101010010
00101010
010101010
01010101
1010101
00101001
0010001010
010101010
010101010
10101010
010101010
0101001010
0010101010
001010010
10001010
01001010101
1000101010
101001010
10010101
01010101
01010101
010110101
0101010010
10101010
010010101
100010001
011001010
101001010
0101010010
1001010010
10101010
101001010
101001010
0101001010
010101010
01001110010
101010101
10001000101
10101010
010101010
001010100001
010100101
010100010
010001010
10101001
010100101
1001001001
011001001
100101010
000101010
01010010010
1001001010
001001010010
010101010
101001001
0100100110
010010101
010100101
001001010
100101010
0101010010
010101010
100100101
1001000101
0100100101
010100101
010010010
0101001001
01010101
1010101
01010001010
01010010010
1001001010
01100110
0010101
010101001
01010110
10100101
10101000
0101010110
010101010
10101010
10101001
010010101
100100101
0010101000
010101010
101001010
01010101
011000101
10001010
010001010
1000101010
0101000010
010100101
01010011
0101010010
010101010
10010000
01110110
10101010
01010010010
010101010
1010101010
010101010
101010010
0001001011
001011101
101001001001
00100100101
000101010
010101010
010010101
001010101
001000101
01010100
1000010010
0100010101
000010110
010101010
1010101
011010101
1010101
1010101
010101010
010101010
101010010
00101000010
0100100010
0101001010
010101010
10001010010
010100100
100010101
0100100101
0010100001
0010001010
0101010010
10010101010
010110000
001010100
1010010010
0101010010
101001010
1010100100
0010101010
100101010
0101001010
10001010010
1010101010
00100101
10101001
10101010
1010010010
001001001
01010101
0110110
010101111
01010101
01011
1000101010
010101010
010101010
0101001010
100101010
0100101010
000101010
1000101010
10011001
00101001
10000100101
010010101
01010101
01010101
00001001010
0101010010
0101010010
001001010
010010100
01010101
00100101
1010101
0011101
010100101
100100101
01010101
01101010
10010101
01010011
10101101
100010101
01001001001
10101010
01101010
0101001001
010101010
1010101
01011001
001000101010
010101010
010010101
0100101101
1010101
010101001
1010101
01100100101
10010101
010101001
010110010
01010100010
010101001
1010101
1001010010
010101010
0010101010
100000101010
10010100101
101000101
01011001010
10010001010
010101010
100101010
010101010
01010110010
000010101
0000100001
0000100010
10010010000
0100101010
1010101
010101010010
1001001010
010010101
00110101
0010001001
10001001
100101001
010011001
00100101010
1001001010
010101010
101001001
000101010
001001010
010101010
0101000110
01010101
100100001
00101010
101010010
01010101
100101001
01000101010
100101010
00101010
0010010010
10101010
100101010
010010101010
00100101010
01010101
01010101
01010101
010100101
10010100010
0101010010
010101010
100101010
0010100010
0001001010
0001001010
10001001010
010101010
0100101010
100010001
10100101
010100101
011010101
01010010010
0100101010
100001010010
0101001010
010100101
1010101
010101001010
101001010
01000101
1010101
00100101
0100100101
01010101
010101001
00110010010
01010010010
01010101
100100101
0100100101
0010101010
10011010
10100101
1001101010
1000101010
010101010
00101010
01010101
00100101
0101010010
00101010
01010101
0010010101
1000101001
0101000101
01010101
0100111001
1001010010
0101001010
101001010
0100101010
01010111
00100101
0010101
00001001000
010101010
1000100001010
10100001010
100101010
01010101
0101001011
010100101
0010101011
011000101
01010101
10010101
1010101
0100101010010
100100110
0101010101
10100101
0110101
10100101
10100101
01001101
01010101
1001010110
0101001010
01010101
01010101
0100100001
01001101
010100101
101010010
01001001010
000011010
001010010
010101010
0010101010
010101010
101001010
0101001010
00100101
0010100010
0100101010
01010101
01010101
0101010010
010101010
00101010010
010010010010
0010101010
1001001010
0000101010
01010101010
0010101010
0101010010
1000101010
0010101010
01010011
0101101011
010001010
01001001010
01010101
00101000
01010101
100101001
00100100100
01010101
010101010
100010010
1000101000
1001000101
1010101001
000010101
0101010010
01010010010
00101101
010101010101
010101010
1000101010
01010101
001010101
1010101
10010101
01010101
010010101
000100101
010010001001
0101010101
101001001
100101101
10010011
101010010
001001010
0101101010
0101010010
010010101
0100101001
01010101
1000100101
00000101001
1000101001
1010111
1010101
01010001010
010101010
010101010
1000001010
000101010
010101010
010101001
0101001010
0101010010
0100001010
010101010
01001010010
01010101
00101001
000101010010
1000101010
101001001
010100101
10001000101
01010101
0110101
001010101
01010101
01010101
0100100110
0101001010
011010010
0100110010
01101010
01001000010
0100101001
010100011
01110101
01010101
01010101
010101001
010110110
010010101
01010101
010101001
0101001010
100101010
0000110010
010101010
010101001
001001010
0100101001
010010101
001001010
0101001010
0101001010
01010001010
101001010
100010101
00100101010
1001001010
0001010001
010101001
0101001010
0101010010
0100101001
010101001
010101010
010110010
1001001010
0101001010
01010101
010101001
1010110
