01010101
010010101
1001101
0101001001
010101010
010101010
01010101
101010101
0100100101
100010101
0100101010
010011010
1001000010
101001010
100101010
0101001010
01001010
00100001010
01010101
01010101
010001001010
100001010
101001010
1101010
100010101
0100100101
1010101001
0101001001
010101010
01001001010
01001010
0010101010
01010101
0010101
0100101
10100101001
01010011
0100101
1001001010
010100101
001010101
110010
0010010101
101010010
0010001010
00101010010
01010101
01100101
1000101010
01000101010
10100101
010101
0101010
101000101
010101010
101010010
0010101010
101000010010
01010101
1010101
0101000101
010100101
101010
01001010
100010101
0100100101
01010101
0100101010
0101010010
10101010
010010101
10010101
0010010010
100010010
100011010
101010010
0110101
10100011
010010110
010110101
010101001
10010101
01010101
101000101
01010110
01010101
101001010
10101010
0101001010
001011010
10001101
10010010101
100100101
0100010101
01011001
101010001
01011001
0101010
0101101
1010110
010001101
1010010001
0010101010
100100101010
0100101010
101001010
01010101
0101010010
101010001
0101000101
10100101000
00110010
1000101010
100101010
100100101
01001101001
0100101010
01010010010
010100101
101010100
01010101
001011001
01010101
10100101
00100100101
010100101
01010101
01010110
1001010010
010101010
001001001010
010101010
0010101
010010101
101100010
10101010
01101010
1001100100010
101010010
010101010
1010101010
1010001010
101000101
00101010101
00101001
010100001
1010101001
00101001
10101010
01010010010
0010101010
010100100
0010011010
100101010
00100101
10010101
10101001
01010110
0010001010
0010010101
0100101
1010101
001000101
01010101
10100101
1010101
100010110
1001010010
001010101
01010101
010100101
10100101
0100101001
01010101
010010101
100101010
0101010101
10010101
100100101
10101001
00101001010
010101010
01010101
010100101
1011010
01010011010
001010101
001010101
0101101
100101001
010100101
010010101
01100101
01010101
1000101001
101010001
10001010010
100110010
0101001011
10100101
0100101
1010101
00101010
101010010
010101010
001010010
0100101010
0010100010
010100101
010010101
100010010
0011010
010101100
01010010
0100101010
100101010
10101010
100101010
010010101
10010010
01001001
10100101
0010110101
100010101
01010101
0101001
0101010010
101010010
0100101010
0101010
101010101
010100101
10100101
010010101
0100011010
01101010
010101001
01010011
01010101
10010100
0101010
1010101010
010010101
1001001001
10100101
010010101
1000100010
010101010
1010010
010011001
10001010
0100110010
0100100010
1001010010
100101000101
10101001
010101001
00100110101
0101000010
001010
1100101
0011001
1000110010
0010010010
1001011100
001011001
01010110
1011010
010100101
010010101
100011001
01010101
01001010
101000100
010010010
100101010
0010010101
010010101
010100101
1010010
0010101001
001010101
01010101
00101001
010101101
0101001001
00101010
1000101010
100101010
10101010
0101010100
100101010
001010101
0100101
0101101010
0101010
0010010101
01010101
101001
101001
101010
010101010
01000110
101010010
10101010
01010101
010001010
100101010
00010010010
0010101010
001001010
100101010
101000001
010010101
010010100101
00100101001
001010001
0101010100
1001001010
010101010
1000101010
00100101010
000001001010
1001001010
010010010
10001101
00101010
010011010
01010101
10100111
010010001010
01001010010
010010010010101
010101000
101010001001
101001
100101001010
100000001010
0101010
010101010
10010101010
101010010
101001010
010010010010
010101010
0101001010
01101010
00100101010
1010101
01010101
0100101010
0001010010
10101010
10001001010
10001001010
0100101010
0100100010
10101010
0100101010
00101010010
0101010010
100001010
00000101010
100010010
0101001010
100010010
010010010
1001010010
0101001010
110101010
00010100101
010100101
00100101001
101001010
0010101
001010101
100101001
0101010
010101
1010101
100101001
101010101
0100101010
101001010
00101001010
01001010
1010010010
10011010
10100101
00101001
0100101010
101010010
010010101
010100110
010101010
00101010
0100100101
001010101
01010101
0011010101
0100101010
1001001010
00010101001
1010001
010101001010
0010100010
10101010010
01010010
00010010101
01001010
0101010010
0100100010
100010101
100010101
01010101010
0101001010
01010101010
0101001010
01000101010
0101001010
1000101010
00100110010
0101010010
010101010
001010101
0101000101
10100101
0010100010
001010100010
10101010
01010101
001010101
00100101010
0100101010
1010001010
100101010
1001010010
001010010
101010010
0100100010
1001010101
01100111
001010101
1010101
1010101001
1010101
10100010110
10100101
10000010010
100001010
010010010
101010010
00110001010
0101010010
10011001001
00101010100
00101001001
1010101
0001001010
10100100110
01100101
1001101010
10100101
10100101
01010101
010101011
001010101
0101010
010011010
0010101010
1001010101
10010101
01010101
10100101
0101010100
001010101
10101010
10100101010
01010101
1010010010
010110011
0101001001
1010001001
1100101
100101001
001010101
1010101
10010101
10100101
010101010
0010101001
001010101
01001010
01011010010
0010100010
0101001010
0100101001
010100101
100010101
10010101
01000101001
010101001
01010101
011010101
010101010
00101001010
010010010
0001000101
010010101
0010010101
1010010
0010010101
10101010
1000010010
010100101
010101001
10010101
1010101
010010101
00100100101
0010000101
010110
01010000101
001001001
01010101
1010101
01010101
10001010
01001010
000010001010
010011001001
0010101
01010101
010100101
