1010100010
100101010
010011010
01010010010
01001010
001001010
1001010101
01010101
010101010
101010100010
10101001
01010101
1000100
01100001
1010101
0100100101
010010101
010010101
100101
0100101
01000010010
010101010
00100110
0101001010
010101010
101010010
01010101
01010101
01100010
00101010
010101010
010101010
01010101
1010001
010101001
010101001
010101010
0010101010
010101010
010101010
010101
01010101
010110101
00101001
100010100100
10001001001
001001001
1010100
0101001010
010101010
10101010
0101010010
1010001010
010101010
01010101
00100101
0100100101
00100101
1001010010
001010010
1000110010
0001010010
10010101
0101001
100101010
101001010
010010101
010000101
101001010
10101010
1010010
0100101010
0100101
010101100
101000101
1010101
101001010
010101010
010101010
10100110
0100101001
010100101
1001001010
0100101010
0010100101
01010101
10100101
010010101
100001010010
0100101010
01010001010
10101010
00101001
0101101
00101001
01011
000001010
1001010
01011010
100101010
0110101
1010101
10101010
01101010
10100101
010100010
01001010
101001010
001000010
1001001010
101000101
010100101
0101001010
01010010
100100110
010101010
001001010
01001001
100101
0101001001
1010101
0101001
01010010
010010010
1000101010
00101010
00101010
100001010
01010101
01001001
0010101
10101001
01010010
10101010
10001010
0101010010
100010101
1001010101
10010010
0101001010
0101001010
0100101010
01010101
0101010101
1010101
0101010101
01001001010
10001010
1010101
01010101
001001010
10101010
001001010
0101010010
10100001
1100101
00101001
0101001
10001010010
01010010
00100101
001001001
01010101
0100100101
100100101
10010001
01010101
1010101
01001010
101001010
10101010
100001010
0101001001
01010101
1000101010
0010001010
10101001
00110101
0010101
010100101
1010101
01010101
0010101010
0100101010
01001001
01001000101
100010100
01010101
010101010
0100101010
1010010
10101010
0100000010
010101001010
110010
10101010
10101001
01010101
0100101010
00101010
0101010
10101100
0101001010
101001010
10100101
01010101
001001010
10101010
010101010
00101001010
0101010010
0010010
10100101
00101001
001001001
010100101
00101010
0101001000010
1010101
0100100101
1010101
1100101
0010110010
1010010010
0001010101
0101001
1010001010
100101010
10100101
0001010101
0101010010
10001010010
10101001
01010101
01100101
01010101
1010010010
00101010
100101010
01010010
00101001010
10101010
010101010
010001010
010001010
010101010
0101010010
00010010010
00100101010
101010010
100101010
1001001010
00101010
1000101010
0101001010
0010010010
100001010
010010010
0001010010
010101010
0100101010
01001010
01010010
01100010
0100101010
1001010
1010101
1010101
100100101
01010101
001010010
010101000010
01010101
01001001
010101010
10101010
00001001010
01010110
01010101
1010101
01001010
10101010
010101010
001001010
0100101010
001001010
101001010
0010010010
010101011
100010011
010010100
1010100000
01000100010
101001010
001010100
100100001
00101010
1001010010
0010100010
01001010
000010010
10101010
1010010010
001001010
010011001
0100101
0100101
00101001
101010010
0100101010
010010010
0100101010
01010101
0100011
10100101
01010101
01010101
10010101
010100101
01010101
