1010101
01010011
100101
0001101
100101010
100001010
101001
0010101
100101
01100101
101010010
010101010
1010001
00100101
100101
10101010
010101
010010101
10101010
010100100
01010101
100100101
1000101
0101011
1000101
1000101
0011010010
101000100
010101010
010101010
010101010
010100010
0010010010
00010001010
000101010010
01001010
011100
010110101
10010010
10100010
0100101
010010101
10010001
010011001
01010001
10010101
001000101
1001001
0110101
01010101
01010010
11000101
00101001
00010101000
1000100001
0101010
010101010
010101010
001010001
010100101
10001010010
100101010
010101010
0101001010
001101
01010101
1010101
1010101
0100101
0001001001
10001010
0010101
100010101
10100101
1010010
1001010
10100101
100010101
0011010
10000101010010
0100101
0100100101
100101010
010101010
001001010
100101010
0101001
01001101
0010101001
100010101
01010101
1010101
001101010
1000101010
010101010
0100101010
00101010
01010010010
0101001
1000101001
0101001001
0101010
1010101
01010101
1100101
01010101
0101010010
100101010
0100101
010101001
010101010
0101010010
000101
0100101
01001010
101010010
010100101
010010101
000010101
01010101
10100101
100100101
0001010010
010001010
010010010
0100101010
01010
101001
110010
0010101010
100100010
0010100
100101
0101001001
10110010
1000101
1001000100010
0110010010
10110101
0100100101
101010
1010101
0110011
1010101
01101001
100010101
10101010
1001010010
100101
101000101
1010101
1000100101
001010010
000101001010
010100101
0100100101
001010100
010101010
100110101
101010101
10010101
010100101
10101010
0101001010
010010110
10101010
01010101
01001101
01001001
001010
0100101
01001011
00010101010
0101010
101001
1001001
10100001
001001001
01010101
1001001001
01010101
10100101
010010101
01010101
