010101010
10010100
00000100010
0101010010
0101000100
0010100100
1000100010
0100101010
100100101
1010010000
01010101
0101010101
10101010
1010001010
1000101010
010110010
10100010
0000101010
01001010101
101010101
010101010
010101010
100100101
01010101
10101010
1000101010
0101010010
1010010000
10100101
100100101
0010101
001010101
101000101
000100101
010101010
1001001010
010101010
01010010010
1010000110
1001010010
010100101
001010101
01000101001
100100101
10101010
1000101010
01010101
0110101
001010010
100010010
01010101
01010101
001010101
010011001
01010100010
1000101010
01010100010
101001010
001010101010
101000010
000101010
0010101010
001010010
10010101010
010010101
01010101
01010101
100010101
0000101010
010101010
001010010
1010010
1010001010
10101010010
10010101010
00101010
10100101
0100101
01010101
0100010101
0101001010
100101010
01010101
10100010001
0100100110
10100101010
10101010
010101010
10010101
10101010
001010010
0101001010
10010100010
010101010
001010010101
01010101
10101010
001010110
00110100010
01001010010
001010101
100010101
10010101
01001010101
000110100010
0101100010
00100010101
0100101
010101010
010110010
01010101001
01010010101
1000101010
010101010
01010101
10100101010
100100101
010101001
0101010001010
1000001001010
010010001010
0101010001010
10001010
0100101010
10101001010
1001010010
0101001010
0101010010
0010100101
010101
00100101010
0011010
0010101
101001000
00101010010
100110010
0010101010
010010001010
100010101
10010001
010101010
1001010
0101010010
10101010
1001001010
10101010
0100101010
1000101010
0101001010
010101010
010100101
101010
01101101
10101001
010010010
001001001
00101001010
100101010
010101010
0101001010
10100101
01010001
010010010100
010101
01010010
010101010
1010100001
1010101
001100101
10010101
01010101
10101001
00101001010
01000101010
000101010
01001001010
1010100101
01010010101
001001001
0010010101
10010101
100101001
1010010010
0101010010
10101010
0101010
0100100101
10010101
010101010
1010010
10100101
010101000
10101010
010101001
010101010
01000101
0100101010
0100101010
0010100101
101001001
10101010
10001010
0011001010
01001001010
001010010
10101010
010101010
0101001010
01010101
1010101
10101010
00101001010
10010101
01010101
100011001
0101001001
0101010010
00101000010
0101010010
01010101010
010101101
101010101
00100101010
0101001010
10101001
00101001
0101000101
1001000101
01010101
0010100001
010100101
010010001
01010101
10010101
0101101010
010101010
01101001
0101010001
01001001
010101
0101101010
01011010
0000101010
100101010010
001010101
1010100101
010010101
0000010101
00101010
010101010010
01010110
100010101
1001001
01010101
01001001010010
10100010010
0100101010
01000101010
0101001010
10101010010
10101001
1000001001
00101010
0101010010
100101010
0100101010
0010101
010101000
1010010001
01010101
01010101
10101001
0101001
0010101010
010100110
10010010
1010101
100100101
00010101010
1010101010
00101010010
010101010
1010010010
01001001010
01010101
010101010
01010001010
100101010
010100101
01010101
100010101
001010001
1000010001010
010101010
001010101
00100100101
10100110
0010101010
01000010100
001001000100
0101010010
010101010
01010100010
0101001010
1010100100
0100100101
01001010
10001001010
0100101010
10010101
0100101010
0101001010
01001010
0101001010
00101001010
0000101010
010101010
001010010
01101001
10010101
100101010
100101010
101010001010
010101010
101101001
1010100
0100101010
001010010
010010101
0100100101
01010101
01010101
100010101
10100101
01101010
01001001010
10101010
100100101
00101010000
010101001
010100110
010101010
010101010
10010110
10100101
10100100101
101010010
00101010
10001001010
010101010
10101001010
01010101
10100101
0101010
01001010
10001010
01010101
100010101
010101010
000101010
1010100101
01010011
10100001010
1001001010
10101010
00101010
100010101010
0101010100
01010101
01010101
100000101
101000101
00101001010
10101010
101100001
100100011
10101010
0010101010
101001010
10101010
101010101010
0100101010
10100010
00101010
010100101
0010101
01010001
00101010
011000101
101000101
1001001010
0010101000010
0110100
101001010
01010101
0101010
01010010
01011010
001010101
10100101
01010101
01010101
10100101
10010101
01010101
01010101
101010010
1010010010
00101010
01101010
00101010
00101010
01010101
011000101
1010101
1010101
10100100
101001010
0100101010
1001010010
01001010
0101010
01001010010
00101010
00101010
00101010
101001010
1010010010
10100101
0100101001
01010101
0100101
01001010010
000101010
010110010
101001010
00110101
100010101
1010010100
010100101
00101010010
0101010100010
010010101
0100101001
10101010
10010100010
010101001
010010101
1001000010
0010010010
10001010
0010100010010
10110001
010010101
0010101010
01010110
001000101
001010001
101001000
1010101
0010100101
0010100101
00101010101
1010101
0101010010
0010101000100
1010100101
01011001
0101001010
01010101
000101010
010101010
0110011010
0101000010
00101010010
01001010
101001010
1000100110010
010101010
0101001010
1001010010
00010001010
0001001010
00001010010
101010010
01010010010
100010101
0111001001
001000101
01001001
10100101
101000101
011010010
0010010010
10100010101
01010101
010010101010
10101010
001010101
10100101
100010101
00100101
10101001
10100101
10101010
0101001010
010100101
1001010101
1010101
01100101
0101001010
0101010010
0101001010
101101010
10100101
010101000100
010100101
01010101
1010101
00001000101
00100000101
010010101
10110010
0010010010010
0101001010
1001010
00100101
0100101
101001010
1001001010
10100101
1010101
01010101010
0101001010
1010101
01010101
1000100101
0100101001
01001101
0100010101
001001001010
0100101010
010101
1001010001
01001010
001010010
1001001010
010101001010
001001010
1000001010
1001001010
010101010
0101010100
0100100101
0101010010
101010010
01010110010
100101010
001010101010
001001010
00101010
0101001010
010110101
101000010101
101100101
100010101
1000101010
001010010
1010100001
10010101
100101010
0100001010
100100010
010101010
0010010101
01010101
101010101
100101001
010101010
0010001010
01010101
10101010010
101010101
1010101
101001001
10001001001
010101010
0101001010
01010010
10101010
10101010
010101010
010010010
010101010
0010100011
1001000101
10010101010
10100010010
0000101010
0011001010
01010101
010010101
0100100101
10010101
010101010
0100101010
010100101
000100100101
010001001010
10101010
1001010101
01001001001
0010101010
0100101010
0101010101
00101000101
01010101
010100101
100101010
001001010
1010101
010100101
10101001001
10100101
101010101
01010100101
100100101
100010010
0010101
010010101
101001010
101001010
010100101
00101101
100010001
1010101001
10100101
01010100100
0001101010
0011010010
0101000010
001001010
01010101
00101010
01010100010
1000101010
10100101010
01010010010
1001010100
010010101
010101001
010010101
0011010010
00101010
0101010100
010100101
0001010101
01010110
01010101
01010101001
100101010
00100110
0001001010
00101010010
0001010101
01001001
010101001
100101010
0101010001
0010101
0010101010
101010010
010010101
10100101
101010010
00101001010
110101101
010010101
101001010
10001001010
001101001
001010101
010101000010
010010010
01001001010
001010010
1010001010
101001010
011001010
0101000101
01001010100
1000001010
0100101010
101001010
0010101010
001010000010
101010001
10010101
010101001
01010101
01010010010
100100110
01010101
1010100001
01000100
0101011
01010101
0010100110
01011010
01010101000
010101010
0101010101
10101010
010101010
10100101010
101001010
001010101
010101011
00001010010
0001001010
100011001
01010101
010101010
0100101010
001010010
010101010
0111010
10101010
010100110
010100101
100001010
100101010
001001011010
010101101
100100100010
01101010
0010010101
0100100101
0010100110
1001010101
01100101
01010101
00101010010
011010010
01010101
100010101
01101010
010100101
01010101
01010101
010101
01001001000
010101010
010101010
10101010
01010010
0100101
10010101
01001001010
101011010
010010101
01010101
01010010
0010100101
01010000010
10100110
1000100101
10100101
011001
010010101
101001010
010101010
10001000101
0100101001
010101001
0101010101
10001010
10010010
1010001101
01100101
0101010010
10001010
10010101010
00000101010
10101001010
100101010
010100101
010100101
10010101
10010100001
01010101
1010101
010101010
11110010
1000101010
0101001010
0110101
01011001
010010010
00100010010
10001010
0101001010
10101010
00101010
01010101
1010101
0101010100
010101001
01010101
01010101
01010101
100101001
1001001010
01010010010
0010010101
01010100101
010010101010
0101001010
1001001010
0101010010
0100010100
10101001
0100100101
01101001
010100101
010010101
10010101
010100101
01001010101
010101010
01010101
01010100101
010100101
10010101
01010100100
10010010
010010100101
01010101
1010101
0101001001
0101010010
100001001010
0100101010
010010010
101001001
1001000101
101010010
101001010
10101001
0101000101
01001010
0010010010
0010101010
0101001010
010100101
101010101
0101010010
000010001010
0101001010010
100101010
100010101
0101001
1001001010
10010000010
010100010
010101010
1010101
001100101
010100101
0101001
0001001010
0101001010
0101010010
0010101010
10101001
001010101
0101001010
1001001010
0100101010
10101010
010101101
010100101
0101000
1010010001
0101001010
10010001010
1010101
10100101
011010010
101001010
00101001010
000011010
0101010010
01010010
1000101000
10010101
001010010
101001010
01011001
01011001
10010101001
10100101
01010101
10010101
10010010010
010101010
010101010
10011010
010101010
0010010010
100010001
001010101
010101001
01010101
001001010
01010010
0101001010
0110110010
0010101010
0100101010
01010101
101000101
1010001010
00101010
010100110
01010010
0100100010
10001010
001000101
0100101
00100101
0100100101
1001010010
01011010
100010110
010101010
010100001
01010101
0101010010
0010101010
1010101
0100101001
1000101001
01010101
0100101101
0101010101
101000101
01010101
01001001010
10101010
010010101
100101001
010010110
1001000010
10000001010
1001000010
1001011001
001010101
01001001010
010100101
0001001010
1000101010
01010001010
0101010100
010101001010
00101001010
010101010
00101000010
010101001
010100101
010000101
0101100101
1000101001
010100101
01001001010
0100101010
100000101
00100101
1000101001
10010101
01010101
0100101
01001001010
010010010
010001001
01010101
010101010
010101010
0101101
0100101
00101010010
000101010
100010100101
10010100101
001101010
0101010010
01010001
010001010
001010010
1000101010
1000101010
0010101010
00010101001
1010101
01011010
010011010
0101101
0100101
101010010
010101010
010101001
001101001
100010101
100100101
11011010
010001010
00000101010
1010101010
010101
010101001
00100101010
001010010
010101010
010101010
00100101010
0100101010
10010011
001010101
001000101
01010101
001001010010
0100101010
01010010010
001010010
010100101
10010101
010100101
01010101
01001001010
10010101010
01101010
010101010
0101001001
010011001
0100101001
010100101
0100101010
010010010
1000101010
1010001010
010101001
1010100101
010101010
01010010010
01010010
1000101010
0100101010
010001010010
01001010
0010010010
01010101
10100101
0100101
001001001
01010101
001010101
01010101
1010101
0101010010
0101000110
0101001010
1010001010
10000101
010100101
0101010010
0101001010
010101010
00100101010
1001000101
101101001
01010101010
010110010
01010101
1000100101
1000101010
10101010
010100110
010101001
010100101
0100101001
10001010010
01011010
0101010010
1010001010
0010010101
0101010
0101001001
101001001
1000010010010
010101010
010101001
100100101
100010010
010010101
1001001010
01001010010
1010100001010
010101010
0101100000
10100100101
01010100
1000101001
1010101
010010101
01010101
1010101
10010100
10100101
1010101
01010101
010101010
010011010
001101010
01010101010
001010000100010
001010010
1010001001
00101001
0101010010
10100100
101010010
01011001
100001001
010101101
0000101010
01101010
01010010101
010100101
10010010010
00101010010
0010100010
100001010
100100101
1010101
100101010
0101010
001001010010
0100101010
001001010
010101010
10100101
010010101
0100101010
00101010
0101001010
01010010010
10011010
100101010
010100010
010101010
010101010
0100101010
01010101010
10101010
100010101
100100101
10101010
0101001010
0100010010
1010001010
001010010
0010101010
01010101
00100010
01010001010
010101010
010101010
0100101010
0010010010
10101010
010101100
01010001010
10000101010
10001001010
1010101010
0010010101
010101010
01001010
0001010101
01010001
100101010
0101010010
01010101010
100101010
101101
01010101
1001001001
0010101
1000001010
001010100010
1000101010
010101010
10100101010
10001001010
01010101
010101
10101010
010101010
010101010
0100101010
10010101
0100010001
000010001010
0001010010
010010101
00100101
010101010
010101010
101001010
010101010
00101010010
100101010
010101010
0110010010
10001001010
1000100010
0101000101
01010101
1001001010
011001010
010101010
010101010
01010101010
0101010010
100100101
101011
10101010
10000101010
10101010
101010010
01011010
1000100101
010100101
10010101
01010101
10010001
010010010
010101010
010100101
001010101
10100101
01101001
01001001010
010101010
010011001
010100101
010101010
10100101
0101001001
100010101
010100101
01010101
010100010
010010101010
010101010
00100101010
10101010010
010101010
01010101
010101001
0100101
010110101
010100101
0010011001
010101110
1010101
10101010
00101001010
01010101
010100101
10100101
1010101
001011010
10101010
010101001
1011001
00101010
0101001010
010101001
101010110
010101010
101000010
0101001010
00100110
0100100101
10101001
0101010
010100101
10101010001
010100101
01001010
0000010101010
01101010
101001010
10010101
01011001
100101010
010010101
01100101
010101001
10010101
01011010
0101010101
10101001
1001001
1000110001
1010010
10010001010
010101001
10101001
01001010010
010101010
10000100110
010101010
010101010
010100010010
100001010
10001001010
001010110
010001010
10010001010
0010101010
1000101010
100100110
010101010
10001001010
10101010
10010010
01010101
01010001001
10001010000
0010100101
0000101010
0101001010
