001001010
0101010010
0101010001
010100100
01010010
010101010
00101010
01001010
1010100000
10101010
1001010010
0101010
001001010
100001010
1010010010
1010101
1011010
01010101
00101010
0101010
01010101
101000101
0101010101
001010010
10010101
0010101
10010101
0101001
0010101
10010011
10010101
1010101
00101001
100101
00101010
01001010
0100100101
010010101
01011001
100010011
001101010
10001010
10101010
10101010
1010101
10010100
01101010
01011001
0110101
01010101
1010101
01011001
10101
101010
1010101
10010101
01001010
0101001010
010101010
10100010
10110010
00100100010
0110101
010101
010101
01101010
01001010
01011001
00001010
100010010
10101010
1010010010
01010001010
1000101010
0100100
100100101
10101010
10101010
10010010
010001010
0100101
10010101
010010101
101010101
10010010
001001010
1010011
001001010
0101011
001010101
10010101
01001000101
01001001
101000101
00100101
100010101
10101010
01010101
00101010
01010010
1001010101
0101001
010101
100010101
010010011
100101001
0010101
0101001
0101010
100101010
0110101
01000100
0101010
00100101
01010101
1010001
0101010
0101010
100101010
0101010
0100101
1000101
0101010101
010010101
001000010
01010010010
010110101
01010101
010100101
10100100
1001010010
10100100
101010001
01010101
010101010
01001010
010101010
010100101
10101100
0010001010
0101010010
000101010
100101010
10010100
001010101
100100101
101011
1001001
001010010
10001001010
10101010
010101010
10101001
0100101
010101010
10001000010
10101010
10101010
100101010
101010
100110010
1010101
1000101
101010
001001010
10101010
0100101010
0101010
10101010
101010010
1010101
010101
10100101
0000010101
01001010
01010010
01001010
010101010
10100010
01010010010
00100110
01010101
1001010
11001010
0100101
10100101
0100100101
1010101
10101001
010000001
000101010
01011010
10010010
01101010
100101010
01010010010
1010000010
10000100010
01011010
0010101010
010101
01010010
01000101
10010101
001010101
010101001
1010101
01010101
01010101
010101101
0010101010
00101010
100101001
0010101
101010
010101
0100101
01010101
0101010
010101010
101001010
001001001
00101001
0100101
001101001
01010101
10101001
0101001
1010101
01010101
0111100
0101001010
0101010010
0101010
100101
1001001
001010101
10100101
101000101
010101
010010101
10101001
010101010
001010000010
1010001010
100101010
1010001010
1001010010
010101010
1001010
0101001010
00101001010
0101001010
010101010
0111010
1001010010
00101001
01010101
00101010
00101010
0110101
0101100
1000100010
0101010
100110010
1010101010
101001010
0100101010
0010010010
011001010
100101010
1001010100
100110101
0101001
0010010010
01101010
01010011
01010101
1001000101
00101001
100100101
0101001
10001010
00101010
01010010010
0101010010
00100101
010101001
1010010
01010
0101001
001001001
01100001010
01001010
010110010
10010100010
0101001010
010010010
00010100010
01010100
0100101010
010101010
01001010
0010101010
001001010
1001010010
100101001
1010101
10010101010
0101010010
1000101001
1010101
0110101
10100101
010100101
100100101
010010100
01010101
001010101
0100101
010010100
0101010101
0101000101
01010011
0010100101
01010001
000101010
10101010
00101001000
1010101
10010101
01001001
101010
01011010
01001010
01010010
01010101
10010101
10010010
1010101
10010101
00100101
10101010
00100010
10100101
1001010101
0101010
100101010
00100110
01010100010
01101001
0111001
0101011010
0101100010
1010101
10010101
0101010
10101010
01001010
010010010
00101010
01010010
0100101010
010101010
10010001
01010101
1000101010
0101010
1001010
010101
0000101010
10010010
100100010
10001010
010101
01001001
0010101
01010101
010101010
0010001010
010010101
100101001
01001101
100100101
0010100010
100101010
101001010
100101010
10010010
01101
010101001
0010010001
010001010
10101010
010101000
010101
001010010
010101010
001010101
010010101
10101010
10101010
1010101
01010011
01010010
00100101010
0100101
1000001101
01010010
0100101010
010101010
00101010
101001010
101010010
01001001
100100101
1000101010
0100100110
1001101
1001000101
010100010
0001010010
001010010
10010010
00101001
1010101
100001001010
10101010
101010
001010010
101001010
011010010
1010101
0110101
0101010
00101101
01010101
100100101
01010010
0000001010
00101010010
101001010
1010101
1000101001
10101010
01010101
1001010101
101010
01010101
100001101
10100100
01010101
01001010
01011010
100010110
100101010
100010010
00100110
101010
010101
01001010
01001010
10100101
1000101
01010101
1010101
010100101
0100101
00100101010
0010101010
010010101
00100101
10100101
01010101
100101001
010101001
0110101
01010101
0101001010
010101010
100101010
010101010
0101000101
000010101
101001
010101
10010010
10101010
10010101
01001101
00101001
01010101
010101001
1000101001
10010101
00101010
101001010
1010010010
01010010
01010010
0101001010
100101010
0100101
1010101010
010100101
1010011
10100101
1010101
010101010
000101010
01010001
100101001
101001010
0101001010
001001010
010101010
01101001
1001011
010101001
1001001001
00101001
001010
10100101
010010101
10100010
011011
010100101
100010101
1010001
001010010
0100010101
00100101
0101010
101001010
0100101
10100101
0100101010
10101010
01001001
0101001
0101001
01010101001
01101010
0010010010
010010010
010101
001010010
0000101010
0101011
10101001
010101001
00110101001
100101001
10010101
00100101
0101101
00100101
01010101
010101010
0000101010
0101010
1001101
0010101
010100101
01001010
01010110
010010101
1010100101
01010101
10101001
0101001010
0010101010
100010101
10100101
100101010
001001010
010100101
01001001
1000100101
01010101
010001010
01001010
001010
00100101
1000101
010101010
1001001010
101010010
01010101
1010101
01010101001
010010101
100010010
0101001010
00100101
101001001
010101001
100010101
10101010
1110010
0101001010
100001010
10100101
01010001
100100001
1000101001
0110101
0101001
1001001010
10010010
100010011
1010101
10101010
00101010
10001010
0101010
0101001
000101101
0001010
010010010
0010100101
001010101
01010010
1010001010
1001001
1010101
010101010
10101010
101010
01010110
01100101
10101001
010100101
00010101
0110101
1011010
0100101
10010101
101000101
0101001
010010101
00100101
01010101
0100101
10010101
10101001
0010100100
1011001
0101010010
010101010
01010010
10101010
01010101
010001010100
01010010
100101010
10010101
1010001
0101010
010010110
101001
01010101
00101010
01001010
010101010
100101010
01010001
0100101
00101010
010101010
0001001010
100010010
0011010
0101010
0101001
0100101
001000101
10100101
1010010
1001010
1001010
0101010
1010101
0101010
010101010
0101010
101001
01000101
0101010
10001010
010011001
0101001
101001010
001001010
10101001
100101010
01010101
01010101
0110101
011010
0101101
001010101
101010
010010
100010100010
100001010
00001010
0101010
01010010
10101010
10001010
0100101010
00101010
010101010
100100010010
010001010
1010101
01010101
010101
0101001
00101001
010100101
01001010
01001010
100101010
01001010
100101000
1010101
01001010
10110010
1010010
0101010
100010001
1010100
101001
010100101
100101010
10101010
00010100010
10001010
0101011
00100101
0101010
00010101010
1000101
010010101
10101010
1001010010
0101010101
00100101
00101010
10101010
10010101
0010010101
100100101
0101001
010110
010101010
010101
1100101
010100010
0101010
010101
001010101
01101001
00101010
000010101
1010101
1000100
101010010
0101000101
010101
010101
101010
01010101
10010101
01001101
10101010
010101010
0110010
0101010
01101010
010101
01010101
010100101
010011001
0110101
0101010
010100010
00101010
101001001
0101010
10100101
010110
0010001010
0101001010
101000
01010001
010101010
0010001010
10101001
010101010
01010101
010010101
10010010
010101001010
1010101
1001001
0101001010010
01010010
100010101
0100010101
010010101
0010100101
01001010010
010001010
001010101
010101001
10010101
0100101
101010010
0101010
1001001010
10001001010
0101001
10101100
010101
101001
01001001
1010101
10101001
10100100
010100101
0010100000
101000101
100010101
1001001
100100101
100001001
10010011
01100101
01010110
101010010
10101010
100010101
001101
1010010
100001010
101010
010010010
100100101
10010101
10010010
00101010
10110
0010101
00100010
0101010
1001010
1001010
10101001
0101010001
101010100
1001010100
1001010
10101010
1010101
1001001
10101010
010101010
1010101
1010101
010100101
100010101
0101010
010011
00101001
01101001
0100101
0101001
0101010
00101010
10110001
01010101
0010101
100010101
10010010
100101010
10101010
100101010
0100101010
100101010
01010010
010010100
0101010
01010010
101010010
100001010
01010101
01010101
10101010
010101010
010101
0101001
0100101
00110101
00100101001
1011001
100100101
001010101
00100101
01001010001
10000101010
010101010
0101010010
10101010
010001010
1010101010
100001010
01010010
010100101
10101010
101001010
0101001010
01010101
10001101
100110010
00101010
100100101
10010101
1000100100
0100101010
01011010
010100110
00101010
100101010
10100101
10100101
0101001010
1001010010
010001010
0101010
10010101
10010101
010101001
1001010101
01010010
10010010
0101001
010101001
100101001
01001001
0100010010
010101010
100010101
1010101
00010001001
1000101
101010110
1001001010
0101001
01010101
0010100010
01001010
01001010
0101010010
001001010
01001010
01001101
00101001
10101001
001010010
100010101
0010101
01001010
101001
10101100
100101000
01001010
0010101
01010101
10010101
0110100010
10101010
100101
0100101
1001010010
0100101010
10101010
000101010
0010010001
1100101
01010101
1010101
0101010
10101010
10100010
0101010
0100100110
10010010
0100110
1001010010
010101001
010010101
0100010101
0100101011
01101010
10001010
010101001
001010101
0100101001
0101010101
0100101
0011001
1010100010
0101010
10100101
010100101
010101
10010101
0100101010
1001010
0101010
01010101
10100101
010100101
1010000101
1010101
10010101
10100101
101001010
001010010
01010101
001010101
0010101001
010100101
01010101
01010101
0101010
101010
010101
101010
001101
001010101
100010010
01010010
10101010
010110010
0101010
101001010
0101010
0101010
0101001
10010011
010101010
001010
010100101
001010101
01010001010
1001001010
00101010
100000101
1010101
010101001
1001001
0100101001
00100101
010100101
010101010
10011010
01010101010
0101010010
010101010
101001010
00101010
10101010
0101001010
10101010
1010101
001101
100110
0101010
00101010
10101010
1000101010
10011010
010101
0010101
0101101
1010101
100101
10000101
0110010
010010
100101010
10101010
10010100010
01010010
010101010
101010
10100010101
01010101
10100100
0101010
101001001
001010101
010101010
010101010
1010101
00110101
10100101
0010101
0100101010
0001001010
001010100101
01010101
0010101
0010101
100101010
001001010
10010101
0010101
010101001
0010100101
0101010
01010110
10010101
01010101
00101010
100010010
0010101001
01001001
0100101010
10001010
010101001
100101001
01010101
1001010101
010100101
0101101
1001001001
0010010101
0101010
0101010
01101001
10010101
01010101
1010101
010101
10010101
01001010
010011010
010010010
1000101010
010010101
00100101
10010101
1010101
10010101010
10101010
100101010
01001010
00101
0101001
1010011
1010101
010101010
10001010010
01010101
010010101
0010101001
1010101
1010110
10101010
10101010
1001010
001010101
01010011
0101010
010101010
0101001
01010101
0100101
01010010
1001001
1010101
1001010
100101010
011100010
10010010010
1010101
0010101
1100101
01010101
010001001
101001001
0010010010
0010101000
010101
0010100101
10101010
10101010
01010101
01010101
100101010
010101010
10010010
10101010
01001010
10101010
01010010
00101010
010101010
0100101
00101010
1010101
0101010
01001010
0101010
101010
101001010
0101010100
100101
10010010001
0100011
0100101
01001010
10101010
010100101
100101001
10100101
0010101001
100100
00101001
00101001
0101001
01001010
10010010
10010010
0100101
10101010
10101010
101001010
0010101010
1010011
10010011
10000110
0101001010
10010101
01001010
010101010
101001010
01010101
0010001
0101010
1001001010
0101001
001101
01010101
01010100
100100101
010110101
10010101
01001010101
011001010
001001010
0101001010
0010100010
0101010
01001010
010101
100010101
010101010
100101010
0100101
100101001
1010101
10010101
0101001
001010101
010001010
10010101
10010101
100101
01010
101001001
1010101
1001100100
010101010
010101010
010101001
10010101
10001010
10010100
0101010
10101010
00010101010
01001010
1010101
010100101
01010010
0100101010
0101010
0101010101
0010010101
001010101
01001001
00110110
001010010
00101100
00101010
00011010
1001001
10100101
10010010
01001010
01001001
01010010
100100101
00100101
0101010
0101010
1010110
10001010
1010101
00100100101
0100101
1010001
010101
1010101
0010101
1010101
10001010
1010101
01010101
010010101
0100101010
1001010
0101010
01010101
10100101
010100101
101000101
01010101
10010101
101000101
0010101010
001010010
01010101
1100101
01010101
0101101
0101001010
00101001
01010101
01010101
01001000101
01010101
010100101
1010101
100100101
0100101
101001010
01001010
1010101
01100101
0101010
1000100010
100010101
0010101010
01001101
10010101
01001010
1000100110
10010101
101010001
0010100100
10010101
0100001010
01010110
1010010
0101010
010101
01010101
001010101
1010101
00110101
001010010
10101010
100101010
10100101
01010101
0001101010
101001010
0101010
0101010
1001010
0101010
101001
110101
010101010
00101010
00110010
010101010
10100101
0010101
001101
1010101
010101010
00101010
010101
10010011
10010101
0101101
010001010
10101010
00101001010
10001010
10101
1010101
0101001
100010011
01001010
101001010
10101010
100001010
10001010
1010010
1000101
01010101
1010101
010100101
0100001
1010101
0101010010
100101010
1010001
0100100101
01010101
01010101
100101010
100100100
01100101
0101001
01001001
00101010
0100001
010101100
0100001
10100101
1001010
00101010
01010101
01010101
010101
1001001
01001010
010101010
011010
00100101
00100101
01001
1010101
10101001
0010101
01101001
10101010
010101010
01010011
0010101
000110
00101010
00101010
00101010
1010101
01001010
1010001
01010101
00101010
0010001010
1010010
010101010
0100101
010101
10100101
0010101
010010010
0101010
010101010
101001010
10010010
00100110010
001010101
10100010
00101010
0101010
010101010
00101010
01001101
1010101
01101001
010100101
100010101
001010101
0110101
1010110
101010101
00101010101
0101010101
00101011
00100101
00101001
001001010
00101010
01101010
0101001
01010010
010101010
010100101
0101010
001010101
10100100101
10001001
01010101
01010010
10101010
100010101
010101001
010010101
0100101
1000101
01010101
010101
001001101
001101010
01001010
100010101
01010101
10101010
10101010
010101010
10101010
0010101
000110101
00101001
011010
0101010
001010100
01101001
01001001
1010010101
00101001
0101010
101000100
10100101
0101001
100101010
10101010
0101011
10001101
10001010
001001001
10100110
10001010
00100101
100101
010101
0100101
10101010
10001010
1000101
010101
10101010
10100101
100010101
1010101
001001010
10010010
100010101
010010101
1000010101
0010101
01001001
10010101
0100101010
0110010
010101010
101001010
01010010
01010010
1001101
010101001
00101010101
101001001
01001010
01010010
10100101
01010101
0101010
01010100010
1001010
010100110
01001001
010101001
10010101
10100101
010001010
0101010
1000101001
01100101
100010101
010101001
10101010
00101010
1001001010
10101010
0101010
0101010
1010101
101010101
010101010
001010010
01010101
0010101
10010101
001101
1000101
01010101
01010101
01010011
01001001
1000101001
010101
1100101
10100010
01001010
01001010
0101010
001001010
010101010
01010101
101010100
0100101
0101001
1001010
1001001010
10100010
01010101
100001010
1001010010
101000001
01010101
10010101
0010101
010101011
01100101001
10001010
0010010010
0101010
1010101
001010101
101011
01010010
0010100010
01010010
01010110
01101000100
100000101
01001010
1010001010
00101001
00010101
00101001
0101001
1001010
010010010
10100110
00101010
00101001
010010101
010101
001010101
010011
1010101
00100101
01001101
10010010
0010101010
010001010
01010010
0101101
0100101
1010100010
010101010
0101010001
1001010101
0010101
100101001
011001001
01001010
1010001010
010101010
010010101
0011001
100101
1010011
011010
00101010
01011010
010101001
001010101
101010101
10101010
10101010
101101
01010101
0100101
010100101
101010101
0110101
01010101
1010101
101010101
001010101
100101
010110
10010010
1001010
101001010
100101010
1001010
010101010
001001010010
001001010
0010101
10010101
0100101
01010101
100010101
001001001
1001010
010101001
01011001
01010101
01001010
10000010
00010101
10101010
01010101
1010101
010101010
100101010
010101
01000101
01010010
10101010
100010010
00101010
1100101
010101
101101
10101001
00100101
01010010101
01010101
10101001
0001001010
0100001010
01010101
10101001
01010101
100100101
10101010
100101010
1000101001
10101010
10101010
0101001
00101010
1001010
0100101
01010101
10101010
10101010
0101001
101000101
01010101
0101010
0011010
0010100010
0100101010
001010101010
1010010010
0100101010
01010010
0100110
001010101
10100101
0101001
01010101
0101101
1000101
001001
1010101
01001010
001001010
010101
0100100101
1010101
101010
0100101010
00101010
010010101
01010101
01100101
101010101
00110001
001101
1010010
010010010
01011010
010010110
010101
010101001
1010101
1001001
01010010
101001010
001010100
11010010
1011010
0101010
01100101
010100100
01010101
100101001
100100101
101001001
1001100010
100101010
10010101
01010101
1010101
0010101
1001000101
10101001
10100101
010100101
01001010
10101010
100101010
001000010010
1010100101
01010101
0101010
1001010010
010110010
010101010
10101010
0100101
010101
1010101
010100101
010100101
00100101
010100010
100010101
0101001
01001010
0101010
1010010
010110010
1011001
01010101
1010101
01010101
0100011
0101011
01010101
0100101
1011001
001001001
1010101
001010011
010100110
0100101010
010100101
01010101
010100101
001001001
100101010
010101
0010010100
1010010101
0010101
001001001
10100101
1010101
00101001
01010101
1010101
010100101
101010101
01010011
010101
0101101
0101101
1001001
010101010
01011010
100100010
10101010
011010
1001010
100101010
100101010
10001101
10100101
001010101
01001101
01101001
010101
10001010
010011
0101101
01010101
0010101
01010101
010101001
10101001
1001010
001010010
01001001
010101
00100101
01010101
0100101
01011101
0101010
10010010
00101010
010101010
01010101
010101010
010101
1010101
10101101
01010101
10101001
00100101
10101010
101010010
001001010
00101010
001001010
1000101001
011010101
0101101
101001010
0101010
01001010
1001001010
010101010
001101010
001001010
00101010
10101001
00010101
0001010100
1010101
10100101
1010101
101010001
1010010101
10010010
1001010
01010101
1010101
100100001
1010101
00110010
010101010
010101
1001010101
0101010
00101010
010101010
0101010010
00101001
01010101
1001010100
100101
1010110
01010101
1001001010
00101010010
100101001
01010101
0100101
01010101
1010101
10010101
0010101
01010
01010101
01010001
1101001
01010110
0100101010
0101010
00101010
0101010010
10001010
010010010
0001010101
1010101
1010101
0101010
101000101
01100101
0101010
1110010
100001010
010101010
100011010
00101010
1010101
01001001
01001010
0100100010
00100101
1001001001
1000101
0101001
0100101
00100101
10001101
01010101
10100101
01010101
0101010
01001010
001000001
1010101
0100101010
100101010
00100101001
00101001
10001010
0101010
101001001
000101001
1000101
01001001
010010010
0101010
010101001
0101010001
1010101
010101001
01010100
0100101
01010010
01000101
1010010
10001010
101010101
01010101
0101010
010101010
010011010
0101010
01010101
010010001
1000100101
01010101
1010101
1010101
0010101010
01010010
001101010
010101010
0101010
01010010
010101010
0010001010
001010101
10010101
10101001
01010101
0000100010
1001010
0101010
01001010
10010101
10101010
10100001
0100101
01010010
0010100010
101001010
101001010
1010010
010101010
101010101
001010101
10010101
010010101
10101010
10101010
100101000
000101000
100101
10100101
1000101010
0101010
10101001
01010101
1010101
01001010
01010110
0101010
01001010
101001010
01101010
001001010
01001001
01010101
10101010
100101010
101001010
001001010
10101010
001010010
0101010
01101010
001010010
100101010
10010001
001011
01010101
1010100
1010101
010100101
10101001
10100101
01000101
10000101
00101001
010101
10001010
0101010
10001010
0101101
010101010
010101010
01001010
10001000010
00110010
10101010
01010010
1010101
0101101
001010101
0101010010
000101010
010101
01010001
0100101
1010101
01010101
10101001
001010101
01100101
0110001
010011001
010100101
0010101001
100101000
100101001
01010101
01010101
10100110
01001010
01010101
0100101
01010101
01010101
10101010
101001010
10101001
011001
010101010
010101010
101010010
10010010
10101001
1010101
10100110
101010101
000010101
00100101
010101
01010101
1010011
1011001001
010101
10000101
100100101
10010101
10110010
01010010
01001010
011001010
01001010
100110010
10101001
01001010
0101001
01000101
01010101
100010101
0101000101
100101001
1001010
1001001
10001010
010010010
00101010
0100010010
1001010
01001010
100001010
101010
1010101
100101
001001010
0101010
100010101
010010101
10100101
101011
10101010
00101010
10010101010
10010010
00101010
01100010
1010101
010010101
100101001
1010100
100101001
01010101
01010101
10010101
0101010
010101010
0101010
01010010
0101001
100101
10010101010
10101010
000101010
010101010
1001001
0101010101
01010101
01010101
011001010
010101010
010100101
100101
100101010
01001000010
000010101
10100101
01101001
01010101
101001010
01001010
010101001
1010101
01010101
010010101
101010101
0010101
0100101
010101
0101010
0101010
10100010
10000101
1001010
10010101
1010001
010101
10101010
01010100
101001010
1001000010
11001010
10101001
0101001
0010101
1010010
0101010
1000101
10100101
10101001
0100101
0110101
1010101
1001001001
1010101
100101010
010100010
01010010
01010010
1001101010
1000101010
100101001
10010101
10000101
1100101
01011001
01010011
100101
1000010101
011010
0101010
1000101010
010101010
0101001010
010110010
010101001
00101001
01001001
0010101
1001001
10001101
0100110
01010010
1001010010
1001001010
010101010
010101010
010101001
100010001
001010010
0101010
100100101
1010101
10101010
10101010
001001010
0101010
100101010
11001010
10100010
101001010
011010100
01010101
010100101
01010101
100101010
10011
0010001001
10100101
10010101
101010
101001010
10101010
01000101
001010101
10010010
010110010
101010
10100010
01011010
100101010
01100101
10100101
01101
0100101
01010101
01000101
01010101
10100101
01010101
010010101
1010101
0100101
0101001010
100010010
0101000101
001001001
01010001010
010010010
010010010
01101001010
010100101
10010101
0101010
1001001010
00101001
1010101
10101010
0100101
10101001
1010010
0000101010
00101010
100010100
1011001
01010101
0100101
01010010
0101010
0100101010
001010010
001010101
10100101
1010101
10000101
0110101
1010101
100010101
01010101
0010101001
0010101001
0000101010
0100110
1010101
10100101
101001010
010101010
0101001001
1010101
0100101
1000101001
1000101000
010101010
01010010
01010010
01010
0100110
10001001
10101001
010101010
10101010
010010010
00100100010
10100101
0010010101
0101010
01001010
0100101
01010101
10101001
010010101
100100101
10010101
01001010
10101010
100101010
01001010
0100101
010010101
1010101
0100101
0101010
0101010
1010101
10101001
0010100100
10000101
010101
0101001
10000110
10011010
1001001
0101010
00100101
01010101
10010101
01010101
01010101
101001001
0100101
01010101
101010
0101010
0110100101
10101001
01010010
10101010
0101001010
001001010
01010101
10000101
0101001
0101001
01010101
01010101
10000110
001010010
100101010
101010010
01011001
00101010101
10100101
01010101
010010010
00101010
10100110
0101010
100010110
01010101
1001010010
01001010
1000101010
100100010
01010101
1010101
001001010
01010010
0101010101
1010101
01001010
10101010
0100101
01010101
010101010
010100010
01101001
01010101
0101010
101010010
0010100101
010101001
01010101
10100101
00110010
1001001010
01010101
0000101001
001010101
1010101
0010010010
00001010
01010010
0110010
011001010
010010010
001010101
0101001001
10001010
010010010
101000110
01011010
01010101
010101001
010100101
01010101
001010101
101010001
01010101
0101010010
0101101
0101001001
10100101
010101001
100101010
0001010100
1001010
10101010
001001010
001001001010
10101001
01001010
0101010
00001010
101010001
100001001
10010010
00101010
1010101
0101001
0010010010
00101010
010101010
010101010
10100101
01011001
0101001010
1010010010
10101001
1010101
1010100
0101010
1010001010
01011010
101010001
010101
1010101
1010101
010100100
1001010010
10101001
00101010
01010101
10101001
1010101
0100100101
0100101
00100101001
001001010
101010010
00010010010
00100010010
10100001
10010101
001010101
1010101
01010101
010101
01010101
1000011
1001001011
01010101
011001010
001010110
011010
011010010
10000101
1001010
0101011
010010011
001001010
101010010
1010101
1010101
1010100
0101011
100010010
00101010
01000110
1001010010
010010101
100010101
101001010
001001010
10100101
10100101
010001010
010101010
101001010
100010010
0101001010
010101010
1010101
01001101
100010010
010101010
10101010
010110010
010101010
1001010010
1010101
01010101
10110101
010101010
010101010
101000010
01001010
0101010
010101010
01001010
100101010
0101010010
0101101
01010101
01101011
001010101
010101
10010010
0100101
10100001
0101001
101001
1001101
0100101
0100101
0010101
01010010010
01001010
10100101
010100101
01010101010
101001001010
101010010
001010010
0100101
0010100101
1001010001
01010101
1011010
1000101010
0100101
010101
10000101
100100101
10100101
1010101
101101
0101001
1010101
1000101
10101010
0101010
100101001
01001101
100001010
01010010
100101010
1010010
1010101
1010101
10010101
01010101
010101010
10101010
10101001010
10101010
0000101010
01010010
010100101
0110101
100010101
010101001
100001001
1010101
100100100
0100101
0110101
10010101
10101010
010101010
10101010
00101010
1010100
010010101
10101001
0100100
01001010
10101010
010101
010100101
010101
1010010
0101010010
1000110
0010101
1010101
00100101000
0101001
01011001
01010101
10001010001
1010101
1010010
001010010
00101001
1010101
1001010
0110101
1010101
0010010101
100100101
0100101
100100001
01010101
0110100101
01011011
1010010
10101010
010101
1110101
01001010
01100110
10100101
0101001001
0101010010
010101010
00101010
01001010
01010010
01001010
01010101
0100001
010010010
0010010010
01010101
001010101
0100101
10100101
01010010
0101010010
0101010
1001010
01010101
101000101
01101010
100100101
100010101
010100101
01001010
010101010
0010010010
101010010
01010010
101010010
010101
10001101
01101001
10010101
10010010
101010010
01010101
0101010
010101010
10101010
1001010010
00101010
101001
010101
0101010
1010101
010101010
010101010
10010101
01001100101
100100101
0010101
01011010
0101001010
101001010
1010010
100001010
10101010
0101001
0101010
101001010
01001010
1010110
010101
01001010
0100110
10010001010
1001100010
1001000110
100101010
0010100011
01010101
10100010
0010101010
01010010
0101010
0010101
0010101
0101010
01001010
0010110
0010001010
101010001
0101100101
010101001
0010100100
010101001
010100101
00101001
01010101
010101010
10101010
0101000101
0010011001
10101010
1001001010
001001010
10101010
0101110
10101100
101001010
01010010
101010
10001001
00110010
10101010
10101010
10101010
01010101
0101010101
001010010
000010010
000100101001
010010101
100101001
101001101
01101010
101001010
100101010
01011010
10010101
1001010
010100110
01010010
10100110
00101010
101001001
0101010
00100101
0010010101
10101101
00101001
10001001
00101001
1010101
00101001
1000101
01010101
1000101010
001001010
101010001
010101101
001001010
0101010
10100010
101010
1010101
01010101
0010101001
0101101
10100010
010101010
01010101
01010101
10010101
1001001
010101010
010101010
10010010010
001010010010
10010011
010101
010100101
010010101
00101010
00101010
001010100100
100010101
10010101
1010101
010100101
10101010
10101010
10001010
010010110
00101010
101010001
1010101
0100101010
1001001010
100010101
01010101
00101010
10000110
000101010
100100010
010101
00110101
01010101
10010101
010100100
0101010010
01010010
001001010
10000101
10010101
0101001
0101001
01000101
101010
0101010101
110010101
0010101
01100101
00100101
010100101
000110010
01001010
010101
00010101001
1000101010
1001010
100101010
10101010
010101
00110101
010101
0110001
0101001
1010101
1001011
1001001
01001010
01010101
10110010
010010010
010101
101010
100101
10010101
010101010
010100100
001010010
0101010
010010010
10001010010
101010010
001001010
10101010
0101010
10100101
1000101
1010010
10101010
0101001
00101001
010100010
0100101010
01010101
101101
10101010
010101010
010100101
0101101
0101010
0100101
01010101
10101010
1001010
1001010
01101
101010
1010101
010101
0101101
01010101
010011001
001010101
01001010
1001010
1010101
01010101
0101001010
1001010
0010101010
1010100010
010100010
010101010
01001010
10010010
01010
010101
010101
01010101
01010101
1010100101
01010010
010101010
0101101
00101001
10010101
1000010101
0101010
100101010
10100010
00101010
100101010
1000100010
1010101
0010100101
1010001001
0101101
010101001
1010110
00101010
01010010
1010101
10001001
00010010010
001001010
10101001
100110010
010100101
0100101
0101101
010000101
0101010
100101010
1010101
100101
0101001010
10101010
01010101
101010101
0101001010
01001010
10101001
0001010
10101001
10010101
0100101
0101101
1001010010
1001010010
10001010
10001010
0100101001
10100101
0100010101
001001010
01000101
001010101
0110101
01011001
101001010
10101010
100101010
10101010
1001010
0101010
100101010
1001010010
10100101
10010101
01001010
10101010
010101010
1010101010
10001010
01010101
1001001001
010010101
1010101
10100101
0010100101
10010100101
01010101
010100101
01010101
1000101
01010101
1001001
10011001
1010101
0101010
01001010
101010
00100010010
0110010
1001010
1010101
0100101
100101010
00110010
00101010
10101010
01010010
010101010
010101010
00010010100
10010101
001010101
01101001
01010101
010010101
010101
100101010
101001010
100101010
10101010
100100010
01010010
00101001
10010101
100101001
000010101
1010101
00101001
1010101
100101
01000100010
010101010
01010101
0110101
010101
1010101
01010101
01000010101
010100010
0010101010
10010101
001010101
010100101
01010101
00100101
01010101
10011010
10101010
00101010
01001010
0101010
01010101
0100101
010101
010100101
0101001
01001101
00101001
010101010
0101010
00101010
1000110
0010001
1010101
10101001
0110101
010101010
1001010
0010010101
01010101
101010
1010010
100001001
001011001
010101010
00101010
01010101
001010100
0010101010
01100010
1010110
01001010
10100010
0101010
1001001010
00101010010
00100010
0010001010
0100101010
010110010
101001010101
010010101
10101001
10010101
01010010
1000101010
001010010
010110010
0101001
1010101
10101010
1010010010
00110101
00100101
001001010
10110010
01101010
1001010
01010101
0101010
100100101
10010001
01001010
101001010
0101010
0010101
100010101
0110101
0101010
0101010
01010101
01010101
00101010
01001010
00101010
10001010
0010101000
100011010
0101010
01010101
01010010
0101010
00100101
0101011
010010101
010010101
1001010010
0101010010
1001001
00100100
10100101
00110101
010101010
1001100010
0010010010
101001010
0010101010
1010100010
01010101
10000101
01010101
01010101
101000101
010101
0110101
101001
10001010
100101010
010101010
010101010
010101010
10101010
001101010
000101010
100001001
01001001
10101001
10010101
1010010
0101010
01001011
1001001001
01100101
01010101
010001001
00101001
0100110
0101010
1010101
01010101
10101010
10101010
01100101
10010101
1010001010
0101010
0101010
1010101
1011010
100010001
010101010
10101010
10010001010
011001010
00010100010
10101010
0100101
010010010101
01010101
01101001
001001101
0010101
001010101
10101010
1010101
10010101
0010101
00101001
1011001
01010010101
10010101
001010010
010101010
1010010101
00101001
00101001
001010010
010101010
0010101
10101001
100100010
10001010
001011010
1001010
100101010
0100100001010
01100001
0100101
100100101
10101001
1010101
1010101
01010101
00100101
01010101
100010100
1000101010
100101010
00101010
1000100010
10001001
0010100101
010101
0100101
10010101
10010101
01011001010
01010010
0101100
1010101
1001010
101010
1010101010
010010010
100011
010101
1010101
001011
10010101
1010101
1010101
1001001
010101010
10001010
01001001
1010101
01010101
10010101
000101010
00011010
010101
0101001001
101000101
01010101
0010001010
1001010
01001010
0001010010
0001010010
10101010
101001001
001010101
010100010
101010
00101001
101101
010011010
010011010
010101
0011001
10100100
01101001
010101
10101001
100110
00101010
01010101
010101001
010100101
001010100101
100001010
010101010
01001010
001001010
1001001
0101011
101010001
10010101
0101010
101010010
010101
100101
010101
0010010
101001010
1010010010
1001001
10101001
1010111
0110101
10001001
01010101
1000100101
010101001
00100101
101001
100101000
0101011
100101
1001010101
010010101
10010101
010101010
0101010
10010101
00101000
1001010010
1010010
01101010
10101010
10101010
101010
01001001
001000101
00000101001
000010101
100010100010
01101010
0100101
001010100
101001
101010100
10101010
1010001010
010100010
0101010
01010101
010010101
1001001010
1000101010
00101010
001010010
010101
011011
0010010010
10001010
00101010
10101010
00100101
01010011
1000010100
0100101010
0101010
0101010
10100100
001010101
0101001010
01001010
010101
0101010
0100101010
010101010
0110101
1010101
10101010
0101010
010010101
10101
1010101
10011001
101001
1010101
00101010
1010101
100010101
0101001
10001001
0101101
010010101
01010101
01010101
101001
010101010
00100101010
100010101
1000101001
0101001
100010101
10010101
10101010
0101010
010101
101010010
101001010
101010101
01010101
000101010
01001010
010101010
10101010
0100101
10101001
0110010
10101010
010010010
010101010
10010101
1010101
0101010
010010010
010101010
0101000010
01011001
01010101
100100101
101000001
010101010
010010010
0010001010
1010010
10100101
010100101
0101010
0101010
10010001
1010101
0101010
010101010
101001010
10101010
010101001
0101000101
1010001
10101001
01010101
10100101
01010101010
0010101010
01001010
00101010
001001010
10101010
00101010
010100110
01010010
10010010
00101001010
1001001010
01010
10101001
101011001
01010101
01010100
010101010
101001000101
00101010
01010010
10100010
0101010
100101010
01001010
00100101010
100101010
10100101
10010101
0100101
101011010
1010101
01010100101
0010101
101001010
010101010
100101000
1000101
00110101
010010101
101000100
01010101
01100101
0100011
01101010
0101001010
10101010
100100101
0101010
1001010
100101001
0011011
1000101001
101010001
0101010
0101001010
00101010
0001010
00101010101
01010101
010101010
01001010010
0101101
001001001
010001010
1010100010
010101001
10100011
101000101
1010001000
10110010
00101010
100101010
01010010
0010010010
10101010
00100101
01010101
010101010
0101001
0101010010
01010110
01010101
001010101
10101010
01010101
0010100
1010010
101010100
010100101
0010101
1010101
10001010
0101010010
010001010
10101010
101001010
10101010
00101001
0101001
001010010
0101010
01010101
01010101
0101101
010101
1001001
10100101
00101010
01010010
01010101
01010101
0101010010
010101010
0000100101
01100101
01010101
010010101
10001001001
00100101
000100101
100010101
101001010
10001010
011001
0101010101
11001010
00110010
0100101
010101
00101
01010101
01010101
101001
00101010010
010101010
100100101
0010010101
010101010
10100110
