101001010
101001010
01010101
101010100
01001010
01010100010
0100101
000101001
01010101
1010101
01000100001
0101010101
1010101
10010101
00011010
100101010
010101010
100101010
10010010101
1001001001
01001001010
1001010010
010101010
01010001010
100101010100
100100101010
00100101010
10010010010
011101010
010101010
0101001010
010001010
01010010010
0010101010
0101001010
01001010010
100010101
0010010101
1001001001
0101010101
101001010010
010101100
001010100010
010101010
100101010
010101010
000010101
10101001
01101010
00101010
1000100110
01010100
00101010010
0100100010010
01010101
01010101
10001001001
0101010101
01011010010
00100101010
01010001010
0011001010
010101010
100100100010
0101001010
01001100010
0100100101
01010101
0101001010
1001001010
1001010010
001001010
01010101
01010101
010100101
0100010101
001010101
01010101
01010101
10100101
010101010
101001010
010010010
011010010
0100101
0101010101
00010101010
10011010
010101001
101001001
100010010010
0101010010
010101010
1000100010
101001001
010101001
1010101
010100101
01010011
1010101
1000101010
010100101010
010101010
01001010
0010001010
010010001010
100101010
00101010
010100010
100101001
0101001001
0101001001
01000101
010010001
010101010
01010101010
0100110010
001000101010
010100101
10100101
001010101
001010101
101001010
000101010
01010101
01010101
0101001010
0101001010
01101010
010101010
0110101
001010101
1010010
0100101010
0100101010
10001010010
0101001001
0010010101
010101010
010101010
010010100010
001001010
010100101
0100100101
01010101
10100101
10001001010
0000101010
010100101
01010101
010101
010100101
01010101
010101001
0101010010
01000101010
100101010
01000101010
00100011
01010101
01010101
0101010101
010101010
010101010
010101010
10101010
010010010010
00101001010
010100101
10010000001
00100101010
0101001010
0010010010
10101010
01010101
0101001
0101010010
010010010
0010010010
010010010010
1000101010
0101001010
100010010
01001010
01010101
10010101
10010000010
00001001010
01010010101
010100010101
01010001010
10101010010
1010000010100
0010010100
01010101
0100100101
010101010
10010010010
0100101010
01010010010
01010101
010101001
1010001010
0010101010
0100101010
0100101010
010010010
0101010010
0010001010
0101010010
0101010010
0101010010
01010101
011001001
000101010
01010100
0100010101
100101010
101101
001010101
010101010
100101010
010100101
01010101
0110100010
0101010
01101010
01011010
01010101
01010010101
01010010010
010101010
010100101
010101001
0101010010
010100110
000011001
01010101001
10101010
11001010
010010010010
010010010010
01001010010
0100101010
01001001010
0101001010
010101001
0010010011
01001001001
001010101
0100100101
1010010101
101001010
01000101010
010010101
1010101001
010100000010
0101001010
010010010
0101001010
01010010010
1010010010
010100101
010010101
10101010
1000101010
0110010101
00001001
01010010010
100010010010
0100101010
0100101010
101001010
1001001010
0101001010
0001000101010
1010101010
0010101010
1010100001
01010101
100101010010
010101010
010101010
000001001010
010101010
0001010010
01001001010
010101010
0101001001
100010101
010010101
010010101
01001001010
01001010010
01001001010
00101010
01001010100
0010101001
00100101010
0100101
01010101
01010101
1010101
1001000101
01010101
01010101
010110010010
0010010010
00101001
010010010
00101001
0101001
0001001010
010101010
01010110
1001010
0101010
10010100010
010100101
0010101010
01000001010
010101010
0101010010010
0101001010
010010111
010101010010
0100100010
0010101
100010101
10000101
010101010
010101010
00101010
010101010
0100100010
10100101
101010010
101001010
0010100101
0010101001
0101001010
0100100010
001001010
010101010
01010011
010100101
00001010101
010010101
1010101
010010101
00101010010
01001010010
0101010010
01010101010
0010001101
01000101001
001001010
010101010
010101010
01010010
010101010
0100101010
001010101
1010101
01010101
0101001001
010101010
0010101010
0010010010
1001001010
0100101010
0100101010
0100101010
0010010101
100101010
001000101010
01010101
1000100101
001011010
0010001010
1000101
0001010101
10010101
100010101
0101010010
0001010001010
010010101
100100101
0110011
001001001
001010101010
00001010
00101001010
1010100010
0101010010
10010010010
000110010
0100101010
1001001010
000000101010
100010010010
10001010010
10010100101
01001010101
0010101010
010010010
1000100010
0101001010
100100100101
0001010101010
01010000101
001010101
000001010010
0101001010
0010101010
0010001010
010101001001
0010101001
01001011
0101010101
100010100010010
000010101010
0100101010
010101010
0101001001
01010101
100101010
01010101010
01010101001
10000101001
00001001010
0101000110
01001000101
00101001001
10100010101
00100010100
1000000101
0010001001
01010101010
10001010
001010010
10001010
101010010
0100001010
001010100
010101001
0101001010
0101001010
10010010
1010010010
1000100101
0100100101
001010010
0100101010
01001100100
01001001001
0101010010
1000101010
0000101000100
0010010000100
0101010010
10010000010
10010010010
00100010010
00101001010
010001010010
00100101010
01001010010
010101010
01001001010
1000101010
000110010010
1010010101000
001010010101
010100100101
0101001001001
10001010100
001010101
0101010101010
0010110000100
001010101
01010101
0010101010
010010010010
10101010
01000001010
10010101
0100101001
0000001010010
10010000010010
0101010010
10001001010010
0010100101
010010101
0101010101
010001010101
01010010010
1001010010000010
00100101010
0101010010
010100101
010100001
011000010001
010100101
0010101010
1000101010010
1001001010
1001001010
0101010101
0101010101
0101001001010
010001001010
01001001001
01010101
01001010010
101010100010
01001010010
000101001010
0010000001010
0010100010
001010100101
01101001001
000101001001
1000010101010
100010101
10100100010
010010101
001010101
0101001010
0100101010
101000101
0101010101
0010101010
010101010
0010010101
0001010101
1010100000100
10010101
00100100100
01001001001
0010101000
010101010
0101001010100
0010101001
100101001010
00010101010
01001000101
1010010100010
010001010001
010100101
010100101
00100101
10000101010
1001010101010
0101010010
0010010010
100100110
01001010
01001010100
001010100000
1000010100
100011001
10001001010
00010101010
1000100010
00101010010
010010101
0110101
001010010
001001010
00101010
10001010010
0010101010
0101001010
0010010010
0101001010
0101001010
10101010
010101010
100110010
10010010010
0010101010
0100001010
0100101010
00101000101
001001001
01001010
010101010
01001010001
101010001001
00001001001
1010010101
100001010010
1000101010
1000110010
0110010
01010100010
00110010010
0010010010
01010101010
01010101010
0010010000010
10100101010
00101001010
10010001010
00010000101010
1000110010
010101001010
0101010010
100000100010
101001010
010010010101010
010101010
00110010010
00101010010
101000101010
10011010
01001001010
010010010010
0010010010
0100101001
01010101
010001010
10001010010
001010101
01010101
010001101
0100010101
0011001010
00100101010
0101001010
01010101010
10010101
101010101
0010101001
10001010010
10010101
1010101
00010101010
001000001010
1001010101
1010101
0101010010
010101010
1000000001010
10010010010
01001010010
100101010
0010101010
00100101010
01001010
1000101010
0101000101
01000101001
010101010
010101010
0101001010
0101001010
0101001010
00100101010
100110001
01001001001
00100010010010
0100001010
1000101010
10010101000010
01001010010
101010010
00101001010
001010010010
10010010
1010001010
10101010010010
01010101010
010100101010
01001001010
100001010
010100010010
00101100100
00101010100
01010001010
100101010
010101010
001010101010
0100101010
101001010
01010001010
10010010010
10000010010
100101010010
0101010010
010101001010
001010010
0000100100010
00101010
100001010
1000010101
01010101
10010001010
010101010
1010101
100010101
01101010
01010101010
01010101
0101010101
01010101
01010101
010101010
10101010
101001010
1000101010
1000100101
0110010100
0101001010
101001010
10010100101
001010101
00010010010
000101010
00101010
10000101010
10100101
00100000101
10101010
01001010010
000010101010
0010101010
01010101
01010101
0101010010
100101010
010100010
001010101
010010101
10000101
0100101010
100010001010
0100010100010
1000101010
010101010
00101001010
01010010010
001001010
0100101010
0101010010
0010010001
10100101
010100010
0101001010
010101010
010101010
00101010
0101001010
100010010010
0010001010
00101010
010101010
100101010
010101010
00100101010
00101001010
00101010010
100010010
010101010
010101010
0010100010
01001000010
001010010
0101010010
10101010
100100100010
0101001010
01010010101
0000010010010
010101010
00101010
00101010
0101001010
10000101010
1001001010
00101010
00100010010
01010010010
01010001
00100101
0100101010
1001001010
01010101
10010101
00100010010
01001010
100010100010
010101010
0010101
1000101
00010100010
001101010
01010101010
01001010010
101010010
10100010010
00010001001
01010101
0101010101
00101001001
1001010010
010101010
0101001010
1000010010
0101001001
1010011001
01010010
01010010010
01010100110
0010100110
001010000001
100100101
0101010010
10101010
001010101
01001010
1010101010
01010010010
010100101
10010101
010010101
100010110
0100101010
0001010010010
010101010
00101001010
011011001
01010101
0100111
010100101
100101010
10001010010
10010000101
0010000101
1001001010
0101001010
01010101
01010101
010101010
00101000010
0100100101010
010010001010
010001010
1001001010
0010101010
001001010
00101001001
0101010101
100101010
0101010010
0101010010
0010010010010
10100101
010010101
0101001010
00001001010
001010010
0100101010
101010100
010101010
010001010
0010100010010
0110101010
0101001010
000101010
0010010010
00100101
0101010101
01010010
0100101010010
1000101010
010110001010
010100100110
010101010
00101001010
1001001010010
1000101001010
0101001010
010101010
00010001001010
010100101
0010100101
01001010100
101010100
0101010010
000101010010
0100101010
01000101010
0010101010
00100001010
0110101001
10000001
1010101
1000010001
0010100110
00101010
1000101001
0010101101
100100100000
0010010100
0010101010
1001010010010
1001001010
0101010010
1000001010010
001010001010
1000101010
000101010
001010000101
010010101
001010010
0001000010010
0101010010
0101001010
00100101010
0101001010
01001010
010010100010
101101001
00101001
010100010010
001001010010
0110001010
01010010
000010000010
000100010010
000101001010
100101010
0010101001
1010010001
000101001010
10001001010
101001001001
00101001001
0101010010
00101010010
00101011
00101010
1010010101
01001010101
010010010010
01010010010
00100101001
010100101
0101001010
1001000010
01001001010
010101010010
0100100101
01010101
01001010010
010101010
0001010010010
0100101010
0100101010
100010010010
01001010010
1001010100010
001010100010
00101010
010010101
0101010101
01010010010
011010110
011000101010
100010001010
0100100101
00010010101
0100110010
1001001010
0101001010
10010001010010
00100101001010
0100101010
01001001010010
01001010000010
101001001
10100100100
011010010
001010010
10010010
00101010
10001001010
100101010
0010010010
000101010
0101010010
010010001010
01000101010
100101010
001001010010
0101010010
100010010010
0101010010010
001001001
0001001010101
1000101011001
0010011001
00010010010
100010100010
10010010101
10010101000
0100101010
010100010010
100101010010
000101010010
010100010010
100101010
01001010010
010101010
10101001
0010010001
1001010010
0001010100010
01010101010
01001010010
0001010101
0100110101
0000101001
01010101
100100101001
00101001001
10101010
10010101010
0100101010
01010101010
10001010010
01010101010
0101010101
10001010
001001010
001001010
10100101
1000100101
001010101010
0000101010
0010101
0010101
00101001
10100101
10010100010
01011001010
010010101
010100101
1001010010
00101010
01010101
0010010101001
100010011
01010010101
010101010
0100101010
01010101
010100101
10101010
10101010
010101010
010101010
010100101
00100101
01010101010
010101010
0100101010
0010010010
010101010
0101010010
10100101
00100000101
010101010
01000010010
010011010010
00101010
01010101
10100101
10001010010
010010010
01001001010
001010010101
0000100010
0010100010
000101010
001010000010
01001010010
10010001010
10100001010
10010010
0101001
001010101
1000100001
01000100101
010101010
0101001010
01000101010
0101001010
010101010
10010010010
01010100
010100101
0100101000
010100101
011001001001
0101010
1010001010
00101001010
010100101
00100100101
00010001010
0100101010
011010010
0101010010
010010010010
10001001010010
1010100101
010010011
0010101010
0010100010
00010101010
010100010010010
010101010
000100101010
10010100010
101010010
0101001010
010101010
100001010
100100011001010
0010001010
0010010010
01010010010
001001001010
100101010
0010101001010
0101001010
0101010101010
0100101010010
0101001010
01001010010
001010100010
10100010101
0100101001
10000100010
0101001010
0010110101
0010010101
00101001001
01001001001
0010010101
10010100010101
0101010101
01010101001
100010010010
010101010
1001001010010
001001010010
0001001001010
1000100010010
0001010010100
0010010101
10000101010
0001010010010
100101001010
01010010010
10000100100101
001010101
010101001
1000100100100
010010101
0101010101
100101010
010101010
0100110010
001000010010
10001001010
01001001010
010100101
1000100100101
0100100101
00101001
0101010010
001001010010
00010101001
00010100101
00100101010
0010101010
0101010010
0001010001010
00101000101
001010101
1000010010
101010010
10001001001
010100101
1000100101
00101010001
01010101010
0101001010
01001010
010010101
001010100101
100101001
010101010
0001001010
00101000100
10001001001
010101001
00100101
010010101
1001010101
01010010010
010101010
01001001010
01010101010
0101001010
0101000101010
100101010
10101000010
01001001010
00100101010
0101001010
00101001010
1001001010
101000101010
1001000001
10101010101
1000100010
10101000010
0010010010100
0010010000101
1010100010
101001001010
10100100010
010101010
00101001010
10101001010
1010101010
0100101010
101010101
1001001001
10100101010010
010001001010
100100101
1001000101
001001010010
10100101010
1001001010
1001001010
101001010
00101001010
0010101010
0101001010
0010101001
100101001
0010100101
01010101
10001001010
0101001010
100110010
010101010
01010100110
01010010
001010010
0010101010
00010101010
001010100010
0010101010
001010010
0101010010
010010010
01010101
1010101
010101010
0101010010
000101010
0001001001010
0010001010
010101010
0100101010
1001010010
000101010
010010010
0010101010
100001010
0010010010010010
0101000101010
00010101010
0100101010
0100010010
0100001010
1001010100
010100000110
1000101010
00101010010
0100101010
010101010
010100010100
0101010010
10100101
0100101001
100101001010
01001010010
001010100100
10001010001
01010010010
100010100010
010001001001
0101010100101
010100101
010100101
0100110010010
011010010
01001011
010100101
100100101
010010101001
101000101
01011001
100101010
010101010
010100101
00101010101
10010010010100
010101010
01010101
0010101001
0100101010
0010101010
1010101
01000101
101001010
010100100010
0100101001
0101010101
0101010010
101001010
0010101001
010100101
01011001
010010101
0100101010
001000010010
0110001010
10010101010
01010101001
0101010101010
01010010010
011001010
1010000101
00101010010100
101010010
00100100010
01001001010
1000101010
0101010101
010110101
101001000010
0001010010010
0101010010
1000100110
01010101
001010101
100000101010
0101000101010
0101000101
10010010101
00101001001
1001001001001
0100100101
010101010
0101010101
0100101
1001001010010
00100101010
0010100010010
0010100100010
0001010010010
1001101010
010010010010
1010101010
0100100010
010100010010
100100011
0100100101
10100101010
01001001010
0010010101
0100101101
1010101010
00010101001010
01001010010
0000100101010
01100101010
0100101010
01001010101
0100101
0101001001
1001010010
10010101
0100101001
0101001010
0101010010
010101001
00101001001
1000001010
00010010010
0100010010010
1001001010
10010101
010100101
010101010
001001001010
00100010
00010001010
0101010
0101010010
001001010010
00101001010
010011010
01000101010
01010010010
00101010
10101000010
10100001010
0101010010
1001010010
10001001010
1001001010
00100101010
0000100100010
10010101
010010101
1010001010
000101001010
10101010
10010110010
01001010
0101010010
010101010
10101010
100101
0100010101
01001001001
010101001
010101010
00101001010
0100101010
00101001010
01010010
0101010010
1010101
1000100101
0100100101
0101010100
000100101010
0101010010
01010110010
000101010010
00010101001
010101001
0101001010
01010010010
0101010010
0000110010
0101010101
10001001001
1010010101
01010101
100100101
010101001
101001010
01001001010
1010010
0101001010
01010101
010100101
0100100101
10100010101
10001010001
1010100010101
010010010010
00101010
010101010
011001010
0010010010
00101010101010
01010010010
01010010010
0101110101
1001010100001
01001010
1000000100010
00101001
01010101
010101010
001000101010
101010010
0101010010
010100101
001010101
100010101
1001001001
010101010
100101010
101001001001
01010101
100100101
0101010100
010101001
01010101
0101001010
0101100010
0100100100
0010101010
01010101
10100101
01001010
01001010010
010010101
01010101
01001001
010010101
010101010
10101010
001010001
010010101
010001001010
010101001010
100101010
01010100010
01010101
0101001
0100101001
0101001001
010100101
01010101
0101000001
01010101
01010011010
1001001010
01001101
010101001
010010010010
10101010
00101010010
10001010
10101001
001001101
010101010
0000101
010101010
10010010101
0100101001
0101010101
1000100100010
00100101010
0101001010
1001001010
01010010010
00101010
01101001
01010101
0100101010
000100101010
010000100010
10100100010
0010100101
01010101
0101010010
0101001010
0101010
0101001010
0100100101
010100101
10010100010
100101010
0101001010
01010100100010
0010101001
10010001001
010101010
0101010010
00101001001
000100101001
01001001010010
0010010010010
010010010100010
0010010001010
00010010100010
00010000100101010
0100100101
0100100101
01010101010
0010010010
01010010010
001010100010
10100100010
010101010
0010101001
1001010101
01001001001
0010010101
0100101010
010010000010
01010001010
0101010010
0101010010
0010100010
0101010010
100100101010
00101010101
101001010
0100101001
1010101
001000010
0100101010
0101010101
1010010100
01001001010
001001010
01010101010
01000100010
001010101
0101001001
0101010101
10100101
10101001010
010101010
010101010010
010100010010
0010101010
0101010010
001001000
001001101
010010101010
01001101010
001000101
10010001001
010100101
10100101
01010100110
100010001010
10001001010
010101010
100010010
010101010
010101001010
00010100010
01010100010
0010010010
0010010010010
010010010010
1001001010010
010100010
0101010101
0101010001001
01010010010
1000101001010
010101010
0100101010
