01010101
00101001
010101010
1000101010
101010101
010010100
101000101010
0101001010
1000101010
0100101010
1010100
100000101
010101
01010101
101000010010
010100010
01010101
00010101
1000001010010
10101010
10100010100
1001001001
010010101
1001010101
01010101
001010101
01001000101
00100101001
0100101001
0101001001
000101010010
010101010
00100001010
01010011010
0100101010
10101010
00101010
01001001010
1001010101
00100101010100
101010010
00101001
10101001
0100100101
1000010100
0000101010
010010101
100000101
101000101010
0100101010
00001001010
101001010
01100101
10101000100
01010101
01011001
10100101
10010110001
01010101
0101000101
1010101
10100101
01101010
00010100010
01011001
101000010
101010100
01010010101
1001010010
0101101010
1001010101
00101000001
00101000100
01010101
10010010
100101010
011010101
1000100101
01010101
001010010
0010100101
101010101
0101011001
100100101
10100100
10010101
10101010
100101010
10100101
000010101
00100101
010101001
001010010
0101010010
001101010
010000001010
010010101001
1010101
010101000
0010101000000
010000001010
001000101010
1000101100
1001010101
10100100101
1010101
001000100101
0101001
10100000
01101001
11001010
10101010
0101010101
100010101
1001010010
00010000101010
00101010
010010101
00100101
10010101
010010101
101100110
100100101
010010101
01010101
010010101
1001010010010
001001010
1010010100
10100001
010100101001
010010101
01001001001
0101010101
1010101
01010101
010001001
010101000
1010101
10000001101
0101010101
1000010001
010010101
010100101
0000100101
10000101
10010001001
010101000001
10000101010
001010100010
01010011
01010101001
1001000010
0101010010
0110101010
101001010
01001010100
0101001001
001001010
01010010
01010110
01011010
001001010
10010100010
01010101
001001010010
101000101
01010100
010101010
0101010010
1000100101
010010101
010100101
0110101
100100100
1001001010
0100110101
100010101
0010100100
01010000101
00010100110
1001001010
10001000010
001101010
10010101
0001010101
10100100101
0100101
00101010100
10100101
0101010
0101000100
01010101
01010100101
10000100101
0001010001
010101010
100101010
0010100101
101001101
10011100
1010101
0010101
001001001
1010010101
01010100101
100100100101
010100101
0101000101
0010101100
101001101
010100111
00101001
0101001
0100100101
1010101
1010101
1001010101
10101001
10100101
101001010
001010010
00010001010
01010010010
01010101
01010101
001000101
0001010100
0101000010
100001010
1010101
00101001
0001010010
101001010
001001010010
010100010
001001001
10001010100
010000101
01100101
1000001010
100011010
0101001001
100100101
0100110010
0010100010
100010101
10001010100
00101010
1000100110
10000010101
001001001
10010010010
0101001010
00100101
0010100100
01001000101
10111010
001001001
001010101
01110010
010010001
0101001010
010101010010
01010010
010110010
0100010100
010100101
00101010
010010010
010010101
101000101
0010101000
0010101000
0101010101
010010100
01010101
1001001001
1010101
0010100101
0101001010
000101010
100100101
010100100
01001010
10010010010
0100010101
10010101
100100100010
010100101
0101010
0101001010
010001101
01011001
101110010
01001010
0010101010
10100101010
001001010010
010100100010
0110001001
010001100
101000110
10010010010
01010101
010101010
010101001
001010101
0100001010
010101010
10010101
100101001
10101010
00100001010
010101010
10000010100010
0100101000
1000101000
00100100101010
100100010010
00100101
010101001
10010010010
01101010
010010010
0010010010
10101001
101010101
001010101
1000010101
1010001010
01010011010
0101010
101010
100110010
100010101
100101010
010101010
001010010
01010101
10101010
100101010
1000101010
001010010
001010010
000010001010
1000101001
10010001001
010010101001
1010101
0101001
010101001
0010101
001010101
00000010110
0100101010
1010010010
100001001010
0110101000
100110101
0100100110
00001010
1000100101
010010101
1001001010
0100101010
01011010
0101010010
10010101
001010101
1001010010
100001010
0101000101
1001000101
10010101
010100100
001010001001
10010101
010100101010
0101010010
101001101
1010101
00100100010
0101010100010
10010100001
010101001
010010101
100010101
00101010
1010000001
0010101
01010110
010101100
0100101001
100101010
0010101010
101010101
00101001
100100101
100101001
000101001
001001001001
1010101000
100100101
1000100010
10010001010
0101010010
1000100010
1010101
10101001
1001010101
0100101001
001001101
01001101
01001010101
10100101
01010000110
00010101010
0101000101
100001001
100010100
00101011
10001010010
100001001010
00100010101
001010000100
0010010011
1010001
100010010
1001010010
010101010
0100101010
1000100101
10010101
00010010100
0101010100
0101010101
01010101001
01010101
1010101
001001001
010010101
010010010
10101001010
010110110
1001010100
1000101010
01001010
10101001
010100100
100010101
100100101
10000001010
010101010
10001010101
010101001
0101001010
0100010110
100010001
010010101
0101010
0100101010
1010101010
0101010
0101001010
010101010
0101010100
0101010101
001001001
1010101000
01010010010
100001010010
00100101010
01010101010
10010101010
10010010010
001010101
100010011
00101010010
0101010010
100110100011
0010101001
001001010
1010101010
0001010101
10010001
00101010
00010100010
0101000101
1000101100
00010001010
1001000110
01010101
010100101
10010100
010010010
00101001
0101100011
01101010
0101001010
100010100
01001101
1000101010
010101010
010101001
00101101
100000101
100010100
10100101
0010010101
101010010
1010100000
10101010
10001010010
10100101
10001001100
100001010
010101010
0010100101
01000010101
1000101010
0010100000
101010101010
001010010
0100101001
10010101
1000101101
01001001
00101010
100101010
1001001010
0100101010
001010010
001010101
010010101
1011100
001001010
001011000
0010101010
10001010
001001010
1000101010
001001001
0101010101
10101010
1010011
010010110
010010010
01010101
1000101001
010010101
101001001
101010101
100100101
010010101
01010101
10010101
1010101
0101001
101010101
1000101
01010101
100100100
00110011
0100100010
10100001010
1001010101
0010100100
0000100110
000101010001010
00010100100010
000101010
10101010
0010101
100100101
10100101
010100100
0100101000
011001010
101010
0010010010
0100101010
1011001010
001010010010
0101101001
100101001
1001010101
01010101
010100101
10010100100
0010101
10010101
10101010
010101010
0010101
10101001
001010010
1001010010
0010010010
10110010
010010101
100100101
10000101
10010110
01010101
001010101
10001001010
0100101010
1010011
10101010
010101010
100110100
101001
100000101
1000001010
101001010
01010010
0101001010
00100101
00101010101
01010101
0010101000
001001001
0010101
010101001
10010101
010101001
10100101
001010101
00100101
010100101
101010001
10001001010
10010101
101010101
0100100101
101001001
100100001
00010101010
001010010
1001001010
10010101010
001001001
0010001001
0101010010
0010100101
010101010
01101010
1010001001
1010001001
1010010010
1001010
0101010010
00100010010
10010101
001011001
0010101010
0001010010
10010001010
1000100010
01010101
1000100001
1000100101
10010101
000101010
01010010
0100110101
10100101001
10101001001
01010100
010100101
1010101
1000101
10010101
100101010
100101010
0010101010
10100010010
00010101001
010101001
00011010
00101010010
010010100
001001010100
0001010101
100101001
000100101
10100101
010010100101
10100100001001
0101010001
1010101
0101001001
010100001
1001010101
10010100100
001010011
10010101
00010001010
0101000010
01001001010
0101101010
010101010
010001010
010101010
00010010010
0101001001
0100101001
010101010
0100101010
010101010
0010000101010
1010011001
0100100101
1001010101
0010010101
100000101
0001001001
0010110010
000010010010
101000101
1001010101
010010010010
1000101010
1000101010
1010010
0100101010
101001010
01010101
010100101
10010101
010010100
10001010001
100100101
10011010
00010001010
010001010
00100101010
1001010101
00100101010
1010101
1000101001
10001001010
100101010010
010101100
01010101
1010010101
0100101
01000001010
0100101010
00101010001
010101101
10101010
01001001010
0100100101
01010101
10101010
1010010100
0110001001
10101001
010010101
00110101
01010101
0110101
01010110
0010001010
010101010
001001000110
101101001
01010101
1000101100
001010100
1001010010
00100101010
010110010
01101010
0101010
10010010100
101010
00010100010
001010101
010100100
00010101010
010101010
01001101
0100100101
0101001010
1010001001
00010001001
010100000101
10001001010
01010010
0010010101
010010101
100010010010
10010101
10010010
10010101
00100101010
00001010
0100100101
10010010001
101001010
0101010010
0010100101
0001001001
00100100101
0101010100
0010101001
001001010
010100101
01010101
01010010001
1000100100
100100010
01010001010
010100101010
0010101010
1001010010
101001010
010100101
0001010100
010000101010
010010010
0010100101
10010101
011001001
100100101
0100100101
01001101
1001010100
0010001100
0010101001
0100100101
01010101
10101001001
101010101
1001000010
0010101
01010101
1010101
0010010001
00001000010
010100101010
100100101
10010101001
0100101001
010101010001
0101010101
001101010
00100110010
10100110
010101001
010101001
0100101010
0100011010
010010101
0101101
10101010
00100100010
001001101
10010001
0100101010
001010010010
01000101001
01010101
0100101
01001000101
10101101
100010101
1010100101
0100100101
001010101010
10001001010
010101010
0101001
010101010
0010101001
101000001
010100001
00010101
010101001
101010101
00010100
100001010
1010001010
110101000101
10010010101
00010100100
10100101
10100101000
0100010101
10101010
010101010
001001001
01010101
01010100010
10101010
010101010
1001001010
1000110100
101000100
010101010
1001000110
010101001
01010101
01010101
10010101
01010101
0100010101
100101010
10101010
1010101
10100101
10100010010
010101010
010101010
01001001010
01000101
0010000101
0101001010
011001010
1001010100101
01010100101
010100100110
01001001010
10001010010
010010010
10010101
010001010
00101010
010101010
010101001010
001010010
1001010101
01010101
100010100
01010111
01001001010
10100001010
0100100101
01010101
0010101001
010101001
0010010101
0010010101
1000101
01000110100
0010101
01000010101
00100100010
011010100
01010101
001101010
01001001010
01001010
00101010101
0101100101
101010101
10010101
101010001
10100101
001010101
10100101
0101010101
1010101
0010010101
10101001001
0101010010
01001010
00000101010
100101010
0101000101
01010101
00110101
101010101
100101010
0100101010
1001001010
1000010010
1010010101
00100100101
101001010
0100100100
0101001010
01010010
0100010101
1000100101
1000100101
0101010
101001010001
100101000
10010101
100100101
001010010
01001001010
10100101
001001001
0010100101
010101000
101010010
01010101
0101010
010010100010
