00101001
00110101
1010101
01010101
100011010
00101010
010100101
1001010101
010010101
0010101
100000101
010101
10101001
001011
01001010
010101010
10101000
1010000101
0101101
01101001
01010101
100100101
011000101
1000101
010100100
100101
01010101
101000101
00101001010
01010101010
010101001
0101001
010010010
10001001010
0110010010
010101010
100101001
01001101
010010101
0101001001
00101001
010010101
010101010
0100101010
010010101
100010101
010101001
00101001
01010101
01010100
01001010
00100001010
0110101
1010101
010010100
1010101
1010101010
1001010101
010101010
1000010010
100101001
01010001
1010101
010010101
1010001
0101001
01010101
1010101
0101001010
100101010
0010100101
00010101
100100101010
0000101010
010101010
0101010
0100101010
10101010
1010101
01101001001
0100101010
010010010
10101010
010101010
01011001010
010101010
101010010
0010101010
010101010
10010010010
0101001001
10010101
0100001010
101001010
10010101
101001001
001101001
0101010100101
0010010010
00001010
01010010
0110010
1010101
10000101
01010010100
101010001
0010010010
010101010
100100101
10010101
0010100101
010101001
01010101
010101
0110101
10101010000
100101010
001001010
01010101
1010101
0100101010
010001010
10101001
0101001
1010101
100101001
1000001010
011010010
001010101
1010010101
01101010
110101010
1010101
01011001
010110010
10101010
01010101
0101101
01010101
0010101001
01000101
01010101
10101010
01001010
00001010010
010110010
1000100101
1010101
0010101010
1001001010
01010101
101000101
010010101
1010101
01010101
010101
1010101
100101001
100101010
101001010
0100101010
10101010
010100101
101000101
10101001
01101001
10010101
10010101
01010010010
0100101010
01010110
01100101
01001001
01101001
0100101010
010101010
1001001010
10001010
01011010
010100101
000010110
01010110
01010101
01010101
010101010
0010101010
1010101
1010101
1010101
01010101
01010101
0010101
0101010010
0101010
0110101
010001101
10011000101
1010101
1001001010
100101010
101010001
01010101
100101010
0100101010
01011010
101000101
10101001
010101
0010001010
010100110
01001001
010101001
01010101
10010101
00001001010
010101010
100101010
10101010
100001010010
100101010
01010101
10010101
01010101
00101001001
010101001
10010101
00101010
00101010
100100100
100010010
010000101010
010101010
001001010
0100101010
1010101
001010101
01010101
01000101
0010100001
01010010
101001010
0101001010
101001001
01010101
0110010
10100101
01010101
010100101
00101010010
0010010010
0100100101
010010101
0010100010
1001001010
1010101
1010101
01010101
0010101001
01010101
0010100101
10000101010
10101010
100010101
00100101001
0010101
1000101
01100101
10010100100
1010011010
0000101001010
1010001010
0010010010
1010010010
00110010010
01010101
001010101
010101010
0100010010
0010010011
001010101
01010101
100010101
010101010
100001010
01010101
101010101
0010101
1010101
01001001
01010001
0010010101
10101001
10110101
10010101
01010101
10100101
0101001010
100101010
01010101
0010101
0101010
10110010
01010101010
0010100010
10001001
10110011
10101001010
010101010
10101010
010101010
01010101
01010101
001010010
001000100010
010010101
01010101
0101010101
0101001
010101001
101010001
101001010
010101010
00100101010
10010010
1010100101
0100100101
1001001010
101001010
01001001
1000101
010100110
100100110
01010101
001010100
01011010
010101010
