00100100101
1001010101
001000001010
0101001010
01010101
01010101
0101001010
100100101010
0010101010
00101001010
0010010101
01010101
01010101
010011001
100010101
0101001000
0101010010
0010010010
100010010
010101010
01001010001
010100101
001010101
01010101
010101010
100100010010
100100101001
0010011001
001010010
101001010
10101001
010101001
010100001
01010101
001010101010
010101010
100100110
01001010101
10100101
010101
010100101
10100101
101010100
0100101010
010100101
0101010
0010101000
101010110
001001010010
100101010
01010101
10010101
0010010101
0010100101
10010101
0010100101
01010101
0010101000
101001010
100101010
100010010
1010001010
101000001001
01010101
101001
010101001
101001010
010100101
01010100
01101010010
10001001010
010100101
01010101
001001100100
100010010100010
10100001010
0101001001001
1010101
1001010100
10100010101
00010101010
00101010010
001010101000000
101001001
01001010
10100110
10100101
01010101
100010101
00101001
0101010101
010101010
0101001011
0100101001
0101001010
0101001010
01010101
0101001010001
1001010101
10101001
0101001001
001010101
0100101001
00010100101
1010101
01010101
100100101
1000101
100100101
001010101
01010011
10010100
0101010101
0111001
00010101001
1001100101
100100101
0001010101001
0010101010
0101001010
001010101
101010010101
010010110010
0100101010
1001000101
101010001
00100010101000
0010010001
010101010
010100101010
100010010
01010101
010101001
10100101
010101001
01010110
1010101
101010101
0101010100
00101001
010100101
10100101
0101100010
010101010
100100010010
0101001010
01001010010
0110101010
1001001001010
00101001
0010100001010
010101010010
10100101
01010010100
001010101
01001001001
10100000101
010100101
01010101
01001001001
010010101
0101010101
00010101010
0101001010
010100101
100010101
1010010010
100101010
0100010101
010101001
01010010
010101010
10001001001
0010010101
01010001010
0001010101010
01001010
0101001001
1010101
010010011
100100101001
0101010101
010010010
00100101010
01010010
01001010
100010101001
010100101
1010101010
0100101010
01010010010
0101010010
01010101
010101010
00101001
0101101
10000100101
001010101
