0110101
0100110101
101010101010
1001001010
1010110
01010101000
001101010
010011010
010101010
111010010
0010010101
001101
0100101
10001010001
1001000101
100101000
0001010010
100010100010
10010101
010101010
001001010100
100010100
0010010010
1001000110
0101001001
000101001
10101010
11001010
01010101
01010101
010101010
0001001001
101000100
101100100
01010101
010011001
10101010
1000101010
100100100
100100101
00100101
0101010101
100100101
010010101
01000101001
010101001
010011001
010000101
001101001010
100001000110
0010100101
010101001
0010001001010
1000101010
0101010010
00101010010
1000101
10010
10000101010
10000100110
01010010
1000101010
001010010001
01010101
01010101
1010101
0101010010
100001010
01001010000
00101010
01010110100010
10001010
001001001010
01010110
010011001
01001010101
10001001010
010101010
0101001010
0101001010
10001001010
1001001010
1001010
0010100010
00100101001
1010101
100100101
010101001000
10101001010
1001000100010
0101001001
01001100001
011001001
10000010101
10101001
01011001
1001010101
1010110
0010010001010
0101010010010
0100100101
100110001
1010010100
0110010110100
1111
1010101
010010100
0100100101
10001010010
01010100101
101010010101
0010100100
1000101010
001010101010
0001010101
01010101
010101101
00100101
101001001
01010101
10010101010
0010010100010
00100100100
100100101
0000100101
010010101
1000100101
100010101
001001001001
01001001001
01001010
01010101010
0100010101
001001001
101010010
10110001
100010010
0001000010
101010001
1000100010010
101010101
1000010001010
0010010101
1010010001
1010101010
00100101010
00110101
00101010101
01010101010
001001010
0100001101
010010101
010100100101
010010011
010010101
010100100
0100010101
0100101001
0100101010
01001010010
000010101010
00101001010
01010101
100010101000
1000010010
10000101010
01010101001
0010100001
10100101010
10000010010
001010101
1010010001
001010101
0101001001
10010101
1010001001
100100101
100010100101
0100100100
0010101001
001010010
001001010010
010101001
101001010001
001010010
00101000010
00100010101
01010101
0010001010
101000101
00101010001
0010010101
1010010101
10101001001
100010101
1010101
0101010010
010101010
01001010010
0101010
01001010
0101000010
01010101
100010101
010010010
00101010
001010101
0010001001
1000101001
0010100101
100100101
100010101
01010100101
100100110
10100110010
1000100010
010100101
0101010100
00101011001
1010101
001010101
1000101001
1001010101
0101010100
10010101
0101010101
00100101010
00010100010
001010100101
0101001001
100101001
10100101
001010001001
10101010
010100101
00000100101
100010101
10100101010
1010101
100001101
01010010101
100000101001
10010010101
100101001
1001001000
1000101001
10010100101
100100101
001010010
00101001010
010010011
00101010010100
010100101
0010011
00101010010
0010001001010
001010101
010101010
00010101010
100101001010
000100010100
1001010101
001010101
0100010101
010101010
01101010
010101001
10010011
101010101
010010101
10010010
1010010101
00100101010
10010110
00100100001
1001010001
00101001010
0101001010
01010101
01010101
010101010
100101001010
00101010010
00101001010
0010010101
001001010
01010101
010011001
100010101
0101010010
011010010
0010010010
10001010010
010101010
1000010101010
1001010010
100101010
10001010010
