010101010
001010010
10100010
0010010010
10100101
00010101
10101010
001010010
100101
0101001
01000010
010010010
001010101
100100101
0101000010
010101010
001010010
0011010010
0100010100
01010101
010101
01010101
1000101010
01001001010
0101010010
01001010
0100010010
010101010
0100101
1010101
010100100
001001010
0110101
001001001
00101010
1010101010
011001
10100101
0010011010
0010101010
10101010
010101010
010101010
10101010
00101010
101010010
0010101010
10101010
100101010
10101010
010101
01010101
010010101
01010101
0010100101
100100101
10010010010
001010010
1001001010
10101001010
010101010
010101010
1001001010
01101010
00101010
10101010
1010101010
0101010010
10101010
1001001010
010010101
1010101
010101010
00101001010
01001001
0010101
001010101
0010101
0010101010
00101010
01001010
00010100010
100100101
0101000001
1001010100
1010101
10101010
10010001010
0010101010
00101010
1000101010
001010001010
10101010
010101010
10010101
0010101001
001101
10101001
0101010
10101010
010010101
01010101
01010010
01010110
010100101
0100101001
0101010
00101010
1010101
0100100101
100001010
010010110
1010101
010100101
010010101
10100101
01001001
01010101
0101010010
1001001010
0100001010
00101010
1010001
1010101
01010010101
01010101
01001010
010101010
1010101
1001001
0111010
11010010
01001010
01010110
1010101
01001000101
0100010101
001010101
1001010
1001010
00101010
0101001010
100101010
101000101010
000110101
01010101
010101010
0100101010
1000101
00100101
0101001010
01001010
100100101
1010101
01010101
1001010101
1011010
01010101010
10101010
0101001010
0101001
1010101
1010101
100101001
1010101
01010101
0010101
10101010
010101010
10010010
01010010
010101010
001001001
1010101
0101010
0100110
1010101
010101010
0101001001
0010101
00101010
00101010
1010101
010101
0001010010
001010101010
101010010
1010101010
01010010
0110101
0010101010
101001010
1010101
00100101
010101010
1001010
1011001
01010101
010101010
010101010
0101010010
0100101010
00101010
100010110
10010101
0110101
00101010
101010010
010100101
0010101
001001001
1010011
1010101
1010101
00101010
010101010
1010010
0101010
00101001
1010101
1010010
0010100010
1010101010
01001010
10100101
1010101
10100101
0100100101
010100101
1010101
0101101
0010101
00100010010
1010000010
00010010010
10100010
001001010
01010100
1010010
0101001010
0101010010
0100110010
10101010
00100101010
010101001
1010101
010101010
11101010
01010010
1001010
010100101
10100101
01010
101101
01010101
1010101
0101010100
10001010100
1000101010
10101010
0010101
0100101
01001010
0101010010
0101010
1010101
1010010
10100100
100010100
10101010
01010101
10101001
01010100
100100100
1010001
0101101
01010101
1010011
010101
0100101
01001010
0100101010
01100101
01010011
01010101
10101000
00101010
00101010
01010101
010101
10100101
1010101
00100101
01010101
01010010
0010010010
0101001
0010101
010100101
001011001
1010101
01010101
1010100
0010101
01010101
010100101
10101010
011001010
0101001010
00101010
10101000
0110101
10010101
0100101
010101010
10101010
01010101
001010101
010101
1100101
001001010
10101010
00101010
10001010
0100101010
1001010
10101001
01010101
01010110
00100010
101001000
01010101
00101010001
01010010
00100101
1100101
010100101
00100101
101001010
00100110
10101010
10101010
101010
1001100
010100101
0100101
01010111
10101
01010010
1010101
01011010
0101010
1010101
101010
00101010
10101010
00101000010
010101010
1010101
01010101
10100101
00101001001
101011
01010101
0100101010
101010010
1001010010
0101001010
0101010
001001001010
01010101
1011010
0010101
0100100101
0100101010
01010100010
0010101
1010101
010010101
1010101
001001010
010101010
1010101
1010101
01010101
100100101
01010101
10100101
011010010
1010010010
0110101
100100101
10010100010
1001010
001101
0100010101
1010101
001010101
10100001010
100110010
101001010
01001010
01010010010
0000101010
010010101
1010101
001001001
1010101
01010101
101011
0101001
011000101
0101010
001001010
01010110
0100101
010101010
010010010
0011010
101010
0101001010
000101010
0011011010
10101010
010101
0100101
10101010
10101010
1010101
001010101
00101010
10101010
010101101
0011010
00100101
10010010
00101001
1010101
101010
10101
1000001010
101010
00101010
01001001010
010100101
010101
010101010
10101010
010101001
101000101
1010101
00010101
01010010
010101010
0101001010
0010010010
0101011
1010010
010101010
0100110010
01010101
001010101
1001001010
001010010
101001010
1010010
001001010
0100101010
10101010
01101010
001101001
10101001
0101010
0101010
10101001
0100101001
10101001
001010101
00101010
10010010
10001010
010001010010
10010010010
01001010
0110001010
100101010
001010010
101001010
101001110
0100110
010101010
1010010010
00101001
01010101
01010010
1010100010
0100101010
100011010
010101010
010101010
1001110
0110101
10101010
00100101010
100101
0100101
001001010
10100010010
10101010
1001010010
1010001001
00101001
1010001010
00101010
001000101
010100101
100101011
1010100101
001001010
00101010
01001010
10010001
10100101
10100101
10010101
10001101
01001010
0010101010
1010001010
010101010
010101010
010101010
0101001
0101011
001001010
100101010
01010100010
00101010
10010010
1001010
0010101
10101001
001001010
010101010
0101101
1000101
0100101010
100010010
0101010
00101010
10101010
101001010
1010101
010010100
10101001
010100100
01000101010
010101010
01001010
1010101
1010010
1100010010
1010010
010101010
0101001010
010101010
0011010
10101010
00100101
01010101
01100101
00110101
1010101
0010101
01001010
011000010
1001010
1010100100
10101010
1010010010
01010101
1010101
101011
01010101
1010101
001001010
010100101
01000101
010101010
10101010
1010010
10101010
00100101
0010101
0100010010
0101010
100101
01010101
0101011
1010101
010101010
001001010
001101
001001001
10100101
100100101
010101010
01101010
00101010
010101010
01010010
01010100
100101010
0010010010
001011
100101
01010101
000101001
1000101
010010101
1010010
0001010
1001010
10101010
0101010
010101010
01000101
010010100001
100101
1010111
00101010010
01010100010
010101010
010101010
100010
0100101010
0110101
001000101
10001010
00101010
001001001
1000101000
010100101
10101010
0001001010
0001001010
1001001010
010100100
0101011
010101001
10001010
010101010
1010010
10110010
10101010
010101010
10101010
0101001
010101010
010110010
1100101
1010101
0001010010
010101010
101010
010101010
100001010
1010010
10100101
1010101
10100101
010100010
001010001
01010101
1010010
00101010
0010001010
10101010
01001001010
0010100010
100010101
100010101
0101010
010101
10101010
00101010
10101001
0101100
0010001010
100101010
101010010
10010010
1010001
100101011
1010101
101011
10101010
101001010
0101010
0111001
01010101
0010101
100101010
001001001010
100101
01011
1010101
0110101
01010010
001000101000010
101000101
01010101
1010101
11001001
101010
001000101010
01010010
010101010
01010010
010110010
0101001
1001101
00100101
01010101
10101010
0000001010
10010101
101010
00101010
001010001010
01010100
100101
01010001
10010101
0101010
01010101
01010101
0100100101
10101010
1010010
001010100
1010101
1010101
10100110
00101010
100100010
1100101
101010
001010010
001001010
000101010
100100010
1010101
01010101
00101010
10101010
0101010001
010100101
1010010
01001010
100101001
1001001
010101010
00101010
1010101
1000100001
10101010
10100010
0101010
100101010
10101010
010011010
011010010
010001010
0000101010
010110010
0010100010
1010010
1010101
01010101
010101
101001
00101010
00101010
1010101
1010101
100101010
0001010
0101000001
00101010
0100101
010101001
10000101
01010101
001001010
1010010
000101010
100101010010
00101010
010100010
1010101
1010101
1010010
0101010
00101010
0101010
1010101
1001000101
000101010
01001010
00101001
01010101
100101
0100101
0101010
01010010
010101
00100101
01001010
011001010
0001010010
001001010
1000111010
0101010
01001010
10101010
10001010
01110010
00001001010
0101010
000101010
010101010
01010010
0010101010
10010100
10100100
01010010010
1001001010
001001010
00101010
0101010
010101
0101010
0011010
1001001010
101010010
00100101
1000100100
0101101
10000101
010101
00010101
100101001
01010101
10101010
0100101010
01001010
1010010
101001
01010101
1000010010
011001010
100101001
10010101
100101010
0101001010
010101010
0101010
01001010
0010101
0100101010
10100101010
0010101
100100100
10100101
0110101
101011
0101011
1000101
1010101
0101010
0101010
00101010
10100001010
010100101
00101001
001001010
00101010
1101011
0101100
10010010
01001010
01001001
10101
1010101
10010101
011101
1010101
100100101
0101001
0100010101
010010101
010101010
01010010010
0101010
010101010
101010
101000101
01010101
010101001
0101001010
0010010010
10001010
001001010
010101010
010001010
01010010
0101001010
1010101
011000101
010101010
10101010
1010101
1010101
10100101
10010110
1010010010
010101010
10100101
1010111
1100101
10010101
10101010
10101010
00101010
001001010
1010001
01100101
010100100010
100101010
01010010010
0100101010
1010110
01000101010
01001010
10001010
1010101
0101000101
010101010
1001010
0010100101
1010111
0010011
1010101
01010101
0010101
100010010
0101010
0110010
10100010
00100101
010100101
1010101
01010101
010101
1001001
101001
101001001
01010101
0101001
10010101
01010101
01001010
01001010
1010101
1010111
10101010
1001001010
010101
10001001
00101010
01001010
101010001
101100101
010011010
001101
001010
0101010
0101010
010000101
10000101
0010101
10101010
01010010
01010101
01010100
010101010
10010010010
01010101
010100101
00100101
001010101
01010101
0101001
010100101
0010101
010101010
00101010
01010101
1001010101
01010010
100101010
010101001
1010101
00101010
1011010
00101010
01001010010
010101010
01010010
1010101
01001001
101000101
1010101
0101001010
01011010
10101010
10001010
0101010010
0101010
0010101010
00101010
10101010
10101010
1010010
101010
0010010
10101010
01010101
101000010101
010101010
100101010
01001001
01010101
010101010
01010010
01010101
00101010
01010010
01010010
101101
01010100
010010101
01001010
1010101
1010101
10101010
0100101010
10000010
00100101010
1001001010
1010001010
10110101
0010101
00101001
1010101
101010010
000101010
1010010
10101010
101001
01001001
0101001010
0100010
010010101
011001
1010101
0101001
01000110
010101010
010101
1010101
0100101010
1001010
010100101
1010101
0010100101
10100101
0101101
0101100
01001010
01001010
10001010
00101010
10101001
101010
101011
1010101
1010101
0010100101
01010101
1010101
01001010
010101010
100010010
01001010
0101010
10101010
0010101
1011010
01010010
010101010
10101
1010101
10101010
0100101010
010100101
0010010101
001010010
1001010
10101010
01001001010
10101010
10001010
00100010010
01101010
01010101
10101
010010010
00101010
0101010
0100101
101010
001001010
10101010
101010010
10100010
010101001
01010101
0101101
01010100
001010100
001010010
101010
1001010010
0101010010
101001
001001001
0001001001
0100101
1010010
00101010
10010101
0100011
10101010
100101010
110100101
01010101
100001010
001010010
10101010
101010
00101010
10001010
101001010
1001010
01101010
000101010
00001010
10100010
100101
1010101
01010010
0100101
100101010
01010010
0101010
01010010
0101001010
0000101010
01000101
0100101
100100101
1010101
001001001
010100101
010101010
1000101010
0101001
0010101
0100101010
10101010
00010010010
010101010
0001001010
0001010010
0010100010
10010010
01010101
010010101
00101010
101001010
10100101
01010101
10101010
00101010
01001001010
10001010
0100101
01010101
010101010
0011010
010100101
1000101001
0101010
1010101
0011010
0010101010
010110010
10010010010
1001001010
010001001010
100010101
01010101
010110010
00101010
010110010
00010101010
0101110
0101001010
101001010
001001010
10100101
1010101
0100110110
00101010
10101010
10101010
0001010000
010101010
01010101
0010101
010101
10100001
00101010
0101010
010010101
01001001
01010101
0101001
00100101010
1001011
0101100
00101010
01010101
01011001
0101011
01010101
100101010
010101010
1010010
0101010
0101001010
0101010
00101010
010101010
0010001
1010101
010101010
0101010
01010101
101011
010101010
001001010
10101010
0101010
00101010
1000101010
01010101
010100101001001
