01101010
0101001010
1010010
10101010
00101101
100101010
01010110
100100010
10000101101
1010101
0101001001
10100101
1001010
101001010
001010010
0010010010
101001010
100100100010
01010001010
010000100010
101000101
1010101
0100010101010
10101010
010100101
0101001001
0101001010
0100101010
1001001010
0100101010
10101001
1010101
1000101010
100101010
101001010
010011010
1010101
0101001
0101011
001010101
0101001010
10101010
0100101010
01010010
01010010010
010101010
0010001010
010101010
010101010
100100010010
100010100
0000011
01001010
010001010
100101010
011001010
100101010
010011010
010101010
001001010
1010101010
101001010
1010101
1010101
00101010
1010010010
00100010010
0100101010
00101001
00101001
010010010
100101010
100101010
01010010
010101010
010101010
10100101
01010101
100101010
1001010010
0010010010
010110001
010101010
01010010
101010011
100001010101
0000101010
1000101010
10101010
10101010
0100100101
01010001
01010010
010010010
010010101
01000101
01001010
100010010
0101010010
10101010
0101010010
01010010010
0010001010
01001001010
01010010
010100010
010101010
01000101010
1010101
010010101
00101010
0100101010
0101011
101010
0001001010
0101001010
1000100101
1010101
00010101010
100010010
0101101
00100101
10100101
00100100101
100100101
01011001
10001010
10001001010
011001001
1010101
0100100101
10100001
0101010010
01001010
01010101
1010101
00101010
0101010
010101010
0101010010
10101001
010100101
100101010
1010101
01110101
0010101
00101010
0010010010
10101010
010101010
10101010
0101010
10101010
10101010
001001010
0110010
01010010
10101010
010101010
0101010
1010101
010000101
0101010
010011001
01010101
0101000101
10100101
1000101
010010101
1010101
100100101
100010101
1000100010
010101010
1000101010
010101010
10010100
01010101
01010010
001001010
10101001
0101001
010010010
010101010
01010100
01010101
001010010
01000101010
10001010
10100010
010101010
01000110
010010010
00101010
000100101
10010101
001010010
01010010
010101010
101001010
010010101
01010101
01010101
10101001
10100010
01001010010
010010101
0101101
01001010010
1000001010
0101010001
010101001
01010101
0100101001
0101001010
001010010
01010101
1010101
1010101
01010101
0100101010
00101010
01010110
010101010
10010001010
10001010010
1010101
10101001
01010101
10010101
0010101010
0100001010
1010101
0010100101
010100101
001101001
100101011
10100101
001010101
1010101
010101010
000101010
11110010
10101010
0101001
010000001
01001010
10101010
1000101010
1010100101
001001010
10101010
10101010
01000101010
0100100101
10100101
01010101
0101101
0010010010
10101010
01001010
1000101010
0101001001
101010001
100110010
1000101010
0110101
1001010101
01010101
01010101
0101010101
0100100001
10100101
1010101
1010001010
100101010
10010101
10010101
001001010
101010010
10101001
01100101
010101010
100110010
0101001010
01010001010
100101010
1000110
1001000101
01010101
0110101
0100101
10101010
10101010
001001010
10101010
00101010
10001001010
001001010
0100101010
0100101010
00101010
0100101
10010101
01010101
01010101
01010101
1010101
101010010
0000101010
1010001010
00100100110
01010101
010010101
100000001001
010100101
00100100010
0001010010
001010101
01001001
00101010
010101010
0100101010
00101010
1000101010
010101010
1010101
1010101
10101010
0010101010
100010100100
00101010
1001001010
0101010
0010001010
0100101010
01000101
10100101
001010101
1010101
001001010010
010101010
01010101
1010101
10101010
101010010
101001010
10101010
1010101
0010101
0010001010
00100010010
0010101010
010101010
00100100101
01010101
010010101010
010101010
001001010
00101010
10101010
0101001010
01001010
01010101
0101010
0100101010
1001010010
0010001010010
00101001
01001001001
01000010010
100101010
0101010010
10101010
01010101
10100101
0001010010
10101010
10100101
01010101
10101001
0010100101
00101010
101001010
0000101010
00100010010
001001010
01001010010
001000010010
0010101010
010101010
01001010001
010010010
100001010
1001001010
1001000110
01010101
0100100101
01001010
100101010
101000010
010101010
10100110
10101010
01001001010
1001010010
00010101010
101001010
10100101
010101
10001010
10011010010
0010101010
001001010
1010101
10100101
010100101
100101001
1010101010
10101010
10001001
01010101
010101010
001101010
10010100101
1010101
0010010010
010101010
00101001
010101001
00101001
100010001
01010101
10010101
010101010
01010110
010100110
010101010
010010101
010010101
100101010
01011010
01010010
100100010
0101001010
101001010
01010101
00001010101
01010101
010100001
010101010
01011010
010101010
000101010
010101010
001010010
010101010
0100101010
1000100010
010101010
101010010
001010000
10010010
1000101010
001010010
101001010
10100101
100100101
10101010
10001010
001010010
100101010
10100101010
001101010
0010101010
01000010010
100101010
010101010
01010101
01101010
010010101
0010101
0010101010
01001001010
001001001010
0010101010
1010101
1000100101
100100010
0101010010
0100100101
10100101
010010101
0100101001
0100101010
00101010
001000101
01010101
01010101
0101001
010101010
10101010
001010001
01010101
10010010
010101010
0010001010
0010100010
0101001010
0101000010
1010101
001101
1010101
0100100101
0100100101
1010101
010101010
00010101010
1010101
10010101
000100101
10101001
101001010
0100101010
1000101001
0100101001
101010010
0010010010
10101000
01010101
10101010
101010010
01010010
1010010010
0101010010
010001010
10010110
0100101010
0101001
100010101
10100101
01010101
1010101001
0101001001
100101
1010101
010010010
010101010
1010101
010010101
0010011010
10101010
01000101
1010001011
010101001
01010101
010100101
0001010101
01001001
1010101
1010101010
01101010
10100101
01010101
10101010
11010010
001010101
010100101
000101010
001001010
0010001010
00100101010
100101010
100101010
01011
010010101
0100101001
001010101
0100100101
0010100101
1010101
10010101
0010001001
0010101
001001010
0100001010
10001001
10010101
011001010
10101010
001010100
0100101010
010010101
1010101
10100101
1010101
0100101
01010101
01010010
01010010
1001010
10000110
010100110010
010101010
01010101
0101010
0101001
010101
00010100010
0010010010
01010101
1010101
1010101
00000101
010010101
0101001
10100110
10010010
10010101
001001001
00101010
0101010010
10101010
001001010
0101010101
010100101
001010010
010001010
010101010
010101010
0010101
001011001
10100101
010100100
0101010
0100101010
101101
10101001
010010101
0101000101
0101010010
10101010
01001010
11001010
1011010
11001010
00101010
0100010010
0100110010
011101010
100010010
0101010
00101010
010101010
100001010
01001010
00000001010
10010010
001010010
000101010
10100101
01010011
100010101
100101011
0101010010
010101010
100001010
0001010010
01010101
0101010101
100100101
0010100100
01101010
001001010
000010100010
100101010
100010101
10100100101
1000101010
00101010
010100101
100101001
0000101010
01011010
1010101
010101001
000101010
010100101
01010010
010101
01010101
00010101001
010100101
0101010101
1010101010
0101001010
01010101
01010101
1000100101
1010101
001010001010
0000101010
10000110
01010110
100101010
0101010010
010110101
01011001
0101010010
0010101010
010101010
01101010
1001010
00101010
0101010
101000101
010010010
00101010
010100101
1001001001
10010101
01001001
00101010
01010100010
01010010
00101010
010101010
0101001010
00101010
00101010
00100101
0101101
100101010
10001001010
100101010
1001001010
010010101
0010100101
1010001010
010101010
010010010
0010010010
00010101
0101001
1010101
010101011
01010101
10100101
10101010
10101010
001000101
1010101
0100101
1001001001
00101010
1000101010
010110010
01101010
001001010
01001010
010010101
1001010101
010101010
0001010010
100100101
1010101
010101010
10001010
0100101010
10011001010
01010101
010100101
1000100101
01010101
010101010
10101010
00101010
101001010
101001010
0010010010
001000110
010101010
100100110
0101010
0001010010
10101001010
00101001
0010101001
01010010010
0010010010
010010010
01001010010
010101010
10100100010
0101001010
000010010010
101001010
0010001010
001001010
100101010
1000101010
001001010
010101
011010101
01001001010
10101010
000010110
00101010
01010110010
10101010
01010101
1010101
100101001
0010100100
100001010
101010010
000101010
10001010
100101010
00101010010
010100101
0110010
01001001
10100101
010010010
001001010
10010010
010100010
000101010
01010010
001001010
01001010
1000100101
1010010
010101001
10100101
001010001
01010101
101010010
011001010
100101010
000101010
100010101
10010101
1001001010
10010010010
1000101010
010101010
1001001
1010100101
10101010
0100101010
1001010010
010101010
10010101
10010101
01010101
0101001
00101001
01010001
010101010
000101010
1000101010
0001010010
0010001010
0101010010
01010101
100010101
10000011
01010101
11101001
0101001
010101010
1001010
010010101
001000101
01010101
1010101
01010101
01010101
01010101
010010101
010101010
000101010010
01010101
01011001
0010100010
101001010
01001001010
010110010
0100101010010
00100101010
01010101
010001001
001001010
010101010
010010101
010101001
010110010
01010101
1001001
010100001
1001000010
0100001010
010101001
100100101
0101001010
00101010
1101010
10101010
10101010
01010010010
01010010
001001010
1001000101
100100101
0010001010
10101010
10010101
1010010101
0100101
1000100100
1010101001
010101
100001101
00101001
10011010
101001010
010101010
10101010010
1000101001
10101001
10100101
01010101
0101010010
010101010
01001010
0100100010
0010001010
0010001010
1010101
10010010101
101001001
0101001000
0101010
100001010
00101010
100101010
001010010
10101010
1001001010
001010010
0000101010
10001010
010101010
0100101010
1010101
010010101
010101001
0101001
10010000010
010101010
10101010
0100101010
101000110
0000101010
010010100
01000101
00100100101
01010010
010011010
01000110
0010100010
1001010010
0010101010
010101010
0101011
1010101
010100010
01010010
0101001
01010101
010101001
000101001
10101001
1001001
0101001
10100101
00100101010
101001010
01010101
0000010101
1010101
101010101
010001010
01010010
0100101
001000101
10001001
010010101
00010101010
101001010
010011010
100101010
10010101
1001001001
010101001
10101001
010101
01110101
01010101
100010101
10010010010
010010010
0100101010
10001010
01010101
1010101
01010101
010101001
0101101
1010101
00100101
100010101
100000101
01001101
010010010
1000101010
010001010
00101010
10101010
01001010
1000101010
01010110
01000101
010101001
01010010
010001010
1001000100
101010
101010010
1000101010
1010101
01010101
001001010010
01011010
100100101
010101
010101
010100101
1010101
01010101
01010101
10010101
01001010
10101010
001001010
0101001010
1010101
010100101
01101010
1010010
1010101
100010101
10101010
0110010
01101010
01010110
10101010
0101001010
010010010
01010100010
0010011
01010101
1010010
010101010
000101010
010101010
1001001
0101010
10101010
10101010
0101010
1001001
101001010
010111010
1010101
010010101
01010101
10100101
010101010
010110010
101001010
0001001010
10101010
011001010
10101010
011001010
01001010
100001010
100010010
010010010
01010100010
10101010
100101010
001001010
00010101001
01010101
0101001010
01001010
10101001010
0101010010
0110101
001010101
010101010
010101010
01011001
0010101001
010101010
0100101010
01000101010
10101010
10101010
0101010
01010101
01010101
10010101
01010101
00001010
0100001010
0101001010
0100110010
100101010
100101010
010010101
10101001
10010010
010101010
010101
10101001
1000110001
1010101
10101010
0000101010
0101001
10010101
100100101
000100101
10101010
0101010010
01010100010
101001010
0100101010
101010010
01010101
0100101001
0010010010
0010010010
01001010
1010101010
010010101
010010010
0010001010
010110010
1001001
10100101
0101010
0010010010
01010010
00101010
10100101
100011001
011001010
00101000010
01010101
0101011
0101010001
101010
0100001010
0010001010
0100101000
100101
010010101
01010101
010010
101010101
001001010
10000010010
010101
010101001
010101010
10110010
01010101
010100101
1010010110
01101010
0010101
01010101
010101010
10101010
1001000101
01010101
101001000010
101010010
010100010
01101010
101000100010
10001010
010010101
010010010
0100101010
010101010010
0101001010
010101010
0100100101
0101001
0101001
10010100101
10101001
0101001000
100010101
01010101
101001010
10101010
1001001010
01010010010
1010001001
101010101
1010101
1010101
0001001001
10101000
0101101010
010101010
1010010010
010101010
00101010
00101001010
0101011010
01001010010
010101001
0010100100
101101010
001001010
00101010
01010101010
100110010
101010110
010101001
010100101
100100101
100101001
010101010
00100101010
101001010
001010010
100010010
01010010
10101010
010101010
1000101010
100101010
1010101
100010101
0010010010
010101010
100010101
10100101
010101010
0010101010
1010101
101010100
01010011
10010101
010101010
0001001010
10101010
0010010010
010010010
0101010010
01010101
10010101
0010101010
0101010
010100101
010101001
01000101010
1001001010
010101010
10101010
101001010
10010101010
10100101
0101101
01001010
0010010010
001001010
000101010
01010101
100001
10100101
01010101
0101010
01001010010
01010010
10101010
011001010
010101010
101010010
0010101010
1001010010
10101010
0101010010
00101010
0100001010
010010010
01100101
010010101
010001001
010100101
0010101010
100101010
010010101
0001010101
00100101
01010101
010101010
1001010
10110000100
0000101010
01010101
001011001
0100010101
01011001
101010010
1010101010
100101010
01001010
0001001010
001001010
0100101010
01010001010
0000101010
010001010
00101001
100010101
01010101
01010101
01001101010
10010001010
01101001
10100101
010101010
1010010
01010010
10001010
01010110
00101010
010100101
10101001
01001010
100101010
10001001010
001001001010
010101010
010101010
01001001010
0010001010
101001010
1000100010
0100101010
1000101010
0101001
00101001
0010010010
0010101010010
010010101
10100101
10100010
0100101001010
101010010
0101010
00100101010
011001010
01010001010
01001001010
100001010
10101010
010101
01010101
10101010
10100101010
1010010011
100010101
01001010
01011010
10010101
001101
101010101
0110010100
0100001010
10100010
01010101
010000101
1001010010
010101010
1001010
100110010
011001
100100101
010010101
000010101
01010
0010101
10110100
010100101
00100010001
1010110
10101010
0100101010
01000101010
01010010
010010010
100010010
101000101
01010101
0101010010
1010101
1010101
01011001
0011010
010010010
01010101
0110101
1010101
01001001010
1000101010
00101010
101010001010
010101010
1001001010
0010010010
1001001
010101001
0101010
0100101001
0000101001
01010101
010101010
1000101010
010101010
10010100101010
01001001010
1000110010
010010010
0101010
100010101
0110001
10001010
00101010
01010010
000101010
01001001010
10101010
01001010
1000101010
0010101
010010101
01010010
100010010
1010101
010101001
0100101010
01010101010
1010010010
001010010010
101011
100100101
1010101
01000101
101101
10010101001
0100100101
010010101
0101010
10101010
1010101
010010101
10000101
10101101
010101
10100101
1010101
0100101001
010010010
0001010010
010011010
100010010
010101010
10011010
1010101
10010101
10010010
00101010
0110101
1010101
100010101
0101001
10101010
0101010010
010101
100010101
100101001
0101010101
01011010
010010010
010101010
010101010
10001000100
10010101
10101010
010101010
0100101
1010100101
00101010
100101010
010101001
1010011001
00010001010
10101010
0101010
1000101010
001001010
01010010
01011001
100010100
101001010
01001010
010001010
0010101010010
100001010
010101010
010010100010
10001001010
1011001
001010101
00101010
010101010
010101010
1000101010
0010101
1010101
010010101
101010101
101001010
010101010
10010101
010101
001010101010
0100101010
1010101
1000101
00101010
010101010
011010010
1000101010
0101101
010010101
0101000010
10001010010
100101010
010101010
100010010
0010100010
0011010
000101010
010101010
10101010
0010010010
0010001010
10101010
010101010
010100101
00101010001
00101010
1010001010
10101010
0010101010
010101001
10101
0101010
010100010
10010101
1010101
0100101000
001001001
010101010
10001010010
01010101
101010101
1010101
01010101
0101010101
01010001
01000101001
0010101001
00101010
010101010
010010010
100010010
0101010010
1001001010
1001001
101001001
010101001
1100101
001001001
100100101
0010101010
010101010
001010010010
100010010
01010100010
10001010
0101010
1010101010
0010010010
0101010
10101010
100101010
01010110
1000101010
1010101
01010101
10010010
100101010
0101001
01011001
01010010010
1001010
0100101
001000001
01010010
10100010010
100101
101010
01010010
001010010
0100100101
0101001
0101001001
100100101
00001010010
010010010
10101010
010101010
0100100101
1010101
010101000
100010101
01011010
001001100010
010010001010
010101010
010010010
000100101
100100101
00100010101
1010010101
1010010001
101010010
010100101
101010101
10101001
10100101
00100101
1010101010
01001010
0100100101
101010101
0101010010
0000101010
010101010
1010101010
0100101010
0010001010
0101010010
0100010010
010001010
1010101010
10101001
010100101
010100011
10100101
01010010
010101010010
0101010101
0010000101
101001010
1000101010
0010010101
001001001
0101001
1010101001
1001010
01010101010
0101001010
0100101010
010101010
000101010
001010101
1010101
0010101010
0010001010
10000101010
101001010
001001001
01010101
0010001010
01010010010
10100101
10100100101
0101001010
001001010
001001001
010010101
1001000110
001001010
00101001
010001001
0100101010
010001010
01001101
001010001
100101010
00101010
0101010
00101001010
00101010
01010010010
010101
1010101
01010100
10010010
0010010
010101010
01010010
100101010
00010101
010010101
01001001010
00100101010
10101010
010101010
010101010
0100101010
0011001
010101
10100101
010010101
101001010
0101001010
00101010
0100101010
010101010
10101010
01010101
01010101
010010101
1010101
01010010
010101010
01010010
011010010
01010101
00101001
010101001
010010101
01010101
10100101
1001010010
010101010
100101010
1000101010
10101001
001001010101
100010101
010100101
0101001010
1001010010
010101
001000011
100010010
1010100010
10100101
001010101
00101010
101001010
001010010
0101010
101001010
101010010
1010010
001000101
001010101
1010101
1011001
01001001
10100101
1010101
010011010
010100101010
0101010
10101010
0101001010
01001010010
001010010010
1001010010
1000100010010
100010001010
010010110
00100100101
1010010101
100101001
010101010
001001010
0100100101
010100101
1010101
001010101
00101010
10010010010
01001001010
0100101010
010100101
1010101
01010101
01010101
0010101010
1000100010
010100010
0101101010
10101010
000101010010
010100101
101010101
10010101
0010101
10000001010
0100101010
10010101
0101001
010011001
01010101
010101010
0101010010
100100101
100101001
0010010010
010101010
1000101010
01010101010
1010101
01010101
00101010
101001010
0101001010
010101010
10010101
0010101010
001010001001
10100101
0101000101
1010101010
1010101
010101
0110001010
1010101010
100101001
01101001
0101010010
100001010
0010101010
0100101010
0101000101
01011001
100101001
001101
10010101
1010101
1000100010
01011010
101010101
10100101
10010010010
0010001010
0010000101
01010101
01010010
1001001010
010101
010100101
010001010
010101010
0100101010
010001010010
010101
0100010101
01010010
010101010
101001010
0001010010
01010010110
01010100
01001010
0001010101
00101010
001010010
01101001
0000101001
01010101010
010101010
10101010
1010100010
0100101010
010101010
010010101
10100101
01001001010
100101010
010101010
100010010
10101010
0100010010
10001010
0101001010
1001010
10101010
0101001001
010010101
010010101
010010101
0100101010
010101010
10101010
0010101010
010010010
0100101010
01010101
10010010101
100010101010
1000101010
010010101
001001001
1001001001
10001001
01001010
0010101010
100101001
10100101
1010101
10100101
10010101
001001
10010010
00001010
0100101010
100010010
0010101
100010101
100101010
0101001010
0101010010
010010010
010101010
0101001010
10010010
100000101010
0100100101
0101010101
0101001010
0100110010
101000101
000010101
100101
0100101
001001010
010001010
1010100010
00101010
0101010
01001010
1001001
010101001
001010101
010100101
10001010
010101010
00100101
1010101
010101010
0010101010
010101010
1010001010
0101010
0101010010
10100101
01010001
1000100101
10101001
1001010010
01010100010
1001010010
01001010
0101001010
0000101010010
1010101
100001101
10001010101
0010001001
10010010010
1010101010
0000101010
100001010
100101001
010101
100000101
1010101
0100101
010100101
1010011
0101001
01001010
01010010
1010101
0101010
00110101
0100101001
00101001010
00101010
10101000010
010010101010
10010101001
010010101
01010101
010100101
00100010010
10010101010
1010010
010101010
1001010010
100101010
00100101010
0001010010
1010101
010010001
010101010
010101010
001010101
10001001
0010100101
01010101
010101010
100101010
10010101
0010010101
0101001010
00101010
100101010010
0010001010
010101
010010101
010101010
101001010
00100110
0100101010
100010101
010011001
1010101000
1010101
0101010010
010101010
10100101
010010101
0101000010
00101010010
001010101
01001001
1010010
010101010
0010100101
0101010001
101010101
001000101
100101001
001010101
01010010
01000101010
01001010
010101010
10001001010
010101010
0010101001
001000101
10010101
0100101
101001010010
1001010
100010101001
1010101
010101010
1010101
101001010
0010010010
0110101
01010001
01010010
010101010
000010101
0110101
101001010
010101010
010010101
01010101
101001
1010101
10101001
1000101001
1010101
010100101
10100001
10100101
10101010
100100010
101010010
010110010
10000101001
1010101
10000101
0100101
0101001
101011
01010101
01010101
10101010
010101010
1010101
0100101
100100110
10101010
0100101010
0101010010
101001001
010010101
01010101
010101
00100101
01010101
1001010010
0010101010
010101010
01001001010
01010101
10001001
10101001
1010101
011010010
00000100010
10101010
0101010010
100101010
100101010
010100010
10100010010
101010010
100101010
0101001010
0011010
10001001010
00101000010
0101001010
1010010010
01001001010
0110001010
0101001010
10101010
010101001
01001001
1001001
0101010101
00100100101
010100101
001001010
10101010
10101010001
0010000101
001001001010
100101010
100100101
0101011
10001001
011010101
0101010010
101010010
10101010
10101010
0001010010
10101010
00101001010
0100101010
001001010
010101010
010101010
1001010010
010101010
0101011
001001010
10101010
00101001
010101001
1010101
1010101
101010101
0010010101
0101001010
010101010
010010100010
0101010010
0101000010
10101010
01001010
010101010
10101001
01101001
100101010
1010010010
001010010
10010100010
00000101
0010010
101010010
010101010
1010100101
101010010
1001010010
010001010
1010101
1001001
10101010
100000101010
00101010
010001010
01001001010
001010010
0101010
0101001010
101010101
0010101
00101001
0101001
010101010
100010010
1000101
1010101
010010010
010010010
10000101
0101001
01101010
0010101010
10100101
01010101
001000101
00101001
10000001010
101001010
1010101
01010101
001101010
010101010
010101010
01101010
0101001010
01010101010
10100001010
00001001010
101001010
0101010
10010101001
10010101
001010010
10001010
10010010
001010010
010010110
01100010
0101000010
10101010
010101010
001010001010
0010101010
100101010
01001010
01001010
00110010
01001010
001010010
10101010010
010101010
000101010
101010010
010101010
01010010
010010010
01010101
1010101
00010010010
0010001010
10100101
10010001001
10101010
0101001010
1000101010
10110010
10100001001
10011001
10101010010
0010101010
101001010
00010100100
010101010
01001010
0000101010
010101010
010010001
010100101
100110010
00101000010
010101010
01010010
010101010
010101010
01010101
100010101
1010010
0010101010
01010101
001011001
0010100010
010101010
00101010100
001001010
0101001010
100101010010
01010101
1010101
1011010
1001001001
0010101
10001001001
001001010
0010010010
0100101010
01101010
101001010
01001010
0010110
01001010
0001010010
011001010
01001010
01010010
0100101
101001001
01010100010
100101010
0100101001
001010101
01010010
101010110
0010010101
1010101
10101010
010101010
01010101
010100101
1001010010
10101010
01010101
10101001
1010010
0010101010
0101001
00100001
00001010
101001010
01010101
01001001
10010101
01010101
01011010
010101010
1000101010
01001010
1010101
10101001
10101010
01010101
0010101010
00101010
010010101
001010001
01001010
001001010
01010101
01010101
00100010
1010010
0010101010
01001010010
10101010
01101010
0010100010
010011010
1001001010
101001010
01010101
01001010101
00101010
010101010
0100010
10101010
010001010
001010010
10100101
01010101
0101001010
10010010
01010010
100101010
0101010010
0010001010
00100101
0101011
10010101
01010101
010101010
00010100010
001010010
010101010
0010101010
0101001010
010100101
10001000
1010101
01010101
01001010010
10010010
0101010
1010010010
0101001
010100101
01110101
01100101
01010101
01010101
01010101
101010101
00100101
00101001001
0010101
00100101
010101
0100101001
0010110
0101010010
10001001
010101
10010101
00100100101
010101001
0100101001
10101010
100100010
1010101
1010101
1010101001
10010101
101101
010101001
1001001010
101001010
10010101
001010101
01010101
01010101
1100101010
01001001010
001001010
10101010
010010101
10010101
1001001
01010101
10101010
10101010
0101010010
100010010
0101010
0010101
0101010
00101010
10101010
010100101
1000001001
1010101
01010101
01010101
101010010
1000101010
0101010010
10100110
10111010
0101001010
01011001
01010101
100101001
00100101001
01010101
0101101
100101010
01001010010
011010010
01101010
010101010
1010100010
10101010
0101010010
001010101
0100101
01010010
101001010
1010001
010100101
0010101
010100101
0100101010
010101010
010101001010
010100010
00101010
001001010
10101010
001001010
1000101
10010101
00101010
00101010
01001001010
100101010
01010101
10100101
10101001
10100101
0101010010
001001010
010101001
10100101
01010101
01010101
0101001010
100101010
001010101
0101101
10100101
10101001
0101010
01010101010
100010101
01010101
10010010
10100101
1010101
100000101
011010010
10010010
0010010101
01010101
1001011001
1000101001
0101001010
10101010
0100101010
0010101010
10100100101
0101001
100101001010
0010100010
0100101010
0101001010
0101010101
01010001
001001010
01001010010
10010010100
010101001
00001010010
010101010
100010101
01010101
00100101010
010101010
10101010
010101010
001001010010
10010100010
00101001001
10001001
1000010010
001001010
1001010101
100101
0101010010
100101010
0010101010
00101010
01010101
0100101001
100010101
0010100101
0100101
010010101
100001010
00101010
1000101010
01001001010
01010101
01011001
01100101
010101001
010101010
010101010
01001010
100010010
010101010
0101001010
001010101
100010001
010001010
00101010
101001010
101010010
0010101010
010101010
0101001
100101001
10001001
01000101
010101010
01010010
00101010
01010010
1000101010
10101010
1001001
0101001
010101001
0101101
001010
0100110
01010010
0101010
010101
0000101001
001010010
10101010
0110101
011001010
10101010
100001010010
001010010
010101010
100101010
10100010
10010010
010011010
00100101010
010100101010
1010101
01010010101
10101010
00100101010
10011010
101001010
01010010
1001010010
1010100010
10001010
0100100101
100101001
0010101010
1010010010
010100101
10010101
00100101
01010101
01010100010
0010010010
001001010
010101010
0010100010
100010010010
1010101
010010101
000010101
010010101
0010101010
010100010
0010101010
1010010010
10010101
100010001
1010101
0010101
10101010
001001010
010011010
1001001010
10101010
1001010010
10101010
0100100101
1001010
010101010
0010010010
010101010
010101010
0010100010
100001000010
00101010
1010010010
010101010
1000001010
0100001010
010101010
00101010
010010010
10101010
010101010
01010010
100101010
10101010
1010101
10101001
0101001
10010101
0101001010
1010010
10001010
10010101010
10100101
101010101
01001001
1010101
01010101
01010101
1010101
01010101
01010101
0101001
0101001001
100001010
01010101
10010101
011101
0101100110
010101010
00100101010
010010010
0101010010
01010101
0100101001
101010010
100000100010
1010100101
001010101
0100101001
00100101
101010101
100010101
0100101
01100101
10101010
0010101010
1000101010
0100101010
01001001
100100101
10101010
01010101
0010010010
000101010010
1010101
0100101
1001001010
0101001010
0100100010010
10101010
01100101
10100101
10001010010
001010010
0010100101
10101001
010101010
0010101010
1001100010
000101010
0010101001
00101001
010010010
01010010
100101010
10101010
01001010
0010101010
0101001010
01010010
00100101
001010101
100010010
10000101010
0101000010
0010101010
100101001
10100101
10100101
1000010101
0100101
101001
01001101
010010101
001001001
01010101
010101010
100101010
010010010
010010010
00100110010
1000001010
0101010010
001101010
101001010
010101010
0010101
10010101
100001001
01100101
0101010001
01000101001
101000010
010101010
00101000010
01010010010
010010101
1010101
01001010
0100101010
100101010
010101010
01010101
010101001
010101010
10101010
100010001
0010101001
10001010
0101010
01010010010
00110010
010101
010101
0010101
0101001
11011010
0101010010
0100101010
00100101010
00100101
001001001
010101001010
101010010
0101010010
10110010010
01010101010
01100101010
0110101
010110
0101010010
101001010
000101010
1001001010
0010101
00100100101
01010101
00100101
1010101
100101001
00101010
10001010
01001010
001001010
10101010
0100010010
1000101010
0101010010
10001001
0100101
0100101
10010010101
0101001010
001001010
1000101010
010101010
100010001
1010101
10101010
010100110
011001010
010010010
00101010
011010010
00010101010
01101010
01010101
10010001
1010010
1000010010
001001001010
1000100010010
01010010
01011010
001010010
0101001010
010010010
000100101010
0010101010
010110010
01010010
100101010
10101010
0100100010
0101001010
010101010
0010100001
01001101
0010101
1010101
101010010
01010010
100010010
010101010
01010001010
0010010010
01000101
00100100101
10101010
101000010
001010
0010101001
0010001010
010101010
010100101
100010101
01010101001
100011001
001010101
1010100
00101010
001001010
1001010010
010011010
00010101010
0100101010
0100101001
0101001001
101010010
0010001010
00101000010
010100010
01010101
100101
100101010
00101010
100100101
0010101
0101010010
1001001010
1010101010
00101001010
0010000101
0010000101
01001010
0101001010
01010101
01010101
10010101
10100101
001000101
00101101
100010101
10100100101
00110101
1010110
00100100101
00010101001
1001010010
010100101010
0001001010
0010010010
10101010
10101010
101001
01011001
0100101
001010101
100101
0101001
0010101
01110101
101010010
01001010
010010010
00101010
100101010
001001010010
01010010010
0101010
1010010
00011010
01010101
010101001
0010101010
01001010
001010101
01001101
01010101
10000101
0100101
100101001
0100001010
1001001010
101001010
011001010
0010010010101
01010101
0101010100
010100010
001001001010
010101010
010010101
100101001
100001010
010101010
000101010
0101010010
0100010
00100101
001010100010
0101010
010101010
0100101010
0100101001
010101001
0101001010
010101010
0100101001
10100101
010101001
010100101
101010010
0101010110
000100101010
10010100010
01010010
00101010
1011001
00101001
001001000
01010100
010101010
010101010
10101010
001010001010
0101010000
01010101
10001001001
1010101
10101001001
1001001
100101010
001010010
100101010
10001010010
1010101
1010101
0010101001
000101001
0101010101010
0000101010
10010001
01010100
01001010010
0010010010010
0101001
0100101
010010010
1010101
01001010
00101010
1001101
1010101
101010010
010101010
01010101
0010100100
0100101
10010101
1000101010
0101010010
10011010
1001001010
1010101
10100101
0100101
010101
1010101
100010001
010101010
010100010
01010101
1010101
00101001
1010101
001001010
010101010
001001010
10101010
100100010
001010010
01000101010
10010101010
10100001010
010101010
1000101010
100101010
0101001
01010101
100101010
1001010
0100101010
000101010
0100101
00101001001
0001001010
101001010
0001010010
11001010
100010100010
10001010010
010010101
010100101
010001
01100101
01101010
10011001010
101010101
10101001
10101010
101001010
0101010
0110010
101001001
010100101
010101010
00101010
010010101
10100101
01010010
001001010
0101010
010101010
101010010
0010100010
010101010
10101010
10000100101
010110
0101001
10000101
01010010
0101010
010101010
010101010
1001010010
0101001010
00101010
010101010
10101010
000101010
101010010
001000101010
100010101
1001001
010010101
010100101
1010101
01100101
1001001010
001010010
010101010
01010010010
1001010
01010010
010101010
10001010
100000101
010100101
010101010
010101010
101001010
100010010010
0100101
100100001
0100001010
10101010
1010101
010010101
000110
010011010
01001010010
100101010
001010101
010010100
01001010
01010010
010101010
0101010010
01010101
10100101
100001010
010011010
101001010
001000101010
100101010010
100101010
1001010010
000100001010
1010010
0101001010
01010010
0010101010
0010101
01010101
0010010101
00010101
0010001010
001010101010
100101010
100100010
101001010
01010101010
010100101
010110101
0010001010
100101010
1010100101
1010101
0101101010
1001001010
10101010
0010100010
10001010010
01001010
1000101010
001101010
01011001
00100100101
0010010101
0010010101
0001001010
010101010
010101010
00010101010
001001001
1010101
010101
1001101
101010010
010110010
00101010010
0010001001010
100101010
0100101010
0101001010
001010010
10001001
100101001
10001010
100101010
0100110101
01010011
101000001
100110101
0100101010
001001010
0101001010
101001010
100101010
0010010010
01001001
0010100101
010101010
0010001010
01010101
01010101
0101001
10010101
10101001
1000101001
1010100010
0110001010
10101001
00100101
0011010
10101010
0101010010
1010101010
001000101
1010101
001010010
0100101010
0101010010
1000101010
10100101
10010101
100101010
10101010
01010010010
10101010
1001001010
101001010
101011
0101101
00100010
001010010010
1001001010
0010010010
01010101
1010101
0010010010
10101010
0101101
01010101
010101010
00101001010
0101010010
10001010
1010101
0010101
10101010
001000101010
010100101
101001010
01101101
001010101
00101010
0101010
00100101
010101
0101001010
010101001010
0101001
101011
100101010
10101010
100101010
010101010
1000101010
101001010
10010001
01001001
101010010
1000100010
0010101
01010101
100101
10100101
1000100101
001100101
0101000010
1001101010
110001
010100101
10101010
011010010
1001101
1010101
10000101010
00101010010
1010101
01010101
01001011
10010001
0100101
0010101
010101
011001
01001010
100101010
0101010101
100010101
0010101010
010101010
1010101
1000100101
0101010
10010010
01011001
10001101
0101010010
100001010
01001101
010010101
0010010001
01001101
10100101
0100101
010101010
001001010
10010101
010100101
01010101
1010101
10101010
10101010
0100101
00110101
010010101
0010010101
10010100100
001000101
00100101
100011001
01010010
100110010
10101010
10101001
100101010
10010010
10010010
010101101
0001010010
10101010
10101010
011000110
100101010
011010010
0101010010
10010010010
01001101
0010101
00101010
010010010
01010101
001100101
010100101
00100100101
10000010
0010001010
0010001101
00010010101
01010101
0011010101
0010010010
010101010
00010010100
1010101
010101010
0001001010
101001010
0101010
010101010
10101010
00010101010
0100101010
100100101
001010101
01000101
0101001
010011010
100101010
001010010
001010
0100101
0101001
01010101
101010101
010100010
01010010
010101010
0101010
101001010
0101010010
0100101010
010101010
0101010010
0010001010
010101001
00110101
1010000010
10001001010
01011010
10101010
1000101010
10101010
0100101010
010101010
0101001000101
001000101
0101010010
001001010
010101
1000100011
1001001010
010010001010
00010101010
010101010
01010101
1010101
10101010
0101011010
0100001010
0101010010
001001010
001001010
100101010
000101010
101010010
1000101010
010100100
100010110
010100110
00010101010
01010101
10101010100
01001001010
100101010
00101000101
10100101
1000101010
10100101010
101001010
00101010010
10001001010
010001010
01010101
10010001
10100001010
0010101010
1000010101
001001001
0101010
001001000010
1000010101
010010101
10001010010
100011010
00100101010
10101010
0101000010
01001010
10101001
00100000101
0101010010
0010100010
0101010101
001001001
00101010010
010101010
1000100101
100010101
010101010
001010010
01010101
101001001
10100010
01001010010
0101010010
00101010010
0101010100
100001010001
10101001
01011001
001010010
10000101010
010110010
001001010010
0101000010
01010010010
01011001
010101001
10100000010
101001010
10000100101
1000010101
0010101
10101001
11001001
010010101
010101001
010010101
100101010
10101010
101001010
0100101010
01001010
01010110010
100101001
0010101
01010101
10010101
10101010
11001010
01010101
101001001
10010010
010010001
0101101
10000101001
010101010
0010010010
011010010
0100101010
001010010
001001010
0100101010
0100101010
0010101010
1001010010
10101010
101010101
101001001
10011001
010101010
101010010
010011001
101010101
100101010
010010010
10101010
101010010
100101010
101001010
1000001010
10000010010
1001011001
0010101001
101001010110
101001010
00010100010
010101010
1010101010
00100101010
1001010010
0101001010
100101010
10001010010
010101001
01010101
010010010
100101010
100101001
010010101
100010101
010101001
10101010
0100100010010
1001010010
01010010
0101001001
00100101001
010101010
0010101010
00100101010
1010001010
0010101010
10101010
1000101001
1010101
0101001010
1001010010
010101010
0101001010
10101010
001001010
1001010
01101010
1010101
10100101
1001010010
1010010
01010101
01010101
010101010
00001001010
101000101
001000101
10101010
010101010
00101001010
100101010
100101010
010101010
010010010
1010010010
101101
01010101
101001010
0100010010
01010101
01010101
001010101
01001001
01001010
0000101010
0001001010
00110010
0010010101
01010101
0010101
0010101
01010101
001010001
0100101
001010101
01010101
01010101
010101011
01010101
1000101010
10101010
001000101
100101
01010101
01010101
010101010
0010010010
100101010
10110010
0100101
01010001
1010101
1010101
10010010
01010010010
0010100100
101000101
1010101
0010100001
1000101010
0001010010
10001010
01001010010
10101010
10001010010
010010101
0010100101
0110011
1100101
010101001
010010101
0010101010
01010101010
01010101
01010101
00101010
1000100101010
00100101
010010101
100100101
1000101001
001001010
0000101010
01001010
00101001010
0101010
0100101010
1000101010
0101010010
00100101001
010101001
0000100010
0101010010
010101010
010101010
0101001
1010101
01001010
1000101010
010101010
1000101010
0101010010
01100101
01010101
01010101
0010101010
0101010
0010101010
0010101010
100101010
10101010
01010101
100010001
01010010
1010010010010
100101010
0010101010
010100101
010100101
000101010
001010010
001001010
00101010
010101010
000010101010
1001010010
010101001010
010101010
000010000010
010101001
10011001
0001010101010
0010100010
010101
10010101
10011010
001001010
10010010
0101010
100101010
010010110
010101010
0010001010
0010101
001010101
01101010
1001010010
1001010010
010101010
01101010
010101010
1001010010
100101010
1010101
101010001
0001001010
101001010
00010101010
01010010
1010101
101000101
001001010
1010100010
01010101
1010101
101010101
01010101001
10010100010
100001010
01010010
00100010010
01001010
010101010
1001000010
11010010
100000101
01010101
100110001
1000101
1000101010
01001010
010100101
010110101
10001001010
1100101010
101001010
010101010
101001010
101001010
01010101
010010101
0010100010010
01010001010
001001001
01010101
0100101010
100101010
0010101010
100101010
100101010
0101010010
010101010
100101010
001100101
010101001
100101010
011000010
10010010
0011010
0101010101010
010101010
10101010
100101010
01001101
1001001
00100101
01010101
01001010
1000010010010
010101010
01010100010
010101001
1001010001
101010010101
1001010001
0101010101
01000101001
0010101
100010101
0010110010
010110010
001001010
0100101010
010010010
1001010010
10100101
1010011
000001010010
01001010010
01010101
010010101
0110101
001010101
00101010
0101010010
00010010010
100110010
0101010101
10101001
01010101
100010001
01010010
0010101010
10101010
0101001010
01001101010
01010100010
001010101
0101011
01010101
010010101
01010101
0001010101
0010101
10101001
01001001010
010001010010
10101010
01010101010
100101
0110101
1001010010
010101010
0100101010
1001001010
00101010
10101010
00101010
001010010
10001010001
010110101
101011010
010100101
1010101
00100100101
10000101010
10010010010
00101000101
1001000101
10101010
0010010010
10101001
1010101
1000101010
101001010
001010010
00100010101010
1010010
010101010
00101010
1010101
010101010
00101010
1010101
100010101
00100101
1001010101
0010101001
010101001
010101010
00100101010
1010101
0001001001
1010001
100000101
0011010
00010101010
00100101001
1000100101
10010101
01010101
0100100101
010100001
0101010
010101010
10001001010
1010100010010
0010010101
100010101
100010101
01101010
00101010
10001000010
01001001
0101010101
1001000101
001010101
01011010
0101010010
1010100110
010101010
001001001
01000100101
10000101001
01010101
1010101
0100010101
010010010
10000101010
1000010101
1010000101
00100101
101001001
1001010
001010100010
1010101
10100110
0100101010
001000010010
10101010
10010101010
0100101010
01010100110
0101001010
010101010
101010010
0101001010
1010100101
1001010101
10001010010
0101010010010
01010101
00101000101
01010101
100010101
001000010100
01010101
100100101
0010010101
10100101
01010101
00101001
10000101
00101010
0100101010
001010010
1010101010
010010101010
0101010010
0101101010
0010001010
010110010
00001010010
00010101010
101001010
10101001
100101001
1000101
0101010100
0100101010
010101010
101010101
01010101
10010001010
1000101010
01010101
01010101
10010001001
01010101
101001010010
010110010
01001001010
010101010
101001010
10001010010
0101001010
0011010
10010100010001
001001010101
1001010
0101010010
10011010
00100001001
01001010
000101010
0101000110
10001010010
00010001010
10101010
01010101
0101010101
1001001010
01010101010
000101010
0010100110
01010101
100110001
010101010
001001010
010101001
01010010101
0101010010
010101010
0010010101
00100101
0010010010
000101001010
010010101
0100101
10100101
01001010100
010100101
001001001
0101001010
0101001010
0010101
010011001
101000010
010100010
0100101010
01001010010
010101010
1000001010
10101010
010101010
01001010
0101010010
100101010
0100101010
010101001
001010101
0010101010
001000110
010010101
1001001101
1010101
01010101
0100100101
1010101
101001010
01000101010
0110101
1010010101
00100101
010101
0100101010
10100010010
01010100010
01010010
010101010
010101010010
10001001
001010101
001000100010
0101010
101000010
0100101010
0101010
1010010
010101010
1010010
10101010
0011010
0100100101
100101001
010101001
010101
10101010
1000100100
010100110
100101010
0010101
010110001
010101010
010101010
010010101
010010101
00100101
01010101
01010101
01001101
10101010
0101010010
010101010
010101010
10010101
01010101
0101010
10101010
00101010
0010001010
101010010
01010010010
010101010
0101001010
001010101
1000101
0101101
0100100101
1010101
010110010
10101010
01101010
101000101
01000101
101001
010001101
01010101
1010101
01010010
1001010
10100010
01010010
01000010
0010001010
0100101010
01001010
0101010010
0100101010
010101010
01001010010
10101010
10101010
100100101
01010101
010011010
00101010
0010100010
00100110
10010101
01001010
1010100
1001010
010101010
001010010
0100101010
100010010
00010101010
1001010
1001010101
010100101
001001010
00101010
01010001010
101010101010
001010101
010101001
1000100011
1010101
010101001
010101
010101010
1000101010
0010101010
0101010010
101001010
1010000101010
0010010101
1000000100
00100101001
01100101
1010001010
1001001010
11001010
10000101010
01001010
010101010
000101010
010101010
01001101
0110101
010101010
10101001
01010101
010100100
01010001
10001001001
010101010
1000101010
010100101
100100101
0101101
1010101
01001010
11010010
1000010101
0010101
01010101
010101001
010101010
0101001010
100100100010
01001010100
01001010010
101010010
100101001
10010101
01010010
0101010010
1000100010
1001010010
1010101
01010001
00101010010
101000101010
001010010
100010010010
01001010
00101001010
01001010
010101010
0100101010
1001010010
11001010
10101010
0010001010
0101010010
01010101
10100101
0010100010
001010010
010101010
100101010
0101010010
0010010010
100101
0010010101
0101001
1010101
10010101
1000101001
01010101010
100101010
100101010
10010010
10010001
01010101
01001010010
0001010010
101000101010
0010010010
00110010
0010010010
010101
10101000
1010101
1010010101
0101010001
110101001
010011001
100100101
0101010010
001010001010
01010100101
001001001
1010110
10010010
01010101
0100100101
10101010
01001010
0010101
010101
010101010
00101010010
100101010
0101001010
0101010010
010101010
10101010
10100010
0100100010
10001001010
001010101
0010101001
0101010010
00100001010
0101101
010101
10101010
10101010
10000000101
10010101
1000101010
10100010010
00010001010
001010010
101000101
101010
010100101
10101010
001010010
0010101010
1001001010
0100010010
1001001
010010101
1001001010
10001010
100010010
010101010
0101001
1010100101
100101010
01001010010
00100010101
101000101
010110010
0101010010
01010001010
010101010
100010101
01001001
10010101
01010101
0100101010
010010010
10010101
1000100001
010101010
0111010
00010100001010
100101001010
010100101
10010101
0101010010
0010101010
00100101010
100001010
0010010010
001000100010
0001001010
10101010
0101001
01010101
0011010
00101010010
01010100010
001010010
10000101010
10101010
0001001010010
1010010010
101000101
01010101
010100101010
0101010010
001010010
0100100101
10101010
101001010
0010101
0100100101
1000101010
10010010010
00010101
001010101
10010000010
0111001010
100101010
01010010
100100101
10100101001
100101010
0101010010
0101101
10010101
101001010
010001010
00101011
1001000101
10100101
01010101
100010010
011000110
1000100101
10101010
1001000110
0010100110
0100100101
010010101
01001000010
10101010
1001001001
00100101
001001010
10101010
011001010
011001010
01101001
101011001
0101001
1010101
10010010010
01010001010
100101001010
10101010
01011001
010010101
100010011
001010101
01010011
0100101001
10100001
010101101
100100101
1010101
001001010
10101010010
00101010
00101010
000100101
01010000101
010101010
010101010
1000101010
01010110
10100101
001000010101
010101010010
0100101010
1010010010
01100101010
0010101010
0000101010
1001001010
0100101
1000101010
00110010
1001100010
00101010
100010101
01010101
010010110
1000101010
0001010101
0010101001
0100101
010101001
1011001001
01010101
100101000
0101010101
01010101
0101001000
0101100101
010100101
0010000101010
010101010
10010101
00100101001
100101010
010101010
01001001010
001001010010
001001010
1001001010
1000010101
0100100101
010101
001001001
1010101
100101001
0010001010
010110010
100010010010
001001010
0010001001
00011010001
100101010
1010000010
010101001
10010101
0011001
01010101
00010100010
01001001010
00101010
01010011
01100101
10010101
00101010
01010011
010101010
0100101010
10011001
01010101
001001010
010010101010
0010101010
0101010100
010101
01010101
010100101
10000100100
01010101
101000100
100010101
01010101
01001100
100101010
101001001
01010101
10101010
100101010
00100100010
01000010010
00101001010
10010011010
00101001
100100101
100100000
010010101
0001010010
00101010010
0010100100010
0101010
0010101
0010100101
0010100101
0100101001
010100101
01010101
0101010010
010101010
001001010
0101001010
001010010
011101010
10001010100
01010101
010101010
00100101010
1001010010
10010101010
00100101010
0101001010
0101001
01010101
10101010
101001010
010000101
0010101001
101000110
1001010
10010101010
1000101010
1010101
100101001001
100000101010
000101010
00101001010
101001010
01101010
1000101010
1010101
01010101
10101001
010100101
01010101
010100101
10101010
100001010
0010101010
01010100010
