0100101010
10101010
010100101
010101
1000101
010101
01010101
1010101
101001010
10101010
001010010
0010010010
00100101
0100101
000101010
0100101010
01001001
1010101
0101010
00101010
010101
01010101
101001
00101001
010101010
010101010
10101010
00101010
100101
01010101
1010010
00101010010
010101
01010101
010101
1010101
1001001
01010101
101010101
1010101
101001010
00010001010
0101010
1001010
0010010101
0101010010
010101010
010101010
01010101
01010101
100010101
0100101
00100101
10010101
1010101
10100101
0110101010
010101010
10001010
000010010
1010101
01011001
01010101
1000101
100010101
101001
010010010
0101001010
0101010
01010001
0101010
0101010010
010101010
10101010
1000101010
010101010
10010101
000101001
100101010
010101010
1001010010
0101010010
1010100010
01001001010
00101010
010101010
01010010
00101010
0100100010
010101
0000101001
1010101
00101001
010101001
0100101
010100101
0101001
1010101
100101
10010001
1010101
10010101
101001
101010
100101
101001
001001010
01001010
01010101
1010101
01001001
10000101
10101010
10101010
010101001
1000101
01010101
100101
0010100
010101010
00101010
001010010
00101010
01001010
100101001
0100101
1001001
100100101
01010010010
10110010
0100101
010101001
1001001001
01010101
0101010010
010001010
010010101
01010101
10101010
010101010
010100101
1010101
0101010
00101010
10001010
001001010
100100101
010010101
10010010
1001010
1010010
0101110
1001001010
0100101010
10101010
00101001010
000010101
01010101
01001010
00101010
10100101
1001001
010101010
0101001010
0101010
0010001010
10010101
010100101
01010100010
0101010110
01001010
0101010
010001001
1010101
01001101
1010101
001010010
0100101010
001010010
010100110
10101010
0010101010
100101010
10000101010
00101010
100101010
0101001
10011001
100101
100010101
01010101
000101001
00101010
01010101010
0010001010
00010101010
01001010
0101001010
01001001
00100101
010010101
101001010
00010101
01010101
10101110
01010010
00101010
101000010
001010010
101001010
01001010
011001010
0101010
10101010
00101001
1010101
010101001
010010101
01010101
01001001
01000100
001001010
