10101010
0100101010
1010101
1010101
10100101
10101001
01000101
0010101001
0100101010
101001010
010100010
10110010
101000101
01010101
1000101010
01010010010
01010010010
010101010
010010101
0100101
000101010
00001001010
011001001
1010101
0101010
001001010
011001001
011001010
0010100010
0101010010
0101010010
1001010
01001101
01010001
0101010101
00101001
0010010001
100101000
010100101
0001010101
10001001
00101001
0101000110
010101010
0100101
001010101
0100101010
0010100010
10010101
001101001
01100101
10010101
101001010
01010010010
010101001
10100101
00100010010
100001010
01001010100
11001010
010100101
010101010
0101010010
10101010
01001001010
1010010
000010101
1010101
01010101
101001
10000010100
10010101
101010010
101001010
10101010
01001010
101010010
010101010
100101010
011001010
00101010
010101010
00101010
00100101010
00010010010
0100100010
01010101
01010101
010101010
101001010
100101001
010100101
10001010
01001010
00110010
01001101
1001010000010
001001010
01010101
010101001
01011010
0101000010
11001010
10011010
01010101
010100101
010010101
0001010100
1000100101
10010101
00101000010
10101010
101001001
10101011
0101001010
1001001010
010010001010
10100101
010101010
0101001010
10100101
01010100010
0011010001
010010101
01010010101
101001001
101001000010
0101010
100100101
10010101
0010010010
0101001010
00100101
001010101
101001001
01010101001
01010010010
0100101010
001010001
010100101
010011
10010000101
0010010010
100101010
101001010
101010010
101010101
101001001
10100011
100010100
0010101
010101001
010100101
100010101001
1000001001010
0101010010
0101010010
0000001010
010100101
100010001000
010100101
10100100101
0101001010
10101010
10101010
01001101
001010101
01100101
1000101010
10101010
1010101
010100100
10010101
1011010
0101001
001000010001
101010001010
101001010
0101001010
100100101010
0010101010
1001010010
0101001010
1001001010
11101001
0100100101
010101010
101001010
100010101
01010100011
010100101
1010101001
10101010
1001010010
1000101
0100100101
0100100101010
0010101010
01010010
01010101
010100101
00100010101
11010010
10100010
10101101
10100101001
010101001
100100001
0101001001
10100101
01100010101
0100101
1010010
00101001010
010100100010
01010010
10101001
010010010
01010101
1000101000
10100101010
1001001010
0101010010
010100010
01010101010
10101010
1010010010
0100101001
00100101
0010100101
0101000010010
1001001010
00100101010
01010010000
100100100
0100100101
01001010
0100001010
100010101
010010101
01010101
010101001
1000001010
0101001010
010010010
10001010010
1000010101
0100100101
100010001010
010010010
10101010
0101001010
100010101
10010101
01010010
010101010
01010101
101001001
010101101
010010101
001001001
10010101
010100101
100100101
100101010
010101010
010101010
10101010
001101010
10101010
100101001010
0100101010
010101010
00100101010
1000010101
1010101
101010010
0010101010
010101001
101010111
101001010
01001000010
010101101
010010101
10100101
00101001
1001010101
0100101001
010011001
01001001
0110101
010110101
01010101
010011001
1000000111
01010010101
001001010
0010001010
0001010101
1010101
001010010
100101010
0101010101
01010010
01010101
100010101
010100101
0100100101
0010101001
100010101
010100011
010101001
1001000001
10000101
010010101
1010101
010010101
00100101
10010100101
10101000100
10101010
010101010
01010101
01100101
01010101
100101001
100100101
1001010101
1000010101
01010101
0100100010
100101110
010101010
0001001010
10010010
10010010010
01001010
010101010
0101010010
10001001010
001000101
1010101
101001010
1000001010
01010100010
0010010010
001001100101
1000101010
01011010
1001010101
01100101
10100011
00101010101
101010100
010010101
0100101
01001010010
001010010
0001010001001
010100101
1010101010
0010000001010
100100101
010100100
00101010
01010010010
0101010010
100100010
100101010
101001010
0100100001
001010101
0100100101
10100101
00101001010
001001001010
100100101
00101001
10101010
001001010
0010101010000
10101001
001010010
00010001010
0010101010
000011010
000010101
00010101
0010101010
000011010
101000010
01011001
10101010
0101001010
00100101010
0101001010
100101010
01010101010
0100100101
01010010001
010100001001
10100101
010101001
10100101
0100010010
0010100010010
010101000101
1010101
0101010010
0010101010
01001101
100101010
10100101010
1010100010
010101001
00101001
1000010101
001010001
01010101
1010101
00110101
01010101
1010101
01010101
10010101001
1001001010
000101010
0101010100
0101010001
100010101
01010101010
0010101010
0101010010
010100001010
10000001
01010001
001101010
010101010
010101010
0010001010
01010101
001001001
0010101000
1010011
10101010
10101010
001010001
101011
0101010010
1001001010
101010000
00101010
10001001010
00101010
01001001
00101001
00101010
010101010
101001010
10000101010
1000101010
00101001010
01000110010
1000101010
001010010
01000010010
10101010
0101010010
00100101
1010101
0011001
101010001
1000101010
1001001010
000010101010
10100100010
1010001010
01001010010
010010101
01010101
10100100010010
10101010010
10010101010
00100101010
010101001
1010101
1010010010
001010100010
0010100010
10010010010
01000101001
01010101
11001001
0101001
0010101001
10011101
1000100101
1010101
001001010
00010100010
10101001
00100101
010001010
0101010010
010101
1010101
001000101010
10101010
1000100101
010100101
110010010
1000101010
100100101
10100101
0100101010
01001001010
001010101
010101001
0100101000
0001000101
1010100001
0000100101
00100010101
010010101
0010010010
000101010
1010000000100
01001101
01010010100
0101001001
0010010101
1010101
0100101010
0011010
011001
1010010001
10010000101
010100101001
10010010
0100100110
010010100101
001001001
01010001
101001001
01010110010
1000001010
010001001010
100001010
00101000010
001010010010
011010101
1010101
1010100101
010010101
0100101010
010101010
100110010
1000101010
01010101
00100101000
01010101
10010100100
00101001010
0101001010
0100101
11010101
10010001
0010000101
1001010101
0100101
10101010
010010101010
101001001
01010101
10101010
0101010010
1010011
0010101
0010101001
100100001
10010010010
01001001010
10001001010
101010010
00100101
010101001
0110101
01010101
1001001010
01010101
100010010
001010100010
100011001
00100101
010101001
01010101
0100100101
0100110101
1000101010
100010001010
001001010
10101010
10010010
001001010
01010001011
01010010
00101010
010010101010
010101010
0101001010
010100100
10010101
1001000010
0100101010
0100010101
00100100001
1001001001
0100100101
000010010
01000101010
01010101
0101100000
001001010
0010101010
0101001010
00010100010
00101010
1011000010
0101000101
1001010101001
100010101
100010101
1010101010
010010010
00100101010
101000010
0101010101
0101001001
01001001010
101001010
01010101
001010101
01001000
01010101
01010101
1010101
01010101
1000100101
01010101
10010100101
0101001010
10101010
100001001010
001010010
01010101
001010101
0100001010
010111010
010010101
10010101
010101010
010010101010
100101010
0100101010
0101101
0010010101
1000101010
101001010
01010101
01010101
1000101010
010101010
01010101
0101001
010100101
01010101
10100010101
010010101
01010101
00100101
0100010010
010101010
00101001
000101001
1010101
00101010100
1010101
1010101
1010010
101000010
10110100
101010010
10101010
01001010010
01001001010
010101010
0101010010
0101001010
10101010
010101010
1010101
01001101
0101010
001001010
0100101010
010101010
010101010
0101010010
1001001010
100101010
01010011
10100101
1010101
0101001001
00101001
001010101
1000101001
0101010011
10000001010
00010101010
1010010010
101010010
1010101
1010101
10110000101
010100101
1001010010
001001010
010101001010
0101001010
00101001
0100101001
010100101
1010101
001010010
0010101010
0101010
10010101
10101101
010100011
01010001010
0001010010
100100101
01010101
0010101010
0010101010
100100101
01100101
101001010
0101001010
0100101010
0100101010
01010101
001001001
010100001
10100101
0100101010
100100001010
100101010
01000101010
1010101
10100101
00101001
1010101
0101001
010101001
100000101
1010101
00100010
10001010
10010101001
010100101
0101001000
010100101
010101001010
010101010
01010101
10101001
00000110
10101010
10100101
01010101
1010100
01100101
0100101010
010101010
10010101
101000101
0101101
01010101
0101000010
100101010
00101001
101010101
10100101
001011001
010010101
101010
010110010
10000001010
00001001010
001001010
100100101
0100100101
1000011010
01001010
10101001
01010101
01010101
1000010110
00101001
10010101
010101001
0101010
010100101
0101001
10101001001
100101001
010001010
10101010
00100100101
10001001
010100011
001010101001
0100101
0101010101
010101010
10001010
1001010010
100101010
0000101001
100001001001
10100101
100010101
0101000101
0101000101
010101010
10101010
100010101
01000101
001000010010
0101010010
0010101
0010101
01010101
01010101
010100001
010100101
01010101
010010101
010010010010
1001010010
010010101
1001001010
10101010
0101010010
0100101010
0100110010
0100010101
01010101
10110101
00101001
1010101
1000110101
01010101
011001001
01010100100
01010001010
010101001
10100101
0100101001
01010101
10101001
100110101
010101001
010010101
0101010001
01100101
010101010
10101010
010010010
010101010
0010101010
10001010
001010101
0101010001
01000101010
10101010
00100010010
010101010
010101010
100101010
01001101
0000100101
0010101010
01010011
101010010
01001001010
101100001
1000100
01010101
0101001001
1001001010
01010010
010101010
10000101010
00100101010
010101010
10101001
100010101
0101001
010101001
010001010
101001010
010101010
010101010
10101001
0110101
0010110101
001001001
001001001010
1010010010
1010101
010101001
001001000
1010001
1001010010
10001010
00101001
100100101
010010101
0010100101
010101010
10101010
10010101
0100001001
0001001010
10101001010
0100101010
0101010010
1000001010
0001001010
01011001
100100001
010101001
001001001
001010010
10101000
100100101
010101001
1000010
0010101010
01010101
00101001
01010101010
01010010010
01010101
01010101
0101010
010110010
0110101010
101001010
010100101
01010101
010100010001
010100101
0101010101
00100101
01001001010
01010010010
10101010
10101010010
1010010101
010010101
10101010
0101001010
010100101
000010101
010101010
010101010
10010101
10100100001
01010010
010101010
01001100100
010100101
010101010
011001010
100101010
001001010
001010010
101001010
0100101010
001010110
10000100101
01010101
0000100010
1010100010
101001001
0110101
10010101010
1010101
01011001
10010010101
001010010
010110010
00101001
00101001
01010001
01100101
0101101
0110101
0100101010
01001010010
001010101
010101000
000001001010
01000101010
0101010010
00101010
0101010100
010100010100
1010101
001000101001
0101010101
01010101
01001010
010101010
00110101
0101001
01010101
1010101
010010101
10010001001
10101000010
00101010
1011000010
001100010
01010101
010010101
10010101
01010101
010101100
1000010101
001001101
001000101
00101010010
00101010
010100101
1010011
001010010
01101010
101001001
1001010100
010010101
101100101
0100010101
00101001
100101010
001001010010
1000001010
01010001010
011001001
0101010100
01010011
010010011
0100101010
010101010
1000001010
0101010
01010101
100010101
00101001010010
10001010010
1001001
01010101
00101010
010101010
001001010
010101010
0001001010
10001010010
010100101
010000101
10110010
01010101
1010101
10010100101
10101010
100101010
001010010010
00010101010
0101001010
0101010010
0110101
1011001
010010101010
01000110010
01010101010
100101010
0101010
010101010
0010101
0100101
00001010
010101010
10101010
0100101010
010100101
0101101
0010101001
010100101
00100010010
1001010010
00100101
0100101001
001010101
01010101
0100101
010100101
0010001010
011010010
010100010010
010101010
10010001010
1010001010
010001010
10101010
0101010010000
001010010
10100101
01010101
00101010
10101010
10101010
010010010
0010010010
101010010
10010110
1100110
100100100101
01010100
01010101
1000101001
0100101010
001101010
0101010110
010101010
10101010
0100010010
010100101
01010101
0100010100
1001010100
010010101
01001000101
100100001
10101001
001010101010
010101010
01010101
0101010101
01010101
0101001
010101010
010101010
00101101010
001001010
0100101
0101010101
1010010
1000001010
10000101
1010101
010101101
00101001
10001001010
01001010010
1010101
00010101
1000101010
0100100110
0100010101
01010101
100101001
00100101001
01001110
0101011
010101010
0101010110
01010101
01010101
1001010
10001010100
10010101
01010100
10000010010
0101001010
10101001
0101010100101
01010101
100100001
1001000101
01100101
010101010
0100011010
010101010
101001010
1000101010
101001010
101001000
0100101001
10001010
0101001010
010101
00110010101
010010101
010101001
010100101
100100001
0100101010
0100101010
0101001010
0100110010
100100101
1000001001
100101010
10101010
010101001
010101001
100010010010
01000101010
0001001010
010101010
01001010
010010010
10010001001
100101001
0100101010
10011010
0101010101
0101010000
01010101
10100101
0110101010
1000101010
1010101
0101001001
10100001010
010101010
01001010010
01010010010
0101010010
10010010010
000100101
01010011
01010110
10010011010
010010101
0101001001
0100100101
01010100
01001001010
10010101010
0010010101
101010101
011110010
010101010
010101010
10100001
01010010
1010100010
000101010
0101010010
1000101010
1001001010
0101011
01010101
01001010
01010101010
0010100101
101001001
0100101010
010011010
1000001010
0100101010
01001101
010010101
00100100100
101010
00100101010
0101010010
00100101010
0100101010
0100101001
10101001
010000101
010010101
10010101
01001010001
01010001010
101010010
100101010
01001010
0100101001
0010010101
010010101
01010101
0101010010
1010001010
010010101
0001010101
100101010
0100101010
00010101010
10101010
0001010010
001010010
001010010
011001010
0010100010010
0100101010
0100101001
00101001
010101010
010101010
0110100
10001010
00101001000
01010101
010101001
100010101
01011001
00100101
00110010
100101010
00100101
1001010000
10001010001
1010100001
01010101
0101000101
010010101
01010101
10101101
00101010
100100101
100100101
10100100101
00001101
001010010
00101010010
01010101
001010101
0100101010
01001010010
10100101
010100101
0101010010
0100101010
1001001001
1010001001
0100010010
01000101010
00101010
101001010
10101010
10010110
100010010
01001010010
0010010010
00100101010
01010101010
0101001010
101010010
010011010
010101010
010001010
010100101
0101010101
10100101
010010100
00101001
01010101
10101001
100011001
010010101
0100100101
1000000101
1000100101
010010010
010101010
10101001
010010101
01001010010
0100101010
1010101
0101010001
010100101
010010101
101010
01010101
0001010101
1010001
01001001
010010101
10010101
0100100101
00101000010
1001010010
101001010
010101010
100100010
00101010010
101000001
10101001001
00101010010
10010010
10100010
010101010
010101010
1001001010
0100100100
10101001
0100100101
100101000
010101010
010101010
001001000001
010100101
00100101001
00100101
10101001
0100010101
10010101
0101001
0101000
001010101
010101010
1001001010
01010101
01010101
010101010
010100101010
10101011
010101001
0100010010
0100101010
010000100110
001011010
001000101
001001101
001001001
101001001
0101001010
0100101010
010101010
101010010
101001010
011010010
10101001
1001101
10000001010
100101010
010101001
01010101
01010101
00101000
101001010
1000010100
010101010
101010010
00101010010
10101010
00100100100
10001001010
00101101
101010101
1010101
0010100101
1010101010
0000101010
0100101010
0101001010
010101010
10010010010
10010001010
00100000010
001001001010
01010010010
0010100001
1010101001
0101010101
010010101
1001000100
01001010
010101010
0101001010
00100101010
00100101010
01010101
1010101
010100101
10010101
1001000101
00100101
0101001010
0101010
0100101010
100001010
10010010010
0101001010
1010101
010010101
100101001
0100101010
101010001
0101010
10001101
10101010
00101001
0100101001
1001010010
1010010010
1001000101
0100010101
0010010010
000100001010
01010010010
10001000010
01010101010
010100110
010101001
10010101
1010001010
100100010
010011010
010001010010
0010010101
000010101
010101010
1000101010
0001010001
10010010101
000101001010
1000100010
10100010010
1001001010
001001001
100000101
1010010010
00101010010
10101010
1010010010
01001001010
00010001010
001010010010
0101010
100100101
01010101
10010101
01010101
10100100
10100101
00100101001
010100101
01010101
101010001
0010010001010
001010010
100101010
0100101010
01010101010
0101001010
0000101010
100101010
010100101
10010101
00101010
0100101010
1001101
010101001
01011001
0100100101
010101010
010101010
0100010101
01010101
10100101
010110101
1000100101
01010101
1010101
01010101
01010101
0100101
1010101
101010101
100010101
100010010
0100100101
010100101
10010100001
01010101
01000101
010010101
01001001010
0100101010
01010110
101001001
11000101
1010101
001001001010
0100101010
0100101010
001001001010
01001101
1010101
01010011010
100101010
01010101
1010101
0101001
1001010101
100101010
0100101010
01010110
001000110
01010101
0110101
010101010
01001010010
010001010
10010010
1010101
010100101
0110100010
010101010
010001101
0010101
010101001
00100101000
010101010
01001101010
101010101
101010101
010010101
00101001
01010101010
0010101010
0101001001
01010101
10001010
100101010
10010010010
10010010010
1001001
10010101
10001001
100001001
0100100101
10100101
01000001010
0101001010
10101001
01010101
010100101
10101001
01010101
0101010
101001010
101001010
001010001010
10000001010
0101010010
0101010010
10010100
0010101
010101010
00100010010
010101010
1000101010
10100101
10010010001
001100100
1010100
010101
01010101
1001001010
0000101010
00010101
00110001
01010100
0100100101
010101010
0010101010
010101010
0101010010
001010101
00101001
10101010
010101010
1010001
10001001
100101001
010100101
010010101
00100101
1010101
010001010
01010101
100100101
1010101
010101001
001010101
010010101
101010010
00101001010
001010001
1010101
010010101
100100101
00101101
00100101
010100101
00101001
1010101
01001000101
1010100
010010101
01010010010
00101010
00100110101
01010101
100101000
010101001
01010101
0101010101
1010100
1010101
1001010
101001010
0010001001
01010101
010101010
0101010010
010010101
010010101
10000101010
01010010
10010100010
0101010010
0101101
1010101
101001010
1000010010
1010101
00101001
01001010
10010010
010110010
01001010010
10101010
010101010010
010101010
01010001010
0101010010
101001010
01011001
10101001
0001010101
010100101
00101011
01010101
1011001
100100101
1010101
0101010
100010101
10101001
00110101
10100101
001010101
10000101
01010101010
1000101010
10101001
000101001
0010010010
100110010
1001001001
01010101
01010101
01010101
1010010
0010101
10100100101
10010001
101001010
1001010010
010101010
001001010010
1010101
0010100101
00100110
0101010010
010010101
10100101
01010100010
1000001010
010101010
0010010010
0101011
1010101
0010100101
1011001
0100101010
10000101010
010101010
010101010
101000101
010101010
00100101010
010101010
0010001100
0101001010
01010101
00100101
01010101
1010010100
001001010
10001010
0010101
0100101011
010010101
100100101
010101010
10101010
00101010
010001010
0101010
010101010
01010101
101010101
01001010010
1000101010
001010010
001000101
0001010101
0100100101
010010010
100101010
0011001010
10101010
00101001
0100100010
010001001000
10101001
00101010
100100010
010101010
100001010
100000101
01010101
010100101
01100101
1010101
1001000101
001000101
001010101
01101010
010101010
0001010010
00001001010
010101010
0101010010
01010101
0101010101
1010101
010010101
0101001010
0101010010
10010101
1010000
001010010
0101001010
1010101
01010101
01010101010
00101010010
001001010
10001010010
010010010101
10101001
00101010010
00101001010
0100100101010
00100100010
01010101
100101001
10010101
010100101
00100101001
010010101
010101010
00010100110
1001001010
10101010
1010001010
100110010
010110101
1010101
010100101
1000010101
0010010010
010101010
01010101
010100101
10010101
1010101
100101010
010010010010
0101010101
10101010
01010101
00100101001
01010101
0101001
101010001
10010101
00100101010
01001110
01001010
0101001010
0101010010
10100010
0010001010
00100101010
1001010101
001010100
1001001010
010101010
0000100101
01010010001
0100110010
101001010
0101001
010001001
010010101
10100101
0001101
101000100
0100101010
0100101010
010101010
00101010
0101010
01010101
010100101
010100101
0010101010
00101010
0100101010
00100010010
01010101
100100101
001010010
00101010
1000010101
0101010
010101010
00100001010
101010101
011001
101010010
1001010010
010100010
01001010010
001010010
00101010
1010101
01010101
10101001
1010101
10101010
010100010
101001010
10101010
1010100101
1010101
010101010
01001010
001010010
010101010
01010101
1010101
10010010
10010010
010101001
1010101
010100101
001010101
001001010
000101010
010100101
0010100001
01010101
01010101
00001000101
0010101
0101001010
010101010
1010100101
00100010001
0101010001
10010101
0101010101
10100101
1001001010
0101001010
0101001010
100011010
100010101
010010101
01001001
100101001
0100101010
10101010
10011010
0101010010
010101010
010101010
01000101
1010100101
100101010
0100010100010
1001101
01010101
001010101
101000101
001001010
100101010
0101010101
011010101
011010010
0100101010
0100101010
0100101010
0101010010
01010010
001010101
10100101
1010101
0001010101
0100110101
01010101
010010100101
01010101
1010101
10010001010
00101010
00101010
00101001010
01001001010
010110010
0101010010
0011010001
00100100101
01010101
0010101
10010101
010101001
010101010
010010010
0101001010
010101010
0101010
10101010
10101010
0100000010
00010001010
00100100010
0010001010
0101010
001001010
010101010
101010010
010011010
10100101
01010101
01010011
1010101
1001010101
10101001
10010000010
10010101010
000101010010
010101010
01010101
1011001
10101010
1010101000
01001010010
100010010
00100110101
10010101
10100101
010100101
1001010101
1010101
0010100101
010010101
010001010
010101001010
10100101
0010101000010
10101001
10100101
0010100010
0101010010
0101010010
0101010010
1000101010
1001010010
001010101
0100101
0100101010
0101001010
100101010
10010010010
1001010
10101010
10001001010
0101010010
010100101
00101010101
10101010
010101010
01011001
010101011
01001001
010010101
001000101010
010101010
01000101
010101001
1001010010
0010010
101010
01001001
00100101
01010101
101001010
1101010010
1010101
01101001
101001010
1010101
00100101
00101001000
010101010
0100101010
00100101
010010101
10010001010
010001010
0010101010
10001001010
0100101010
0000101010
0010101001010
010101010
10101011
0100100101
100010101
10010101
001010101
0010100101
0010101010
011010010
0101010101
001010101
101000010
1000100110
01010101
01010101
0100100101
0100101001
0101001010
01001010010
010100101
100110100
0101001010
010010010
010101010
0101010010
0101001001
011001001
10100000101
01010101
01101001
101000101
1010101
100110010
01010101
10010101
01011001
01010101
0010101
010010101
01010101
01010101
0010100010
100100101010
100010010101
01001101
10100101
10110100101
000010010
10101000010
10001010010
0100101010
010010101
1000100101
001010101
10100101
0101001010
10001001010
01010101
1010100001
10001001010
10101010
010101010
100101010
001001001010
101001010
100101000
01010101
010101001
01001101
00101010
10101010
0101001010
00101010
01010101
010011011
0111010
0101010010
00100101
1001010100100
10100101
0101010101
10010001010
01000101010
010101010
0000101010
01001011
01010000
1000010001
0000100101
010010010
01010010010
010010101
100101010
010100001
00110101
00101010
001010010
0010100101
1011001
010101010
01010101
001000101
100010101
0001001010
1000101010
0001011
010100100
010101010
100001010
01010101
10010101001
010101
010100101
001001010
010101010
00100101
010101
1010101
010101100
01001001010
000101010
10010101
1000100101
01000110101
010010101
010100101
0101101
1010001010
01001001010
10110001010
01001001
01010101
01010101
010101010
0101001010
1001010
00100101010
1010101010
010101010
110010111
0100001101
10010101
01010101
0100101
01010101
100010101
0100101
0101001101
100010101
00100101010
10101010
0101001010
10010001010
0101010010
10100101
01010010000
010101001
0101001010
010101010
100101010
100101010
10101010
010010010
010101010
000101010
101001010
001010010
10010100
0010100101
010101010
01010110
010010101
1010101
10101010
100101010
1010101
0101010
10100100010
10010110
0101010010
010101010
010101010
10100001010
01010101
0101001001
0000101010
0010100010
010100101
01001101
100010101
010010101
100001010
1001010010
001001010
01101010
101001000101
010101
10000101010
001011010
10000000110
010001010
01001000101
10001010101
0010100101
01010101
00101001
010100101
10101010
0100101010
000000101
010100101
10001001010
0100101010
101010010
10001001010
00100101001
0010100101
00101010
1010001010
01001001010
001001010
00101010
001011010
0100101010
0010110
100000010
0100101010
010011101
1010101
01010010
0010100100
10000010101
101000101
0010101
0100101
01010001010
0100101010
010100101
10000010101
00101001
010010101
00100101
010101001
100100101
1001000101
01010101
0010010101
1001010010
01101010
10110010
0100101010
0100101
10010101
0010101000
10010101
01001010101
100100101
0101001010
0010100010
010100101
01010101
0100101010
10101010
1001000100
01010101
10101010
0101001010
010010101
1010101
1001000010
100101010
010010010
01010101
1001101
100100101
00101010
1010010010
00100101
1010101
00101010
10010100110
01001010
10101010
010001010
0100101010
0100101010
00110011010
0100101001
001000101
1001001001
10010100101
1000100101
01011010
0101001010
0011001010
01010101
0010101
01101001
01010001
10101010
1001010010010
0101001010
01001000010000
010000101
01010101
01001001010
001010110
01010101
001010101
10100101
0001010101
01010100010
010101010
010101010
101010
001010010
01010101001
010101010
110001000010
00100101010
010101010
00101000101
0100010101
010101101
100101001
00010101010
01001001010
010101010
0100101010
0001001010
010101010
00101001010
01010101010
010011001
00100101
0101000111
1000100101
0101010010
10001001010
01010101
1010101
0101010101
10100101
1001101010
010101010
0010100010
1001001010
010101010
10101010
00101001001
010001001
100101010
010101010
0010100011
0100100101
010101010
1000010010
0001001010
001001010
01000100101
0100100101
001001001
100101001
010001010
010100101
001010101
01010101
10011001
10010101
01001010
0100001010
0100101
0100100101
000101001
0010001001
100101010
1010010010
01010100
0100100101
101000101
01010101
10101010
010010010
01010101
10011001
10101010
0101010010
10010100101
10100100
100100101
010001011
100000101010
00100101010
10010110
0101001010
010010101
01010101
0101010101
010000101
010010010
10101010
10100101010
01010010
010010001
010100101
0001001010
10101010
101001001
00101011
1010000101
0101011
101001010
0101001010
010101010
10101010
1000100101
01010010100
01010101
01010101
00100010101
0010000101
1010101010
10100001010
0110101010
10010100010
0101010010
0101001010
01001010010
1000101010
100010101
0101000101
10100101
01010101
0101001010
001010010
001101010
010101010
0001001010
010101010
00100101
100010101000
01001010
010101001
0001010001
10010101
010101001
1100101
0101010010
1000101010
001001010
0101001010
01010101
00100101
010101
0010101001
01000101010
10010100010
0100101010
01001010
1001001010
000001001010
0100101001
01010101
000100101
00010010001
010010010
010010100010
100101010
010010011
0010100101
10001001
000010010
0010010010
01010101
10010101
1001001010
101001010
0101001010
100001010
0001000010
0001010010
1010101
101010101
010101010
001001010
100101001
1010101
10000101001
010100101
01010010
0001100110
100100101
00100010001
01001001010
0010101010
01010101
010100101
01001000101
010010101
0101001010001
101001001
01001001
0100101
1001010010
010101010
0100101001
10100101
00010010010
01010010
011010011
01010111
01001001
10100101
0101001001
01010101
0101010010
1000101010
0101001010
10101010
01010101
0100101010
001010001
01001001
01010101
0101001
010001001
101000101
01001001010
000101010
01000101
01010101
100101010
010010101
1000101010
001010010
01010010110
010101010
1001000101
101010
01010101
001001010001
0010101010
100101010
10101001
00100010101
010010101
0101101
01011001
10100101
0110110
10101010
0100100101
01010101
0100101001
010101
01010010010
000100101010
00101000101
0010010101
0010010101
100000101
001001010001
00101001
10001001010
0010101010
10010010101
1010100101
10001010010
0001001010010
010100101
10101001
0001010
010001010
011001010
01000101010
01001001
101010001
100101010
010101010
1010011010
10000001010
0010101
010100101
01010101
0100100101
00101010
01001010
01010101
010100101
0010101010
0001010010
00101001
1000100001
010101010
100011010
00101010
0101001010
01010101
01010010001
010010001010
0100101010
1000101010
001001010
010100110010
100110010
1010101
01010011
010101010010
1000101010
010010101
010101001
10101010
01001001010
1010001010
1000101010
01001010010
010101010
01010101
010010101
0100101010
00010010
10101001
0100010101
1000100101
0101010001
1000101010
0100101010
101010001
100100101
01010101
010010101
01010011
10010101
10101010
1010101
0101001010
1010101010
001000100
01001001
0100101010
101001001
01010101
01010101
100001010010
00101010
0101010010
0010101010
0100101010
010101010
010101010
01001001010
1010101
1000100101
0101010101
01010101
1001010010
00001010010
01000010010
010101010
010100101
010010101
001010101
010100101
1000101010010
010101010
10101001
1010101
1010101
0010010101
1001000101
01010101
01010010010
01010001010
1000101010
001001010
0101010100
101001010
010010010010
100101010
010101010
0010101010
0100101
101010100
00100101010
101010010
010101010010
10010101
1000100101
0101000101
00010101001
01000101000
0010101010
00100010010
010010101
10001010101
010010010
001001001010
010010011
01010101
010100101
0010100101010
0101010101
10100101
001010101
1010010101
0101010010
1001010010
010101010
010101010
10000101
001010101
0010010010
01001010
01001001010
100010010
01010101
101010101
00100101001
101000101
01000101
010101001
10001000010
10101010
001010010
101001010
010101010
01010010
10010101
100100101
00101010
010101010
0011010010
001001010010
001010101
10100101
100100101
010010101
0010100101
0010010010
010110101
100010010
010100101
0010100101
10010101
10101001
100101
1001001001
01001001001
001010101
010010101
0010010001
01011010
010101010
1001000101010
010011010
01010101
10000000101
00010101010
100100010
01010101
10010101
1000010101
0010100101
100100101
1001010101
01001001010
01010010
010100101
0010101
0100010101
010010101
001001010000
1001001010
11001010010
10010010010
100101010101
101000101
010010101
10100101
0101010010
0010101010
0100001010
100011010
01010100101
10001010001
010100101010
000100110
100010010001
10100101
001000010010
00010010010
01010101
01010101
1001001010
01010010010
1001010
010101010
010101010
0101010010
010101010
001010010
0101010
00100010010
1010101
01010101
0101010010
1000010010010
1010101
10110100
010101010
0010101010
00101001010
010101010
011001001
101001001
101010010
0101010010
0001001010
101000010
00100010101
0010010101
01010101
00000101001
0100101001
0100100101
01010010010
001000101010
010101001
0100101011
01010101
01010101
010101001
01011010
01010101
01010001
001010101
1010101
01010101
00100101
001001001010
0100101010
001010001010
0100101010
1001001010
101001010
00101010010
01010010010
010010101
010100101
010101001
10101001
00100010011
01101001
101010010010
000101010010
0110101
1010101
01010101
0010010101
0100101010
010101
010001001010
00101001010
01010101
10011001
1000101010
001010010010
0100101010
010010010010
0100101010
100101010
010001010
10101010
101010
010010101
1001010101
1001101
0101001010
0101000010
1010101010
1010101010
1010010001
1010101
001000101010
101001010
010101001
01001000001
010010101010
00100100101
0101001
011010101
10000010101
010100100
010101010
01001010010
00100101
0100101
0010010010
0100101010
010010101
010001101
10010100
1001010010
01010101
10100101
10100100010
001001010
01011010
0001010101010
010010101
010100101
0101011001
001000010101
10100101
01011001
10010000101
0010110001
010010101000
01010101
010011101001
01001101
1010011
00001010100
001010010
1001010010
010100101
01010101
0100110101
0101010101
10001010001
010011001
010101010
00001001010
0100101
010100101
010100101
010100101
000001010010
0101001010
0101001010
010100101
01010101010
0101010
01010101
10100001
1001001010
011001010
10101001
001010101
10010010101
010100101
10100101
101011001
1010101
10010101001
10010001
01010101
01010101
01010101
010101010
010101010
010101000010
001010110
01001010010
010101010
0100101010
010011010
00100101001
01010101
010101010
0101010010
0110001010
101010010010
10100101
10010101
0101001010
0101001010
010101
00101010101
010101010
0010010010
01001000101
0010011001
100101010
000101010
0010101
010100110
001001010
0101010010
010010101
001000101
1010101
1010101
100101001
010101001
10100101
00010101
0010001001
1001101001
00101010
0100101010
001001010
0101010010
0100101010
0101001010
1010101
010101001
010100101
10000101
10001000101
001000101
0001010101001
1001001001
10001010010
00101010
01001001010
000101010
010101010
1001010010
010101010
1000010110
10101000
100101001
10100101
10101010
000100010010
010010010
1010001010
001010001
01010101010
100101010
001010010
010101010
01010101001
0100010101
01010101
010100101
01001101010
00001010
01001001010
0101001010
01001010010
00101010
001001001
01010101
1101010101
010101001
001010001
00100101
1000101001
010010101
0101001010
001001010
10101010
1001000110
0101010010
100101010
0101010010
010101010
0101001010
01010010
001000010010
01001010
0110101
10100001
100100101
01010101
0001010010
100101010
0101000001
10010101
0101001
1010101
010101010
0101001010
00100100010
001010010
010010101
01010101
1010101010
0010101010
0010001010
10101010
01001001010
0101001010
0100101010
0100101010
1001100010
0100101010
101010010
10101000010
0101010010
010011010
1001001001
0010010101
101000101
01001101
0101010
010011010
00100010101
01010101
001010101
00110101
010100101
0110101
0010100010010
001010000
10001001010
00101010
1000101010
011010010
0001010100
001000101
0101001010
010100110
00010101
010010101
00001010010
0100101010
00100100100
01010101
101001010
00010101010
0101001010
001010010
101100010
010010010
00001001010
1011010
10100101
1010101
10010011
10100101
1001001
00101001
01000110010
100011010
000101010
0100101010
0100101010
10001010
001011001
001010001
01001010010
001001010
011001010
001010001010
0001001010
001010010010
101010100
01010101
00101010
1010101
01001010
101001010
01010010
0010101010
100100000001
100101001
10010101010
0100101010
010010101
1010101
01001010010
00100101010
1101001
00101001
1000101001
0000010101
010100101
00100101
0100101010
00101000010
01010110
0010001010
0100101010
010101010
10010010
10100100010
10101010
00000101
00001001010
01101010
010110101
01100101
10101001001
00100101
01001010
00101010010
101010101
001010101
01001001
010101001
010101001
010100101
001000101
001010101
010011001
0101101
00110010
010101010
010101010
1000011010
001001000101
01010101
10100110
0010110
010011001
010010101
1010101
1001010001
010101010
10100100101
100101010100
01011000
001000101
100011001
001001001
10100101
010101
101001001
0100100100101
001010101
0101001010
000010101
010010101
10100101
00100100101
0101101
010101010
1001000010
0100100101
10101001
000101001001
01010010101
01010101
1010101
0010001010
101010010
00101010
010110010
001010101
001010101
100101
01010101
001010101
100100101
0010100010
00101010
100010010
10100010010
0100101010
0100101010
1010101
010010101
00101010
0101010
0100101001
010100101
1001001010
010101010
0101001010
10100101010
101001
01010101
10001001
10010101
1000100101
0010101001
101000010010
10001001010
1000101010
100101001010
100010010010
0011010
100110101
100000101
0101101010
101010010
0001010010
01010101010
01001001
10010101
01010101
0101001
1011001
010100101
0010010100
00101010010
1010101
10010101
100010101
0101010
100011001
0101000101
010101010
0001010001010
010101001
0101010101
01001010
000010010010
010010101
10010010100
01010100010
001001010
10101010
0101010
0100001010
01001010
1000101010
001010010
100010101
0110101
010010010
01010001010
01010101
1010101
0100100101
001001001
0101010
010010000010
0101100110
10100000010
0101001010
10101010
001001000010
0010001010
0101010010
10101010
0101001001
100101001
010010010
000001010
0100101010
01010101010
0101010010
010101010
101001010
10101010
1001010
010101010
0100101
101010010
010101010
00101010
110101010
10110010
010011010
0100001010
001001001
00100101
0100101010
0100101010
0101010010
10101010
00010101
100010001
100110010
010110010
01010101
1010101
01010101010
00100101010
010100101
01010100
010100101
0100101001
101001010
10101010
001001010
00100101010
1010101
010101
01010101
010100101
10101001
101001001
0010010010
010101010
0010100101
0010010101
010101001
1001101
0001010010
001001010
101010000
1010101
01010101
10010101
0100101001
101101
100101010
1000101010
001001010
01000110
00101001010
0110010010
010101010
0101101010
0101100
001010101
01101001001
01100101
01010100100
1010101
0100010011
00101001
010010101
0010010101
00101010
0101001010
01010010010
011001010
00000101001
1000010101
0010100101
010100100
10100101
101001001
01000010010
010101010
0100101001
00101010
10001010
1001010010
101001010
010101010
100101010
1000101010
001001001
100101000
0100101010
101010010
10100001
10100101
01010101
010100101
01010101010
0101010010
10010010010
100100010
01001010010
10001010
00101010
01010100010
10101010
1000101010
0101010010
00101010
1010001010
0010010101
1010101
010100101
10010101
011101001
10101010
0100101010
010101010
1001001010
00100101010
1001010010
000101010
010010010
010001010
100101010
1000101010
0011001010
00100101
01010101
001010101
10001010100
0010001010
010101010
0010101
01010101
001010101
10100101
0101010110
0101001010
0100101010
0010101010
0001001001
0101010101
011001010
0101000010
1010101010
1010010010
10010101010
010101010
0010100100
010101010
01001010101
010101
0001010101
010100101
10101010
100101010
00100101
00101001
100101010
0001001010
01010101
0100101001
01010010
0101010010
1010101
0100100101
01011010010
0100101010
010010101
1010101
10101010
0001010010
1000101010
00010101010
01001010100
010101001
01001000101
0010010101
00100001001
10010101
00101010010
0101001010
100000101
10100101
100101010
10101010
10101010
0100101010
10010101
0100100101
0101010010
010101010
010001011
1010101
01010101
0100101
100001010010
010101010
010110101
00001010101
010101010
10101010
0101001010
01100010
0101010010
10101000010
010011010
01001010
001000101010
1010101010
01010101
10010101001
0100101010
01010110
1010101
01010101
100101010
10010101
10010111
01010101
01001001010
001001001010
00101010
01001010
10101010
0011010
10101001
0010010101
010101010
10101010
0101010100
10010101
001010101
01010101
1010101
0101010101
010101010
0100101010
10010010101
010100101
100100101
0100101
001001010
1000101010
101001010
1000010010
010010010
01001010
001010010
00101010
010100100
010100101
0010101010
0101001010
0010101010
10001010010
01001010
0010100000
001001010
10101010010
010101010
0101001010
010101010
100101010
10101001
0010100001
010101010
100101010
01001010
00001001010
100010101
01010000101
010010101
010100101
100101010
00101010010
0101001010
0010001010
010101001
010100101
100011010
01001001010
1001010010
0001001010
010010101
10101001
10001001
01100101
101001001
1010101
0101001010
010101010
01010101
101000101
0010001010
10001010
010101010
01001010010
10101010
0101010010
0100100101
10010101
01001001010
001101010
1010101
01010101
010101010
0010101010
010010101
010101001
101010101
001010101
010101010
0101001010
0101001010
10000101010
010101010
101001010
0100101010
001010010
010010101
01010101
10010001
10010100101
1001001010
010101010
0001010010
01010010
001010101
1010101
1010101
010101010
001010010
01001001010
10100101
1010101
0100101010
010010010
00101010
000101010
0010010010
0001001010
010010001
1001010
10100101
0101101
010110010
010101010
101101
01010001
101001010
001010010
1000101010
01001001010
0101001010
100101010
00101010
0010101010
01010101
01010101
01001010100
01010101
010101001
01010101
1001010010
00100100010
010101010
00010010010
010101001
10110101
010100101
10001101
01010101
10101001
01001001010
1001001010
010101001
101000101
1000100101
01010101
0101001010
01011010
01000101010
10101010
0100101010
0010001010
001001001
01101001
1001000101
100101001
010010010
00100101010
01010101
1001011
010101010
010101010
1001010010
101010010
01010101
010101000
10101010
101010010
010100101
0101001001
1010101
0101010
0010010101
01000101
00100101010
001001010
10100101
00100101
01010011
0101101
1001001
10010001001
0101001001
01010101
001010101
0101001010
0000010101
010101001
0100000101
101010
0101001010
0101010010
01001001010
0010101010
010101
01010101
01010101
01000101001
101001001010
01010010
01001010
01010101
10101010
0100110010
010001010
0010010100010
10001010010
00101010010
01010101
01010010
010101001
010010101
101100101
101001
01010101
01010100
01010101
010010101
1010101
0101001001
010101010
01010010
1010101
010010101
001001010
10001001010
010010010
0010001010
010010101
0010010001
101000101
1100101
010101010
100101010
001010110
100001001010
010010010
10010010
01001010
10010010010
101010010
0010010101010
00100100101
01010111
10001001
0100100101
1000101010
0101001010
101001
1010101
010101010010
010101010
10101010
01001010
0100101010
1000101010
0101010010
1010001010
0100100101
00101001
00001001010
010101010
0010010101
1010101
010101010
00101010
001001010
0100101010
010101010
0101001010
0101010010
010101010
0010101010
1000101010
