01010100010
101001010010
00001010101
101001010
0101010010
10101010
0010101
0010100101
10101010
10101010
010001010
001001010
010010101
0010101001
100010010
010101010
0100101110
10001001010
010101010
0010010010
0101010101
101001
0101010010
001010010
010101010
10000101010
100101010
10010100010
100101001
010101001
100101010
101010010
100101010
00101010010
1000101010
10101010
10101010
0100101010
010101010
01001010
010101010
10101010
10100100010
100101010
0101001010
010010010
010100010
010101010
10101010
100101010010
001001010
010101010
010101010
10101010
010101010
001010010
0010101
01101001
0101010010
010101010
010011010
10010010
01010101
0100101
010101010
0101001010
010010101
1010101
0101010
010101010
100100010010
00101001010
01010101
01010101
00100101
0010101
01010101
001010101
00101010
010101010
01011010
101010010
010100101
101001001
010101010
10101010
10010101
001000101
00100101
00010101
10101010
101001010
010101010
1010010010
010101001
100101001
0101001100
101011010
01010010
10010111
0101010101
0010100101
10101010
1001001010
011001010
101001010
010010101
0010101
01001101
010100101
0100101010
01001010
00101010
010101010
10101010
101001010
000100101
1010101
10101010
010101010
011001010
10101010
1010101
1010101
01001001
01010101
01101010
01001010
01010101
010101001
101000010
101010010
01010101
1001101
00101010
1000101010
000101010010
10001010010
0010101001
0101101
010001100110
0101001010
01010101010
1001010000
00101010
010101010
01010101
100010101
10100101
1010101
00101001
100000011
010101010
01010010
010101010
100101010
010010010
1010010
01001010
000101010
1001011
00101010
1010101
010100101
1001010010
0101001010
001001010010
101010010
0010101001
10100101
01010010010
011010010
00010101
1010101
10001010
00101010
010101010
010010010
10010010
00101010
01010010010
010101010
1010100110
010101010
0101001010
10001010
11101
1010101
10010010
0101010
10001010
010101010
010010101
10100101
01010010
00101010
0001100101
1000100101
010101010
01001010010
010100010
10101010
10101010
10101010
010101001
100010101
0101010010
1011010
010001010
1001001010
10010010010
1001001010
01001010
1010001010
0100101010
010101010
01010110010
0101010
01010101
10010101
0101001010
100101010
10101001010
01101010
01001010
0100101010
010101010010
010101010
010101010
010101010
01010101
0110101
010100101
010010101
01010100010
101001010
0001010101
010100101
01001010
010101010
1000001010
0011010010
10100101
0101101
01001010001
01010101
010101010
010101010
0100100010
0101010010
01010001001
0010101
01010101
0101000101
0101001001
010100101
010010010
010001010
1010101
1000101
100010010
010101010
1000101
01010101
00101010
001010010
01010101
00101001
1010101001
001000101
01010001010
10101010
0101010010
010101010
100100010
00011010
100100101
0110101
0010101010
0101010010
100101001
010101
010101001
00100100
1010010
100110010
1000100101
1001010101
101010010
00101010010
001010101
01010101
011010010
0101001010
010101010
01010101
1000101010
10101010
0010101
0101001
1001001
10010100000
01010101010
0010101010
010101010
1001001010
01001010
010101010
00101001010
000101010010
1001001010
010101010
101010100
01010101
100001010
010101010
111010
010101010
01010010010
00101010
00101010
11100010
100101010
101010010
0101010
10100101
010001010
00001010
01001010
001010010
0100101001
1001001
000100101
01010001
100100101
0101010101
0010100101
010110101
10101010
01001010
0010101
10101000100
0101001010
10101010
01010101
100010101
01010010100
1010010100
010101010
1000101010
1010010
010101010
0100101
01010101
010101010
101010101
001001010
010101010
010101010
010101010
00100100010
0101000010
0101010
0010101
1010010
0101010
01010101
010100101
10010010010
01001001010
010101010
010110010
00101010
001001010
1010100100
01010101
0010101010
0001010010
10010001010
00001001010
010010101
10100101
00101001001
01000101
010101010
100100001010
001010101
1010101
010001010
001001010
101010010
0101001010
0101010010
0101001010
010101010
11101010
001001010
010101010
010101010
010101010
10101010
01010101
0101001010
01101010
001010010
10010001010
10100101
01010101
010101010
010101010
101000101
00101001
00101010
00101010
10010101010
100110100
1001001010
100110010
10100101
0100100101
100101010
0100100010
0100100101
1001010001
010010010
100101010
10010101
1000010101
0101001010
0010001010
101010101
0010001010
00101010010
0001001010
1001001001
001010101
010100101
000010100001
010101001
01010100001
0100101001
010101001
0101001010
1011010010
001010011
1010101
100101010
010110010
1001001010
001001010
0100101010
0010101010
01001010010
0101010
100101001
00010001001
0101001010
10110010
10101010
0010010010
10101010
0101010010
10101001010
001010010
010010010
010100010
10101010
01000010010
01010101
0101001
01001001010
1010100010
00000101001
10010001001
0101010010
0010001010
01010010010
010101010
100101001
001010101001
0101010
10101010
0110010
00101010010
100010100
010101001
0101011010
01001001010
0101001010
100010101010
1100101
01010101
100101010
101010010
0101010010
101010010
1010101
010010001
1010010
100101010
10001010
0010100010
0101010010
01000101010
10101010
01001010
010101010
100010010
10101010
01001010
0101001010
010101010
00100010010
0101001010
00100001010
101010010
001001010
10010010010
001001010
01011010
01010101
01010101
010011010
1000100010
0000101010
01001010
00100101
001010101
0101001
001001
0110101
10010101
010101010
100101010
010011
100100101
001010001001
010100101
10100101
1010101
00101010
01001001010
010101010
001010010
101001010
0101010010
101000110
100101010
0101010010
1001010010
100001001
1010100101
10001000010
0101001010
100101010
010001010
01100101
00100101
010101010
0101001010
100010101
010101001
0100101001
10010101
000001010
1010001010
100010011
0101101
0101001010
10101010
001001001
0110101
0010101
001101
0010100101
0010001001
0010101010
10101010
001001001010
00110001010
100101010
10100101010
10101010
1001010010
01010101
01010101001
1000100101
0101001
010101001
100100101
100101010
010101010
1010100101
01100101
01010101
00101
01000101
010100101
01001001010
1001010010
010100100100
01010100010
01010100010
010101010
10100101
010010101
01010101
01010101
0100101010
010101010
1010010010
01010010
00101010010
010101010
10100101
1010101
10101010
101001010
010100110
00100101010
01001001010
00101010010
0010100000010
001010010
10010100101
0010101
1010101
00000101001
0101001010
010101010
100101010
001001010
10101
01010101
100010010
10001010010
1010101
01010101
010101010
01010010
01001010010
101001010
10100101
10010101
010101010
0100101010
101001010
0110010010
100101101
00101101
1001010101
01100101
1010010101
001010101
10101010
010010010
10101010
0100100001010
0101001
0010101001
1000100101
1010101001
10010101010
101001010
0100101010
00101010
010101010
100101010
1000101010
10101010
10001010010
010010010010
10010101
0100101
001010010
10001010010
1001010100
0101101
100101010
10010101010
10100101
001001010
100101010001
01101001
10001010100
00100101
100010101
010110101
01010101
0101001010
0100001010
00101001010
0010101
100010101
0000100100011
010100101
100101001010
1000101010
01010101
01010101
010101000
10100010101
0101010101
101000101
1000101010
10101010
0010011
01001001
0101010
10010010
