101101010
10010100010
1000100001
011010101
010100101
10010101
10100101
010010101
101001001010
1001001010
0100101010
010101010
0010101010
0010101010
0101001
0101001
0100101010010
0101001010
010101001
010101001
010110101
0100100101
0010010010
010101010
101000110
01001001010
0010010010
0101010010
0101101010
00100101010
00100101010
01001011
100010101
0100100101
10100100101
01010101
0101010100001
000100101
001001001
0101001
1010100001
0100101001
00101010010
0101010010
10001010001
100010101
010010101
010101
010101001
101010101
010101010
100010010
001010101
0010100101
010101
01001001
010101010
1001010010
0100101010
1000101010
0101010010
010110010
0010101010
01101010
101001010
1010101
101001010
10001010010
010101010
010101010
01010101
01011
