10100101
01010101
101000010
0100101010
0101010010
01010010
0100101010
00010101010
1000101010
010101010
010010101010
010001010010
100101010
01001010
01010001
01010101
10101101
0100010101
01010101
10010101
1010010010
010101010
100001010
01001010
01010101
01010101
01010101
01010101
00100101
1010101
01010101
010100101
01010101
010100101
010100101
1010101
1011010
10101010
10101010
100101010
10101010
100010010
01011001
01010101
10101010
00100100010
0100101010
10101010
010101001
01010101
101001100
0101001010
1010101
01010101
1010101
01010101
10010101
01010101
0101001010
0010101010
1000101000
010011001
1000100101
010100101
1001001010
101001010
100101010
01001010010
010101010
010101010
0100101010
010010010
00100101010
0001010010
10101010
00101010
10101010
010101010
010101010
010101010
01010101
01010101
1001001010
0010101010
001000101
001011001
0101010010
0010100010
1001011010
0101001010
0010010010
0010101010
100010010010
10101010
1001010010
010101010
010101010
0101010010
00100101010
010101010
010101010010
0010101010
010010101
01010101
0100101010
01001001010
010011010
10101010
010100101
0000101
10100101
01010101
10101010
0101001010
100101010
01000010010
010100101
0010100101
01010101
01011001
0101001
001010101
1010101
10100101
10101010
0101010010
1001101
0110101
100101010
100101010
010001010
101001010
010100101
011001001
1010101
0110011
10101010
010011010
0110101
0100101001
01010101
10010011
010010010
100101010
01001010
010101010010
101010010
0101010010
100101001
001010101
0101010010
101010010
10101010
0001010010
100001010
010101010
01010101
10100101
0100110101
1010000101
00100101
100101001
0101101
010100101
01010101
00100101
0101001010
0101010010
10001010
1000101010
0101001010
010100010
010101001
1010101
001010010
1010001010
101010010
0100011010
0100101010
10101010
1001001010
0101001010
0101000110
0100101010
010101010
1010001010
0101001010
1001001010
01010101
10001101
0101001010
0101001010
0000100100
0010101010
1000010010
10101010
010100101
101000101
0101001010
10101010
01011011
001010101
00101010100001010
0010110010001001001
10010010010
00010001010
010100101
010101001
0101010010
01001001010
101010010
0101001010
0110010010
010101010
0101010
100010001
0101001010
100010010
100101010
0101001010
01011001
010010
00101001
010100101
1000101010
010101010
01001010
001010010
100101010001
101000010
100100101
0010100101
00100101
010010110
010010101
1010100
1100010010
1000101010
010101001
010010101
10010001
010100101
10101010
010101010
001001001010
010001010
1011110
01010101
1010101
0101010101
100010010100
1001001010
0101001
010010101
01010101
10101010
010011001
0101001
01010101
10001001001
010010101
101001000
0110101
010000
010101010
1001010010
0101010
01010101000
0101010
010100101
101001000000010
100101010
001010101
01001010
00001010010
10001010
101001010
0100101010
01001001010
01011010
0101011
010100101
0010100001
00101001001
01010101
01001001001
001001001010
00101010
00100101010
01001001010
1010001010
0101001010
010101010
010101010
100100100
101000100
101001010
0101001010
010101010
10010110
010100101
0101001
0100101
0101010
0101010
100101
01010100
010100101
01010101
00100101
0101001010
101010010
100101010
010101010
011010010
010101010
01010101
10100101
00101000010
0010101010
00101010
0101001010
00101010
10101010
010100101
01010101
010100101
0101010101
001010001
010100101
0101001010
00101001010
01001010
010101010
010101010
0101010010
0101001
010010
10010010
0010101010
010101011
01010101
0101000101
0100101000
010101010
10100101010
100101010
010101010
0101001010
010101010
010101010
00101010010
011001010
0101001010
010101001
010100101
010101010
010010010
0100100101
1010101
0010001010
010101010
001010101
00101001
0101001010
0101001010
0010010101
0101001001
010100101
010100101
0100101010
0101010010
01001010101
1000010100100
0101010010
010101010
010101001
10001001001
010101010
0101001010
1001010000
0100101010
0100110010
0100101010
010101001
010100101
001010010
000101010
101010010
001011010
010010101
010101001
100101010
10101010
00010101010
001001001010
100101010
0100101010
0010100010
010101010
01001001010
01010010010
0100101010
010101010
01001010010
101001010
101010101
010101001
001000010010
0100101010
001000001010
010101010
10101010
10001010010
00101010
0101010010
01010101
0101010101
01010101
10010011
0100101001
01001010101
0100100101
010101001
000010100100
010100100100
0101000101
001010101001
01010101
101001001
010110001
010101001
10100101
0101001001
0100001010
100001010
100101001
10100101
001001010
1010101010
101000010
1010101
01010010100
010010010100
01101010
10100110
001010010
000100110
010101010
1001001010
0101010010
0100101010
010101010
1100101010
10001001010
0010010010
01010010
01010100010
01010101
010100101
1010101
01010101
01010101
010101001
00001001010
010100110
100101010
0101001010
100010101
001000101
010101001
10100101
1010101
010101001
10100101
0100101000
0100101010
01001010010
1001010110
01010101
01010101
1000001001
0100101010
101001010
10101010
01010001010
1010101
1010101
00101011001
01010101
1010101
01001001
1010101
0101010101
10101010
010100101
0101001010
0010100001010
10100101
1010101
01001010101
010100101
0101001
010010
01001010010
10001010
10000101010
01001010
1010101
010100101
0100101010
1010100000010
101010101
0010100101
010110010
10001001010
100100010010
0101010010
0010101010
0100101010
0100100101
010010011
10101010
0100101010
01011001010
01001010010
010101010
10001010010
01001010010
0101010010
00101010
101001010
010101010
010101010
10101010
010010010
10101010
010010010010
000010101
001011001
0010011001
0100001101
100010101
00101010001
0011001
001010101
010101010
0101010010
01010101
01010101
010001001
0101001001
010100101
01010101
01001000100
01010101
00010101
10010101
0101001010
100101010010
01010101001
10101000
001010010
0010010010
01010101010
0100101010
01010101
0101001
0100101010
10101010
101001001
01010101
0010101010
010101010
01010101
010100101
010101010
1010101
010101010
010010001010
010001010
001001010
010100101
1010101
01101010
001000010
0001010010
00010101010
00100101010
001010010
101001010
00101000010
01010101
01010101
001010010
1000101010
01010010101
001010101
1001101
010010101
010101010
00100101
1010101
010010
101001010
01001010010
1010010010
0100101010
00101010
001010010
010101001
01000101
1010101
100010010100
100100100001
01010101
010101010010
01010101010
01010101010
100101010
0100100101
010101001
00100101
001001001
01010101
0101010101
0100100101
0010101
0101001010
010101010
01001010
1001010010
010101010
0000101010
0110001001
010101001
10101010
00101001010
0100001010
10100010010
001001001
00100101001
010101010
0010010010010
0101001010
010101010010
0101001001
010100101
010101001
1001000101
010101010
01001001001
001001010
0100101010
0101001001
0100100101
0010101010
010010010
1010101
00100100101
0010010100010
10101010
0101010010
0100110010
01010010010
01010110010
01000110010
00101001010
010010101
1010010101
010010101
0100101001
010101010
0101010010
0101011010
010101010
1010101010
00100101010
01010101001
001010101
100010011
1001000101
01010110
01000101010
0100101010
0101001010
0101001010
01101001010
010101010
1001010010
01010000101
1010101
010101010
0011010010
0101011
0101010
01010100
01001100
101001010
10101010010
10101001
01010001
010101001
0010101
1010101
100100101
01010101
100000101
01010000101
01001100101
00010101
010101001
010010101
0011010001
0100101001
100101001
0100101010
01001010010
1010101
10100101
010100101010
0001010010
010101010
0101010010
001001001
10010011
1010101
0100101
010101010
01101001
00100010010
010010010
1001010010
10101010
0010010010
010101010
010101001
10100101
010101001
01010101
10000011
10010101
010101001
01010101
00101010
010101010
010101010
101001010
0101010101
100001101
10001010101
0101010101
01010101
10010101
1010101
0101101
00101010
101010010
010101001
0010010101
001001010
10101010
01101010
01010010
010101010
10101010
0100100101010
010101010
0100101
10010101
01010101001
010100101
0101001010
010101010
010101010
0010010100
10010101
010100101
011001010
01001010
1010101
01010101
10001010
010101010
01010101
101000101
0010100101
10100101
0010101010
0010101010
1010101
010100101
011010010
010101010
01001010
10101010
01010010010
010101010
010100101
01010101
010101010
0101010010
00101010
01010010010
10010101
1001010
10100101
00101101
00010010101
11010101
010001010
01011010
00110011
01010101
0101010
10101001
0101001010
010101010
010010001010
01001001010
0101001010
010011010
010101010
0101010010
01010101
01010101
010101001
10010010101
010101001
010100101
01010101
001010101
0101010101
00100100101
00101010
000101010
01010101010
010101010
0101000110
0100101010
001001001010
0100101010
10101010
0101001010
010100101
100100101
0100101010
01010101010
01010001010
00010100101
1010101
1010101
00101001
100110101
001011101
01010101
10001010001
1010011
10101010
010101010
0101010010
010101010
0101001010
10101010
10010101
010100101
00100101010
00101010
010101010
1001001010
0010101001
0110101
1000100010
010101010
10001010010
10001010010
01101010
100010100010
010011010
1001100010
01010101
0010100101
1010101
010010001
00100100010
01010100010
01010101
0101010
100010010
1010010010
101001010
01001000100
00101010
010101010
10100101
001010101
1010011010
100101010
01010101
01010101
01001010001
0100100101
0101010
000101010
10101010
1010010010
0101001010
0110010010
101010010
0101001010
0100101010
00101010
10101001
0101001001
0101010010
01010010010
0101010
10010
0100100
0100100
01011001
0101010
0100101010
0101010010
010101010
1010010010
11001010
0011010010
01010110
00001010
101010
010101001
101010001
001101001
10010101
1010101
0101001
010100101
010010101
010101001
01010010010
01010110
10001001010
010110010
010101010
101001010
100101001
1000101
101001001
01010101
010101001
01000
01010101
011001
001001001
0100100101
0010100010
010101010
101010101010
010010010010
010101010
00101010
1010101
1010101
10100100001
0100101001
0101001010
0010010010010
1001010010
01001010010
00101001001
1010101001
00101010
1010010010
10000010010
01010101010
0101001010
100010010110
01010010
01001010010
10100101010
0100101010
010101010
010101010
01010010010
101010010
01001001010
100010010010
0101010010
001001001010
10101010
00101010
010101010
10001010
010101010
00100010010
1010101
0100101001
01010101
10010101
00101101
0100100101
00101001
1011001
10100010
01010010010
00101001
01010101
101001010
1000101010
0101010010
0010010010
00101010
100101010
0010110101
00101001
0101010010
1001000010
101001010
010110100
1000101010
010101010
001010101
10100101
10010001010
01011000010
1001010010
00101010
0100101
00100101
01010101
10010101
01010100010
00101010
000101010
010010010
000101010010
01010010010
0001010010
010101010
010110010
101001010
010101010
100101010
0101000101
1010101
010101010
01010010010
010101010
0100010010
1000101010
0010010010010
00101010010
10000001010
1001010010
0100010010
00100001010
001001010010
0101001010
101001010
01010101
0011010
011010100
0100100101
01010101
01001001
01011010
10010110
10101001001
01010101
01010101
0010101
10001010010
0101010010
1010101010
01010101010
00101001010
010101010
0001001010
10001010
00100100101
0101010101
0101001010
101001010
01010101
1010101
01010101
0101010101
0101101
101010
01001010
001010010
100101010
101001010
010101010
0011001010
0101001001
10100010101
101001010
10001010010
10101010
001001001010
10100101
000110101
10101010
00101010
001001010
0101001010
0010100010
000101010
00101010
010101010
010101010
0101010010
101010101
10010101
001001010010
100101010
10101010
0100101010
010101010
101001010
010010110
0101010101
0100101
1010101
010101010
010010010010
010101001
01010101
01001010
10001010010
01010010
100001010
0101010010
01010010010
0101001101
00101010101
001001010
01001010
100000101
100000101
01010010
0010101010
10101001
100010101
1010101010
01101010
010101010
00101001010
011000101
0101010101
01011010
01010101
01010101
1010101
10101010
0101001010
10101010
10101010
010100101
0100100101
010100101
010100101
01010101
01010100
101001001
1010101010
010100101
0010101001
010101
1011001
010101010
10101010
1010101
100100101
001000101010
00101010010
10101001
00101001
011001001
10001010010
01010100101
0100100101
01010101
010010101
0101001
0100100101
0101001001010
000101010
001010101
0100100101
0101101
0010101
0100010010010
0010100110
01010101
1010101
01001001010
010101010
0010100101
00100101
1001101
0010101
10101010
1001001010
1010101
010010101
01010011
01010101
0100101010
1010001010
01011001
010101001
00100101
10001010100
010101010
0101001010
1001001010
101010010
1001001001
010100101
010010111
0101010100
010101010
1010101010
10010101
00101101
010101001
1010011
010101010
1000101010
010101001
100010101
0101010101
0000100101
10010101
0010010101
010010101
010100101
1010010010
1000101010
010010101
01010101
010100101
100101000
10100101
010100101
100101010
0101010010
010101010
010101010
0101001010
001010010
101010010
0100101010
10100101
010010101
10101010
010101010
01001001
010010101
010101010
0101010010
01010101
101010101
101000101
00100101
0101001
010101001
0101000101
0101100101
10010101
010101010
010100101
0101010101
0101010101
01011001
1001010
010110
01010101
01010101
0101100
01010101
100101
1010011
010101010
010101010
01010101
001001001
0000101010
010101010
10000010
1010101
1010101
01010101
0100100
1010101
01010001010
0010001010
01101010
001001010
1001010010
100101010
001101010
10101010
101001010
010101010
10101010
1010010010
0101000101
01010101
00100100010
0101010010
0010010010
01010010
0010101
010100101
0101101010
010101010
0100010
101001010
001010101
10010101
0110101
0010101
100010010010
00101010
000101010
010101010
010101010
0101010010
100010010
100100100
10101010
0100101010
01010101
100101001
1010101
010010101
0101001010
0101010010
1010101
0100101
11101010
01010010
100100101
01010101
0010101010
1001010
1010010
0101001010
001001010
10101010
010101010
0010101010
10101010
01101010
01001010
010010010
01010101
010100100
010010101
10101001
01100010
100101010
01010010
10100100010
10101010
001001010
1010101
001100
01010101
01010101
00101010
101001010
0101010010
01001010
1001010
010101010
01000010010
10101001010
1010101
01010100101
010101100
1010010
10101010
01010001010
1010010
01101010
0001011010
0101001010
0100101
0010101
0100001010
010101010
01010101
1010101
0110101
1010101
010101010010
0010101000010
010100100
010101
001101010
01010010010
1010101
0100100101
0010100010
10101010
01010101
01100101
001010000
00101010
0101001010
0101001010
0101010
10101010
010101001
01010101
00101010
10101001010
0010101010
1000101010
00010001010
10000010
10101010
0101010010
1010011010
010010011010
0010101
0100101
000010101
01010101
00101001
1010101
001010101
00101001
01100101
10000011
10101010
010101010
001010010
10010010010
01010101
1000010101
010100101
01010101
010010010
010101010
1001001010
0101001010
010010010010
0100101010
10101010
010101010
1010101
01010101
010010
010010
0101010
0101010
01001101
01010101
01010101
0101011
10101010
010010010
10100010100
100101001
10100101
001010101
10100101
100010101
10001001010
0101010
101010010
01001010010
01101010
10101010
1000010010
10101010
10100101
010110101
0010101010
001010010
1010101
010101001
10101010
10101010
100101010
001101
101001001
101001001
0101010
10101001
10101010
010101010
10001010010
101010110
010100101
010101
100100101
01010100101
00101010
10011010
0101001
0101001
010001001
1010101
0101101
10010100
00101001010
00101010
0101001
10101001
01010010
001010100
01001010
011000010
0100100010
101000010
010010101
010101100
00101010
0011001010
0101011
0010101
010101010
00011001010
01010110
1010101
10100101
0101010
01001010
101001010
0010101
1010101
101010010
10001001010
010100101
001011001
010101010
010101010
0101010010
01101010
10101010
0100010010
010100101
01010101
0101001
101001000
00101010010
01011010
101001010
010010010
100101010
10101010
100011010
010010010
1000101001
10010101
10010101
0100101
101010010
0100001010
01001010
001010010
01000010010
0101010
010100101
10100101
01010100010
01001010
10100101
1000110
10001010
00001010
010101001
01010101
001010010
01001010
010101010
0100100101
10100101
010010101
010010001
110011
00101010
001001010
01010101
010100101
010101010
0101010010
001001010
101010010
001001001
1010101
010010101
010100101010
0101010010
0101001010
10101010
0100101010
01001010
11001010
1010101
0100100101
001001001
10100100101
1001010001010
01101010
0101001010
01001010010
10010101
01010101
0100110010
01010010010
0101001010
00101010
10100001010
001001001010
0100101010
0101010010
00100101
100100101
0010001010
00100101010
010010101010
010010010
010101010
01010001010
0101001010
001001001010
10101010
01001001010
01010101010
1010010010
0101010
010010010010
011001010
010101010
001010101
1010101
1010101010
0100101010
1001001001
010010101
010101010
0101001001010
101001001
10010101
101000100
0101010101
100100101010
100010001010
001010101
0100101001
01010101
001010101
0010101010
010101010
01010010
10100100010
010101010
0100001010
0101001010
0101001010
01001010010
00100010010
100010010101
101001001
0100101010
0101001010
01001011010
01010101
101001010
0100101010
0100100101
10101001
001001010
0101010
0100101
01010101
1010101
001011001
010101001
10100101
010010101
1001001
01010010
010100101
0101001010
010101010
011000101001
10101010
1001001
010101
1010101
1010101001
100010010010
0100000010010
100001010
010100101010
01001001010
10101010
001010010
10101010
10000101010
0101010010
010100101
00101001
0101011010
01010010010
0001001010
0101001010
010010101
10101001
100010010010
0101001010
1000101001
01010011
0101001010
1010100010
1010101
1010101
010010101
0101010101
01001001
1000100101
010100101
010010101
01010101
010100101
0010101010
00101010
10100101
01010101
01010101
01010011
10100101010
00100100010
001101010
001010010
0010101010
10101010
10001001
010011001
000001001010
101010010
100010001010
1001010010
0100101
1001010
0101001010
010100010010
010101010
1010101010
0101010010
0101001010
010010100010
10101010
1000010010010
010101010
01010101
100101001
0101101010
01001010010
010010100010
1001010010
01001010
010100010
0100101010
1010100010
010101001010
0101010010
101000010
01010101010
101001001010
001001001010
00101010
0010010010
001100100
001001010
010100101
10010101
1010010010
10101010
0001010010
0101010110
10010101
010101001
0110101
01010101
010101010
0100101010
10010011
11010010
0101010100
101010100
010101010
00101010010
1000101010
00101010010
100100101
1000100001
0100101010001
10010101
10010101
001010101
10100101
010010101
00101010
100101010
0010101
0010100101
100101001
0101010101
10101010
10100010010
0010010101010
000101010010
00100100010
0100001010
01001001010
00100101010
1000101101
010101001
101001010010
010101010
01001001010
100010100
1001010101
10100101
10001001010
0101001010
01001010
010101
01011001
1010101
1010101
010100101
001000110
01001010010
0101101
01010101
100100101
10100101
01010101
00101001
1001001010
10010010
010100101
01010101
00010101010
100101001010
10001000101
100101001
1010101
010100101
1000010101
0101010101
0100100101
010100101
01001001
0100100101
001001010
0101010010
00101010100
10000010100
010010101
01010101
100100100010010
01010101010
001010010
1000101010
1010101010
010010010010
0101011
01010101
01101010010
010101010
101000101
01001011
010101010
0101010010
00101001010
00110010
0101011001
010010101
00101010
010101010
00100101010
0101001010
00100101010
01001001010
01010010010
101010010
0010010010
001001010
01010101
1001001
0101001010
0011010010
101001001
010100101
0101001010
01010100010
0101001
01011001001
00101001010
10101010
100010100010
010101010
01001101
001101001
10100101
1010101
101001010
0101010010
010110010
010101010
101001010
10001001010
010101010
0100101010
0001001010
010101010
100100101
00100100101
0101010001
01001001001
010010110
01010101
1001010
010010101
0101010100
010110101
010100101
010010010010
0100100101
01010101010
001011110
0101001
101010010
100101001010
101001010
0101001010
10101010
01010001010010
00101000101001
01011010010
010100010010
0010101010
001010001
010100101
0101001010
10101010
0100101010
10101010
010101010
00100010100010
10100010101
001010101
010010010101
0101000101
01001010010
010011010
0101010010
000001010010
01001010
010100001
010010010
0101001010
01010011010
0100101010
01010101
10100101
10101001001
10001001001
10101010
00101010010
0010010101
010010101
100100101
0101001011
1010010101
01010101
010101010
0101001010
101001010
0010101010
10110010
01010101010
001010010
0101001010
01010010
1010101101
010101010
10010101010
00101010
0101010010
01010101
1010101
011001001
010101
010010001
1110101
00101010
0011001010
010100101010
0100101010
110101010
01000101010
01011001
0100100101
0010010010
0101001010
010100101
010100101
01001011
101010101001
00100101
01010101
01010101
010111001
01010101
1010101
1010101
10010101
00100101
010100101
0010010101
0101011001
00110010
01010101010
0100101010
01010010010
0101001010
0101010010
01010010101
01010101
101001
01010101
10000001010
0010101010
01010101
01001101001
010101001
001010101
1001001
1010101
10101101110
1010101010
0010101001
10100101
00101001
010010101
01011001
010010101
010101001
10100101
01010101010
00101010010
010101010
00101010
1010010010
001001001010
100101010
01011010
0101010101
01010101
010001010
000100101010
0001001010010
10000100010110
1010101
000110101
01001010010
0101001010
00001001010
0100110101
010101010
00011010
01010010010
101001010
1010010010
0101010010
100010101010
10001001010
010101010
0100101010
1000101010
1001010010
010101010
101001010
100010101
010101101
0010101010
01010010010
1010101
0010100101
01001101
0101000101
0100010101
01001001
10100101
1010101
010010010
001000010
10100101
010110101
101001010
001010010
10100101
0010010101
101001010
01010010010
00001010101
010010101
101010010
10101010
00101010
0101010010
01010101
101010101
1001010100
0101001010
10001001001
0010100101
10010101
0100100101
1001001010
0010101010
010010010
0101001010
00101010
10101010
10100101
101001001
0101010101
00101001010
1010100010
010111010
1001010010
10101010
10100010010
010101010
100110010
101010010
010100101
0101000101
0101001010
10010101010010
01001010101
1000010101
0101001010
10010100011
10101010
0101010010
0101101010
010001010000
10101010
001001010
0100101001
010010101
001001001
011000101
01010101
001001001
0101001001
01001010
0001010010
01001010010
01010101010
01001010010
01010010
0101010
0100100101
1010101
011010010
0101001010
100100101
01001001010
0101101
01010101
001000010010
0101001010
010101010
0101001010
010110010
0001001010
01100101
01010101
01001000101
010101001
010101100
00000001010
010101010
00100010010
101010101
001101001
0101010010
010101010
010100010010
010101001
0101010010
1010100010
0101000110
00010101010
010110010
010101010
100010010
010110011
100010001
0101010001
010101001
101001100
0101001010
00101000010
01011101
10010101
010101010
100100101010
101001010
01010101010
100101010
010101010
10001001010
010101010
001010010
01010101010
010101001
0010010101
1001000010
010101010
0101010010
101000010
01001001010
10101010
0101010101010
01000101001
011010010
0101010010
0101001010
0010101010
0101010010
010100101010
00001010010
01001010010
010101010
100101010
01010101
1010101
01010101
0101001001
0101010010
0100010001010
01101001
010101010
01011000101
01010101
010100101
01010101
1010010101
1001010101
0010001000110
101010010
010100101
010101001
0101001010
010101010
0100101010
10001010010
010101010
0101001010
01010110
1010100001
1000101010101
001010000101
0010101010
010010010010
010100101
010101001
0100101001
101000101
010101010
010110010
01001010
0100101010
10100101010
10010101
010110001010
0101001010
0100101
01010101
0011010010
01010010010
010101010
01010010010
01101001
010010101
0101001010
010101010
010101010
101010010
1000110101
010101001
1001010101
10100101
01010001010
01001001010
0101010010
01001010010
010101101
010010101
010101010
0110101010
0100101010
01010100010
01100010101
0100010
0010101
01010101001
010010010010
00101001010
0101010010
00101010
0101001001
00101001001
10010100101
1001001001
010100101
01010101
1010101
10100101
010101010
010101010
010101001
01001001
100011001010
0101001010
1010010010101
010100100101
0101001010
1001001010
001001010
10101010
00101001
0010101
01010101
010101001
1010101
01100101
100100101
101001001001
010010101
10100100101
01010101
01011001
1011010
010010010
01010001
10100101
101001010
010101010
01010101
0010101
000011010
10010010010
100001001010
10101010
0101001010
101010010
1010101010
1010100010
01010101
0100101001
10101010
011010010
1010101001
10010101
010101010
0101001010
010101010
0100101010
00100101001
010010010
1011001
011011001
0101001010
01000101010
100101010
10101010
010101010
010101010
01010010010
010001010010
101001010
00101010
1010101
1010101
10101010
0010101010
101001010
010101010
10010101
010111101
00010010010
1010010
0100101010
01001010010
01001001010
010101010
10001010010
010101010010
01010101
001001001
100010101
010100101
100010001010
1001010010
010110010
100101001010
01010101
10010101
00100100010
010101010
0110101
10001001001
0101001001
1010101
01101010010
0101001010
010101010
0101001010
010101010
1001001010
0101001001
01011001
010101010
0101001010
10100010010
010101010
10100101
100100101
01010010010
0100101010
010010101
1010101
1001010
10101010
0101010010
101010010
1010101
10101001
00101010
010101010
0011010
01001010
10101010
0101001010
0101001001
0101000001
010100101
10100101
01001101
1001010101
01001010010
00101010
01010101010
1000001010
001010010
01010100010
010101101
001010101
011101010
00101010
0100100101
1010100101
01010101010
010100110
0101001001
010010101
1001001010
101001010
0010010010
0101010010
0010010010
101101010
10101010
0010110010
01010100101
01010101
010101100
0101011001
010101010
100101010
1010101
0101011
00010101
001010101
10101010
01010101010
00101001010
010100010010
101001001
01010101
1010101
0100101001
010101010
0100101010
010001001001
1000010101
010010101
101001001
01010101
01010101
100101010
01010010
100010011
1010101
0010001010
010101010
1000101010
10001001010
010010010010
100100110010
10001000010
010101010
0101001001
010100101
00100101
010101010
00110000010
011010010
10000100101
0010100001
0101010001
010101001
10010101
1010101001001
01001001
100010011
001001001
00100101
1010101
10100101
0100101010
10101010
010101010
011001010
10101010
101010010
01010101
0101001
01010101
10100101
001001010
010101010
0100101010
1010001010
0100100101
001000011
010010101
01010101
01010101000
010101010
0100101010
01101010
010010010010
010101010
1010101
0010101
01001001000100
010100101
10010100001
001010101
00100011
0100101001
10100100010
01001010010
10010101
1010101
101001010
0101001010
01010010010
010101010
0101000101
001011001
1000101001
0101001
0101001010
100101010
0100101010
01010010010
001001010
010101010
10101010
010101000010
10101010
0101010010
0000101010
01010100010
001010101
1001010010
1010101
100010101
1010011010
010010010010
0010100001
0110000101
00101001010
0101000110
0100101
01001011
101001010
001010010
001010101
101001010
1001001010
101010010
010101011
100100101
0011010010
0101010010
010101010
0010010010
111010
10001010010
100010100010
10101010
1000101010
0100010010
010101010
0100101010
010101
0010101
01010101
0100100101
0010101
0110101
010101010
0101001010
100101010
01010101010
010101010
010101010
01010101
010100101
010101001
0010100101
010100101
01010101
01010011
1010101
100010010010
0101010010
01001001
01010011
1000101010
010101010
00101001
01010101
10100111001
000100101
010010101
1001010001
01010101
010101001
01010101001
10010101
0001001010
10101010
1001001010
0010001010
01101001
0100101
0010101010
10010101010
010101010010
0100100010010
010101001
0010101
001001010
001101010
10100101
0010101
01010101
00101001
1010101
10101001
0010010010
010011010
100000001010
0010100010
10101010
10101010
10010010100
0010010010100
010100101
0100101
10010010
001010010
1010101
010010101
001000101
0010100
0101001001
010001001
010001010
10101010
0100001010
010101010
10101010
101010010010
0010010101
010100101
100010101
00101001
010100010010
0100101010
0101010010
10101010
1001010010
10100101010
0110001010
10101010
0100101010
01010001010
101010010
110001010
001101010
010101010
010100101
101010101000
001101010
000010010010
011001010
101010010
1010001101
010100101
101010010
01010010010
010101001
0101001001
01001001010
101001010
001010001
00100101
0100101010
01010010
101010000
01001010
10001010010
010101010
01010101010
0101010010
001001001
001010101
00101010
0101010010
1010010101
010100101
1000101010
00101001010
01010101
0100010101
100010101
0101001001
000010101
0010010010
0101001010
1000101010
010101001
010100101
100100001
100000101
01010010
001010100010
00001010100
100100101
0101010101
01010101
101010010
010101010
010101001
10100101
01010101
010101101
10101010
01001010
0110101010
010101010
0100101010
010101010
01001001010
101001010
0100101010
101001010
010010001010
00100100010
0010011010
010101010
01001001010
001001010
00101010
0010101001
010101010
10010010010
00101001010
01010010110
01001001010
001010010
0101001010
0100101010
010011001
0101010101
10100101
1001001010
00100101010
011000110
001000010010
010110010
001001010
100101010
0101101
100001001001
1010100101
0010101
0101010
010101010
10011010
10100101010
1001001001
010000101
001010010
0100101010
01001010
010101010
01010010
0100101010
10101010
00101010
010010010
01001001010
0101010101
100101001
100010010
0000101001
10101001
010101001
01010101
0010110001
010001010010
001010000101010
00101001010
0010010010
001000101010
01011001010
0101010010
00001010010
010010010
00100110
0010101001
010101001
01010101001
00100101
010011010
01010010010
0101010010
0100001010
10001001010
0101010
1001001010
00101001010
010010101
0100101001
01001001010
101010010
1000101010
010010
1010101
001010101
100101001
1001101
01001010101
101001001
001001001
0010001001
0010100101010
0101001010
1010010
01011010
100101010
1001001010
10101010
001100010
010101001010
00101010
0101010010
010101010
000101010
001010010
010101001
01010101
101001010
010101010
100010010010
010101001010
0101010
1001001010
