01010101
01000101
10101010
10101010
0100110
100101010010
101001
01010101
101010
01010
100101
10100010
1001
101001
110010
10001010
00101010
101010
010100010
10010010
01110101
001010100
101010
0011010
0100010
101010
01001010
010010
01010010
01010010
1000101
01010101
0101010
0101010
00101010
010101
1010010
11101010
1010010
0101010
10001010
001001010
010101001
101001
0101010
0101010
0101001
01100101
0101010
001010
100101010
010001010
100101010
010101010
101001010
0010010010
1010101
100001
001010
101010
0101010
101010
10010
1010010
0101010
0101010
0101010
1010110
101010
0100110
00101010
010101010
10101010
010101010
101001
01101001
10001010
10101010
1010101
00010101
0101010
1001010
0101001
1010101
00101010
0010011010
0101010
0101010
11010
01001010
00101101
1010101
100101
01010101
01010010
10101010
1010010
010101010
01010101
0010101
101001010
010101010
10101010
00101010
0101010
00101010
01010010
10100010
0100101
10010101
1001010
01010010
1001010
01010010
010010010
001010010
