0100110
0100110
01010101
101001
1010101
0011010
01010101
100100101
001000101
1010101
1001101010
010101010
00101010
010100110
10101001
1010101
10101010
001001010
100101
1010101
0010100010
010100010
10101010
10101010
0101001001
1010101
01000101
010101
10101010
00101010
10101010
0101001010
0101010
1001010
0100101
01010101
01010110
01001010
1010101
010100101
001001001
01010101
00101010100
10101010
01001010
1011010
010101
10101001
010101010
10011010
10101010
101000010
0110011
01010101
00101010
010101010
001001010
10101010
010001010
001010010
1010101
10100101
11101010
1000101010
01010101
01010101
1001010
00101010
0101001010
001001010
001000101
0010101
01001010
100101010
101001010
010101010
100011
0101011
1010101
0110101
10101001
1010101
01010010
01010
100101010
101010010
10010101
01001001
01010001
1010101
1010001
01011001
000101010
0101010
101011
10010110
101001010
010101010
010101001
1010001
000101010
01001010
010101
1010101
011010
0100101
1010101
100010001
10100101
010010101
0100101010
10001010
01101010
10101010
01001010
010101010
001010010
01001010
01010101
01010101
1010101
01010101
00101010
01011010
0101001010
10101010
1010001
010100101
10101010
01001010
10101010
010101010
01010110
001001010
10001010
1010010
010101010
10101010
0101001010
10100110
0101001010
0101010
1001010
010101010
10010011
01010101
010100101
01010101
1010100100
00101010100
010010101
01010101
10010101
1010101
01010101
010100101
001010010
1001010
00101
01010101
0101101
10000101
100101010
010101010
1010101
00100101
00101010
10011010
1010100
1010101
010101010
0101001010
100101
1010101
10101010
010101010
0101001
1010101
010010010
0010010010
10101010
1001010010
100101010
0101001010
010101010
00101010
1000101010
010101010
00100100
010101010
010101010
010101010
10101010
00101010
010101010
0101001010
1010100
10001010
10101001
1010101
100101010
101010010
010011010
010101010
001001010
0110010100
101010010
101001010
10101010
10101010
10101010
10101010
1001001010
001010010
010101010
10101010
1010101
0101001
1010101
1010101
0010101
1100101
0101010
00101010
10100101
1001001
100100010
10010010
10010101
1010101
0100001010
00001010
00101010010
100010001010
01010101
01010101
010001010
01001010
0110101
101001
10101010
10001010
01010001
1011001
10101010
10101010
10100101
01010101
01010101
01010101
101001010
0010101010
10010101
0100101001
011010010
01010010
0101011
01010101
1010101
01010101
010100010
1001001010
0100100101
0110101
0100110
10101010
1010101
0101010
10101010
001010010
10101010
10101010
1010101
1010101
0100101010
101010
0101001
001010101
1010010
100101010
01001010
010010010
01001010010
0101001010
0010101
0100101
01101010
01010100010
00010101
010101
10010001
0110101
01010101
00100101
0010110
0101001010
1001001
10010101
00101001010
0101010
010101
10010101
1010010
010101010
10101010
001010010
10010101
01010101
01010101
10100101
0010010
10010010
101010010
001010010
01001010
00101010
0100101
10010101
10010010
010101010
000101010
01001010
0010101
0010101
010010101
10001011
0100101
0100101
1010010101
001010100
1000101
1010101
10101010
10001010
