010101010
0101010
001010010
101010
101001
0010101
010110
101010
0101010
1001010
0010011
010101001
010101
1010101
00101010001
10010101
10010010
0101010010
00101001
010101
1010101
001101
100101
101010
01000010
010101010
0010101010
0100101010
0100100010
01010010
001010101
0010100101
1001010101
001011001
001010001
00101001
01010101
01010101
101001
10101
101001
0101011
1010101
1001101
0100101
101001001
10101
1010101
10001001010
01001010
10001001010
0100101010
1010101
01010111
101010010
010001010
0101010
01001010
010010010
0101010
1101010101
1010101
0010101
001001101
001010010
00101010
01010101
10010101
010111010
1010010
0101
0100101
10100101
0100101
0101001
1010101
010100101
001010
101001
010101
10100101
0010101
101001
001010101
010100010
01001010
0101001
0100101
1000101
01001
010101010
01001010010
01000101010
10001010
01001001
1001001
0100101
10010101
1010101
01010101
1010101
1010001
