100100101
1010101
00101010
0011010
01010101
100101
1001010
01001010
100100010
100100110
01010101
1010101
00101001
101010
101010
01010010
101001010
10100110
1001010
10101010
00101010
1010010
001101
1000101
1001010
00101010
010101010
10101010
101001
01010101
010101010
001001010
0101010010
10101010
10010101
1010101
010101010
0101001010
10010010
01101010
10101010
100101010
10101010
00101010
010101
010101
0101010
10001010
01010101
010010101
0101010010
1001010
10101001
1010101
00101010
01010010
00101010
10101010
0100101
0100101
10101010
10100010
10001101
1010101
1010101
1010101
101001
01010101
00101010
01001010
1010101
1010101
001001010
0101001010
01010010
01010010
1010101
1010101
10010101
10101
010101
1010101
11100010
00101010
01010101
010101
01010010
00101010
1010101
101001
0101010
01001010
0001010
10101010
01010101
101001
1001010
101001
10010101
0110101
0100101
01010101
000010010
01010010
01101010
10101010
0100101
0010101
101010
100101
01000101
1011001
10101010
010010010
00101010
010011010
01011010
10101010
01011001
0011001
010101010
10101010
001010001
11010
0100101
0010101
0101010
1001010
10010101
1010010101
010101010
000101010
1010010010
10001010
0100101
1010101
101001
01010101
101010
011001
1010101
00100101
010101010
00101010
10101010
000110010
