01100101
1011001
10101001
0101001
10100101
01011001
10101010
1010001010
1001001
011001
010101010
010101010
101010
0010110
101001
0101001
0010010010
01110
01011010
10001010
00100010
010101010
101101
0100101
10101
101010
10100011
1010101
0000100101
01001011
01001001
010101
1010101
01010101
0101010
01001010
01010
01010010
0010101
00010101
01010011
1010101
01100101
100101
1001101
0101010
1010011
1010101
101010
1001010
01001010
1001010
010100100
10101001
100101
1000101
10100010
1010010
010101010
10101010
010101
10010101
1010101
0100101
101010
1010101
00101010
01010010
1000101
10010101
10101001
00110101
