0010100101
01010101
10101010
001001010
1000001010
1001010010
10100100000010
001001010
010101010
101001010
100101010
1010010010
01001010010
001010110
10010010
101010
010100101
010011001
100101010
101001010
101001010
0100101010
0101001010
010101010
1010101
010101001
001010101
1010101
01001010
01010100010
01001001010
100101010
01001010
10100010
010010101
100011
10101010
010101010
01010101
10101
01101010
0101010010
0100101
100100101
10101010
0101010
101010
10101010
100010101
0101001
010101
010101
101001
00100101
101001
0010101
010101
01010001001
010101010
10100101
01010011001
001010101
01010010
10101010
00001010
010101010
001001010
0010010101010
101010010
01010
0100101
10100101
00101010
0101010
010101010
10010010
0101101
01010101
10010101010
101010
10110110
10001010
1010101
010001
01001010
010101010
010101010
0101010
010000101010
1010101
11010010
01010010
1001010010
00101010
100101010
01001010
0101001
010101
01001001
0110101
1010101
1001001001
1001010
011010
10101
01010101
0101010010
101001001010
01110101
1001001
0010101
001001
0101001
010010101
010110
01001010
00100101
010101
1010101
1010101
010101010
0101001010
10101010
00101010
1010101
010101
11010
0101
001001001
10101
010101
100101
1010101
101001
01010010
010010010
010101
10010101
0011101
010101
1001010001
00100001
00101010
001010010
001101001
10010010
010101
10101001
01001010
01010110010
0010101
010100101
