101001
010101
10100101
010101
10010101
1010101
010101
00100101
0100100001
1000101
001010101
001001001
0101001
010001001
0100001101
010101
010010
00100010101
010101000101
010101
00101010
101001010
101010001
01010101
1001010001
1000101
0100101001
010101001
100100101
010010101
001101
0101101
01011010010
100100101
101001001
10100010
101001001
01010100101
1010101
010101
00101001
0010101
01010101
1010000101
00101010010
101010010
0011001
010100101
01011001
0101001
010101010
10101010
01010101
0100010101
101001010
01110010
01010001010
101010
010100101
1010101
0100101
10101
01101001
01010101
1001001
01010101
101011010
1001010010
01010101
10001
01010101
001010101
00101000010
0101010010
010100101
01010111
01010010101
10101
001010101
010101
0110001010
101010010
10100100010
100010100010
01001010
1010101010
0101010010
010101010
010011010
10011010
1001101
0110101
010101
01010101
0100101010
00101010
100101001
01010101
010010010
010101010
010101010
001001010010
00100101
01010101
10010001
100101
1001010
101010010
11001010
0010010010010
01010101
01010101
01010101
01010100
001101001
101101
000101010
10110010
0100101
1010101
0001010010
100101010
0000101010
1000011010
010010
1010001010
01001010010
110010
100001010
01001010
01001010
011001010
1010101
001001101
10100010
10101010
100100101
010010101
10010101
10100101
0101001
1001010010
0010010101
01010111
000010101
010101001
010101010
0101010010
0101101
00000101
0101010
0000101010
010100101
010101
10101010
001010010
101001010
00010101010
0100101001
0100101001
010101010
10001010
1000100010
1010010
101001
1001001
00001010
1010010
