01010101
110100101
10010101
100100110
01010010
1011010
010100010
0100101010
01000100010
01100010010
10010010101
10010101
101010010
010101010
00101001
100100101
010101010
010101010
1010001001
01010101
1000010101
0101001010
10101010
101001010
001010101
010010001
0101001010
00001010010
01100101
0101010
001001010
0101010
10010001
100100101
00101010
100101010
10100010
00010100010
001001010
00101010010
0101101
1101010
01001010100
01010101
010101010
0010101010
0010110010
0100100010
0101010
101001010
0100101
10101001
0101010101
1001010
0100101
10101001
010000101
00100101
00010101010
010101001010
1001010010
010101010
10010100010
00100110
1001001010
0001001010
01010101
00100101
010100110010
10101010
00110010
10010010010
001010010
0101010010
010101001
01100101
1010101
010011001001
01001010
10101010
01010101
010010101
00101010
000101010
0100101010
0010010010
0000101010
01010110010
010101010
00101010
1010101
0110101
0101000010
010101010
100101010
01010010
0100101
0000100101
01000010010
100101010
1001001010
010101010
001010010
100101010
10100101
0010101
010010100010
01000101010
010100101
0010101010
101010101010
00101010010
1001010010
001001010
0100100101
10001001
01001010010
101001010
10101010
010100110
01010010010
10010000010
0100101010
100101010
011010010
1000101010
10101010
10100001010
01000010
010101010
10010101
1010101
10101010
01010101010
10010101
001010101
1000101010
0011001010
1001010010
01001010
01010101
1010101
01010101
01010101
