01010010010
0000001010
1001010010
010101010
01010101
101010101
010001010
010101010
0101101
10010101
010101010
0100101010
1010101
010010001
00101101
00100101
1010101
0101001001
1010011
010010101
01001010
1010010010
10010101
00110101
010010010
100101010
00100010
010101010
01001010010
010010010010
01010100101
101001001
1100101
100010001
00100101
01010101
100101010
010101010
000101001
00100101
010101010
001001010
00101010010
1000010010
010100101
01001001
0100101001
1001001000
1001000001
01010101
10100100101
0010101
1001010010
0101010
001010010
10001010
1001010
01011010
010101010
1010001010
010100001
101010100
0100101001
01001010001
0010100101
10100100101
0010101010
0101001010
0010100101
01010101
0010101010
0101010010
10010101
1010101
00101010010
100100010
100101001
010010101
0100101010
01001010010
1001001010
10101010
010101010
1001001010
00100101010
101010010
10101010
10010010010
010010010
100101010
010101010
010101010
10101010
10100100010
1001010001
01010101
0000101001
0100101001
10001001010
101000010
0010101010
0101001010
01010101
010010101
0100101010
0101010010
001010100
010010101
10100101
0001010101
010100101
01010101
01001010101
010010101
00101010
0100100100
100000101
010010101
