0010010101
01010101
010101001
10001101
00100101010
0010101010
0101010010
0101000010
10101010
0001010010
00010010010
1001001010
001010101001
0101001001
010101010
0010101010
010100101
1000100101
01010101
01010101
0101101
1001001
01001010100
10010101
0101010101
10001010101
101001010
010101010
0101010
0101010010
0010001010
101001010
01010101
0001010101
0100100101
10010101
010010010
1000101010
010010101
00101010101
010101001
00101101
010101010
01101010
01001010
10101010
0101010101
010101001
1010010101
10101001
1000100101
00100101
100101010
0000010010
010010010
0010101010
00100010101
100010101
0010001010
1011010
01010101
010101011
101000010
01010101
01010101
0101010100
00100101
0101010101
101001010
1010010100
101000101
01010101
01010101
001010101
010100101
001001001
001001010
101001010
1000101010
010101010
010101010
101001010
0010001010
00001010010
1010001010
0101001001
010101001
0100100101
01010101
001010101
1010101
000100100101
10100101
010100101
010010101
01010101
01001000101
10110101
1000101010
00101010
01010101
0001000001
0101001001
10101001
010100010
0010010010
01010101
010010101
01010101
01001101010
010101010
010101010
0101010010
10101010
1010010101
010101001
0100101010
0100101010
0100101010
1001010010
10101010
00101010
100010101
101001001
0101001001
01010101
010101001
01010101
01101010
10101010
010010101
101010101
001001001010
1001010010
0100101001
1001010100
010101010
101001010
01010010101
1000010101
010101010
010101010
1000101010
0000101010
010100101
00101001001
10101010
0101001010
101010010
101010010
01010100101
0010010101
0100101010
001101010
0100100111
010010101
01010101
001010101
101001010
00101010
10100101
000010101
1010101010
100101010
01010101
10001010101
1000101010
0101010010
101010010
1001001010
10001001010
0101010010
101010001000
0101010101
01011001
0110101
00101001
0101100
0010101010
00101010
001000101
000100101
010101010
010110010
0101001010
1000001010
0101010
1001001010
010101010
001001010
01010101
010101010
010100101
01101001
1000100101
01010101
0101010010
010101010
01010101
001010101
1000100101
101000100
01000101
0100100101
10010101
001010101
100101010
10000001010
010100101
01001001001
01010101
0101001
10101010
001000100010
10101010
010100101
001010101
0101010100
010101010
1001010010
0010101001
01010101
00101010
010101010
01010101
1010001101
00100101010
00100100010
1001001010
001001001010
00100101
010100101
01010101
100010101
010101010
1010001010
01010010001
010100101
001010010
100101010
10010101
00110101
010101010
001001010
101001010
010110010
101000101
101010101
01010001001
101001000
1010010101
0101101
0100001010
0101010010
1010101010
0010101010
10001010
0100101010
0010001010
001001001010
100010101
01000100101
01010010
1010101
01000100100
101001010
00101001010
10100010
01011010
10010101
100100101
0101010
100101010
10101010
0010010101
1001000101
100100101
010100101
010101010
10101010
101001001
010100101
100100101
010010001
1001001010
101010010
10101010
0010001010
001010010
0100101010
0101101010
10101010
010101010
00101001010
100100101
001010101
10101010
0101010010
0101001010
1001010
