0100100101
10101000101
0100101010
010001010
01001010010
1001001010
010011010
101001010
0100101
0100010101
001001010
010101010
10101010
100101010
101010101
01100101
1001010010
010101010
0010101010
001010010
010101001
010100101
1001010101
0101010101
01001010
0101001010
0001001010
001010010
01010101
00010001001
100101010
010010010
01001010
10010001010
10010001
001010101
0100101010
1010000100010
0100101010
0100101010
10001000010
10101010
010100101
10010101
1001010
0101001010
010100101
00101000101
00100101
1001010101
10101010
0100101010
100101010
010101010
100101010
0101010010
00101010010
010101010
010101010
0110100010
0001010101
00010100101
01010101
010100100
10100101
01010101
101000101
100100101
0101001010
010101010
010010101
01010101
0100101010
0100101010
010101010
10101010
101001010
010101010
00100001001
001000101
1010101
101010101
1010101
0100011
1001001001
1001010101
0100101010
0010100010
01010101
010010101
1010001010
010101010
0010101010
0101001010
01010101
010100101
10001010
100001010
010101010
01001001010
10010010010
10101010
10010010010
1001010010
0101001010
010010101010
1000101010
100100010
0100100101
1010100101
0010101001
001010010
001001010
001010001010
0101010101
011001001
101001010
1001001010
00100100101
10101001
010101001
100100101
0101001010
101010100
0101010010
0010001010
01100101
10101000101
0010101
01010101
0100101
101001001
1010010010
00100101010
1001001010
01010101
010100101
000010101001
01001001
00100101
0101101010
010101010
01001010
010101010
0010101010
0101001010
010100101
0010100001
010110010
01001010010
010101010
001001010
0101001010
1000101010
0010001010
0010101010
010010101
001000101
00100101
10010101
00100101010
100101010
010101010
0101010010
011001010
0010010010
01010101
00010101010
01010101
01010101
1010101
10000101
01001010101
10010101
10101010
01010010010
1000010101
1001100101
01010101010
010101010
0110100101
0010010001
00100101010
1000101010
100101001010
00010001010
100100101
000010001001
10100101
100100101
0010100101
11101010
1001010101
00101010
100010101010
0101010101
010100101
01001001001
10010110
101001010
100100101
10100101
1010010010
010100101
010100101
1010101
010101010
01101010
0101001001
1001001001
100101010
0010010010
010101010
011010010
001001010
01010101010
1000100101
100101001
101011010010
1010001010
010101001
00101000101
100100101
10001010101
01010010100101
001010101
000101010010
0011001010
01011010
010101010
01010101
01010101
10101001
0101000101
010100101
0010101001
0100101100
100100101
0100101
1010101001
0101001010
0010010101
0101010001
10010101
010100101
1000100001
01010101010
0101010010
1010010010
0010101010
0100100101
1000100101
10001001001
010110001
00101001010
10001001010
100101010
010101010
100010001010
0100101010
0101010010
101010010
101000101
1010010101
001001010
010101010
10101001
001010101
10101001001
0010101
0101001010
0101010010
1010001010
010101010
01010101
01010101
00101001010
101001010
0101010010
010101010
1001010010
00100101010
01010101010
0010101010
10101000001
010101
00101000010
10101010
01010101
0100010101
0000101010
000001010010
100101010
010101010
011001010
010101010
10100101
010010101
00101010100
00100100100
0101001010
01010101010
0101001010
0110010010
001001001
010100101
1010010101
0101001
01011001010
001001010
010101010
10010010010
01000101010
00101010
0100100101
01010101
0101010100
00100010010
010101010
01011101
1000001010
00101010
010101010
00101010
011001010
1000101010
10101010
10100001010
010100001
1000010101
010101010
10101010
1010101
01001001001
001010010
010101010
1001001010
100101010
0100100010
10000010010
01100101
010101001
1001001010
0101010010
0101010101
00101000100
0101010010
1000101010
01010101
0001010001
100101010
010101010
010101010
1001010
100100101
010100101
0000010101
10010101
0010101
01010101
1010101
010101001
01001010
1000101010
10010101001
0100101001
101001
010100101
001101101
001010101
01010101
00101001
0101001010
001010010
10100101
01001101
010101010
1000101010
0100101010
00101010
101001000
0101010101
10100101
010010101
010010101
100010101
1001001
1010101
001001010
010101010
00001101
1010101
1001010101
0100100101
0100101010
10001001010
010101010
1001010010
10101010
001010010
0101001010
01010010
0010010010
001001010010
010101010
01001010
1000100101
01010101
0100110010
00010101010
1010101
0100101
0100101010
10101010
00101001
010101001
010101010
101001010
0010011010
010110010
01010101
0100100101
010100101
010010101
000010101
001010101
100001010010
0100010010
100001010
100101010
010100101
010101001
101010101
001000101
01010101
0101101001
0001010101
10010101
1000101001
101010
10001000101
100000101
10001001010
0100101010
100101010
0101001010
01010010101
10010010
001010101
0101101
01010101
01010110
001001010
0101001010
00001010010
10101010
10010010
10010010
100100010
010101010
01010101
101010110
01010101
10101010
010000100001
010101001
01010101
0010101010
01010010100
0101010100
00101010
0101001010
00100001010
010001010
010101001
0010010101
010101010
00101010
01010101
010010101
10101010
10101010
0010101001
010101010
10100101
1001001001
0010110
010001010
100000101
1000100101
010101001
10101001
0101001010
010101010
101010101
010010101
010010010
00011010
010100101
01010101
010100110
010010101
10101010
10101010
101001101
010101001
10001010010
01010010
10100101
010101
100101010
110100
1001010010
010101100010
01010010
01010001010
001010101
001001010
010010101
1001001001
101011001
01010101001
100010011
01010110001
1010101
10010101
010101010
1000100101
010101001
1010100
101001
01010101
100001010
10001010010
00001010010
101001010
0001010101
001001010
00101010
0101010010
10101001
010100101
10001010010
010100010
00101010010
1001010010
01010101
010100101
100010101
0100100101
010101001
010101001
0010101
01010101
0101010010
11001010
0100101010
010101010
0101001010
11001010
0100001010
0010100010
1001001
001010101
101001010
1001010
00100101
010100101
10000101001
0101001001
10101010
1000101
0101010
01000101010
01011010
10001010
010100001000
0010101001
0100101010
010101010
101001010010
010101010
010101010
0101010010
010101001
000101001
10101010
0101001010
01010101
0010100101
100001010
010101010
10101001
10100101
00100100101
010010101
010010101
1010101
1000101001
01010101
0011001
1001010101
001001010
0100100010
100101010
01010001010
00100101
0010101
0010100101
10100101
1010001010
10101010
000101010
001010010
10100101
1010101
10001010110
0101010000
0010010010
01010100010
0101101010
100010101
010101010
010101010
1001000101
1010110101
101001001
01010101
010101010
0101001010
0101010010
0100001010
0100101010
10100100100
01010101
01010101
1000101001
100010101
010101010
0010001010
01010101
01010101
00000101010
0101001010
1010101
01010101
10100101
1010010101
100101
01010101
0010010010
1010101010
01101010
0101001010
010010010
1001010010
011000101
010100101
010101010
0101001010
01001010010
0100101010
101001010
0101010010
0101001010
1001010010
010100101
00100100101
001001010010
01010010010
0010001001
1010101
001001010
10010010010
10100101
1001001001
101011001
01010101
10010101
100101001
1000101010
00101010
10100101
010100101
0010101010
0010001010
010101010
0101001010
001010010
00101010
1010010010
0101010100
1000100010
010101010
100010100
10100101
001001010
0100101010
0101000010
0100101010
100101010
0010001010
000100101
000100101
0101001010
101001010
10010101
101000101
01010101
100010010
100010010
00101010
01001010
10101010
101001010
010101010
1010001010
1001010010
10010101
001010101
010101001
010010101
10101010
010101010
10001001
010100101
010100101
010010101
10010101
10010101
10000001010
010101010
10100101
10101001
001010101
010100101
011000010
0101001010
01010101
01010101
01001010
001001010
010010010
0010010010
00101010
100001010
001000101
001001001
100010100
01010101
0001010010
00101010
010010010
0101010010
10010110
01010101
0101010
01011010
010010101
0001010101
1010010
101010010
010110010
0101010010
0101010010
010101010
010010101
100010100
0100101010
00001001010
101000100
01010101
101001010
00101010010
10010101
01001010
00101010
01010100010
10000101010
0010100010
101101
10100101
101001010
0100101010
01001010
010101010
0101001010
0000101010
10010101010
10010010000
0100100101
0101001001
00101010
100110010
100101010
10001001010
01010101
100100000
00100110010
001010110
100001001010
010101010
001001010101
0010100101
001100101
01001001
0100001010
010101010
01010101
1000010101
001010101
101001001
10010101
10100101
010101010
010101010
00101001
010010101
010101010
10101010
0101001010
0010101010
10100101
0010101
1010101
101010100
000101
01010101
01010101
01010100
010010101
01010101
1010101
0100100001
01001010
0101001010
0010010011
010010101
011001010
01001001010
10001010010
101010010
100010101010
010101010
010101010
00000101010
100010101
001010001
010110010
0101001010
1010101
100100101
01010010010
10010101010
010101
010101001
10010101010
1010010
010100100
0100100101
010101001
01000101
0010100101
010101001
0010101
1001010100
10101001010
0100101010
0000101010
010101010
000010100
01010010100
1010100101000
010101010
001001001
0100010101
010100101
0100100001
01011010
01010001010
100100101
000100101
1000100101
1001001010
010101010
100101010
01001010010
10010100
1001000101
01010101
1010101001
010100101
100101010010
0100101010
00100101010
100101010
10100001
0010101001
0010100101
100010101001
10100101
01010101
001001010
0100101101
01010100010
0101010010
00101010
1010011010
1010101001
001001001
01010101
10101000
01101100
0010100100
001001101
10001000001
1010101
0011010101
01001000010
1000101010
0100101
001001001
10001000010
010101010
01001010010
100101010
01101010
01010101
010101010
000101010
10010101
100010101
0010101000
0100101
010101010
010101010
010010101
10110101
01010101
010010101
100101010
01010000010
101010010
00101001010
1000101010
1010010010
10010101
101000101000
01010010010
10110010
101000010
000001001010
000100100010
10010101010
1001001001
001010101
0001101
0010000100
010010101
010101001
010100101
0101001001
0110001001
001010101
00001001010
101000010
01010101
011001001
0100011
1010101
010010110
100101010
000101001
01001001
001101
1010100010
01010101
01010101
01010101
01010101
01010010
100010010
00101010
010101010
101001001
01010101
0101001010
0101001010
01010101
100100010
011001001
100100101
0101011
01010101
001010101
0101001001
1010101
0001010001
01001000101
101010101
010100101
1001001001
100101010
101010110
10101001
0101000101
01001010010
1010100
010101010
1010001010
01001010010
1000101010
1000010101
0101010001
0100110
10101010
010101010
010101010
10101010
001010010
010010010
01010010
1001010001
01010101
01010001
1001010101
001001010
0100101010
001001001
010101001001
010010101
01010101
01001010
00010101010
100101010
00101010010
00100101010
00101010010
10010101
100010001
000010010
0101010010
10010101
010100101
1010101
010100101
00110010101
001100101001
10010010
000101010
00101010
01101010
10100010
10101010
0100010101
001000101
010010001
1010010101
1010001010
010101010010
10010101
01010101
01100101
010100101
0100101010
1000110010
100100101
0100100101
001010101
1010101010
01001010010
010101010
10100101
100100101
010010101
00101010
01100101
0010101
010101001
1010101
010001010
00001010010
000110101
001010101
101001001
010010101
001010001
01010101
101001001
101001001
010010101
10101001
010101010
0100101010
0101010010
1000101010
01001011
01010101
0010101010
100101010
001001010
010101010
110101010
100101010
010100101
0010100101
010101010
0101010010
01001010
10010101010
10101010
100011010
1001010010
0101001010
0000101010
1000001010
1000101010
0100011010
101000101
10100001
000101010
01010110010
01000101
010100101
0010101001010
010101010
01010101
010101001
010101001
001001001
000010101
01010101
00100101
000101001001
0010101010
00101010
10101010
1010010010
100101001
01010011
0101010
1010101
10100010
100001010
0101010001
01010010
010010101
01010101
01001010
10001010010
010000101
011010101
01100101
0101001001
010100101
010100101
01010101
10101001
01010101
0101001001
0010010101
010110101
01010010
101001010
010010101
010100101
1001010010
010011010
010101010
01010010
0101010001
10101001
1001000101
0100100101
1010001010
0101001010
00100101010
00101010
010011010
010101010
0101010100
1010101
0101000010
010101010
0101010010
0101010
0101010101
0100010101
100010101
001010101
1011010
00101001
100101010
0101010010
01010101
01010101
0101010110
0100111010
010101010
100011010
01010101
00101001
1010001010
001010010
10000001010
00101010
100101010
001010001010
01010101001
01010011
010101010
0010001010
00101001010
010101010
0100101010
1010010
10001010010
0101001010
01010101
01010101
0101010
010101010
0101010
100001010
0101001010
010101010
0101010001
100100101
101010010
1000101010
0101000010
010101010
1001010010
010101010
100010100
0010101010
010100101
01010101
010010101
010100101
0010101010
0010101010
1010001010
10101010
01010010010
10101010
0101001010
010101010
100101010
010010010
00100101
010101001
010101010
001001010
01010101
0101001001
0100101010
01010110
10001001010
001001010
01010001010
01001010
1010010101
01010101
100010101
01010101
010100101
00101001
01010101
010010101
10100101
01010101
1010100101
01010001
001010010
001000101010
100010100
1001010101
0100110101
101010101
001001010
0100100110
001000101
01010101
01000101
10010101
000101010
0100101010
001010101
1010010101
00101001
10100101
0010010010
1001001010
010010101
0100101
10101010
010101010
10011010
011001010
100000101
010101010
0010101001
100010001
01010101
01010101
010101010
010011010
10100101
010010101
1001000101
100010101
01010010
1010101010
0101010010
01010010
00100100101
001010101
0101010010
0010101010
101010101
01000101
100001010
00101010
010100101
01010101
10010011010
0100101010
10101010
0010001010
0100101
101010101
01001011
01010101
001001010
010101010
101001010
0101001010
001010101
010010101
10100101010
01101010
010100101
010010101
10010010010
010101010
010100101
100101001
001010010
00101000010
101010010
00101000010
1010101
10010101
1001000010
1001001010
01010101
010100101
10101010
1000101010
010100010
1001001010
010001010
1001001010
010011010
00100101010
00010101010
0001001010
010101010
010011010
00101001010
0100101010
010010010101
001010101
10101010
1000101010
100100101
001000101
010101001
10101001
01010101
01010101
100010001010
00101010
00101001010
1001001010
0101001010
1001010010
01010101
010100101
010101010
010101010
010110101
001000101
010110101
010100101
0010101010
00010101010
01001010010
0101010010
101001010
0101010010
0101010010
10101010
010010101
01010101
00101000101
0101010101
010101010
010101010
010010010010
0100101010
010010101
0101001001
10001001010
100101010010
01001010100
1010010000
1001001010
0101010010
100101010
1001001010
100101010
010101010
001001010
00101001010
0101010
0101010010
101001101
01010001
010101010
001001001010
0010101
01010101
001001010
1010010010
0100100101
0101010
10101011
100110101
00101000010
010101010
1010101010
000101010
010101010
010011010
00010100101
10010100
010101001
010101001
10101010
010100110
101010010
10101010
0111001
0010100101
0101100101
0100101001
0101010
01010010
0110010010
00101010
01001010
101001010
010101
0101001
010010100
010101000
1000101010
1000010100010
0100010010
01010010
100101010
01001010
100001010
00100101010
01010010010
01010010010
01010101
01010101
01010101
001010101
00101001001
0100010101
001010101
0101010001
00101010
101001010
010010101
01100101
1010010010
0101011010
010010101
010100101
010110010
1000101010
100010101
0100111001
0101010010
0100101010
1000100100
010010101
01010101
01001001
001010010
01100101
00101010
10100010010
100101001
01010101
10101010
000001010010
00101010
01010101
0010101010
0101010010
010110010
010011010
10010100101
1001101
101001010
01101010
1000101010
010101010
100100100
0001001010
0101010010
10000100010
010101001
01010101
1010101
1001101001
010101001
010100101
0101101001
100101010
01010101
001001001
101001010
10010010
1001000100
001010100
010110010
0101010010
010101010
010101010
100101010
0101001010
010110010
0110101
001001010
100101010
0001010010
0101001010
010101
0010010011
10101001
01000101
00001010010
0100101010
0101010101
10100101
01010101
01010101
10010101
010101001
10101010
0101001010
010101010
10000101000
1010101
010100101
1010101010
00100010100
010101010
10101010
0000101010
00101010
0010100101
1000100101
100101010
0110001010
101001010
10001010010
1001010010
100001010
0101001001
010101001
1000001010
0010001010
1010010100
0010010010
1010010100010
001001010010
100101010
0010001010
101010001010
1000101010
1001010010
0001001010
100100101
1010010101
0100101010
00101010
0100101010
1000101010
10000001010
101010100
1010001010
0101010010
1000100101
0010100101
100010101
0101001
010101001
010101
1001001010
1001010010
010101000
1000101010
1000110010
010101010
000011010100
0001101
00101010
010101010
10101010
0010101001
010101010
00101010
1010001001
011100101
10100010010
010100110
000010100
01010101
010101010
00101010010
0101010101
10010010101
010101010
0010101010
010101010
1000101010
1000100101
10001010001
1001010010
1001010010
001001010
100001010010
010101010
10001001010
01010001010
0010101010
1010001010
100100010
001010010
010101010
0100101010
10101010
00101001010
01010011
10000101010
001100110
1000101010
100101010
100101010
010101010
010101001
100010101
0010101
010100101
0101101
1001010101
10010010010
010010010
110010100
10101001
10000101
01001010100
10101010
00101001010
1001010101
0110101
000101010
10000010010
1010101
0101010001
010101010
01010100
01001010
0010001010
010101001
1010101
100001010010
010101010
101001010
1000101010
101000101
010010101
1001001010
0010100010
010101001
100110101
010101010
10000101010
001001010
10100100010
00110101
0100100101
01000100101
010010101
0101001010
010101010
010101010
1000011010
010010101
00101001
01001010
010101010
0101001010
010101010
1001010010
0100101010
01010101
1010001001
100100101
01010101
0101010010
1000100010
0100101001
0000100101
0010101010
010101010
01010100101
1000010101
01010001010
010101010
100010101
10010100
000101010
00101010
010101010
00001010010
010101010
0101001010
0100010101
1010101
101000010
11001010
010101010
1000101010
011010101
10010101
0010100010
1010001010
0100101010
100001010
000101010
0101001010
010101010
1001010010
10100101
100010011
010100101
0010010101
01001001
010010011
1110101
01010101
0101001
101001001
0010100101
010101001
01010100
0010101
010101010
010101010
010101010
0101001010
10010101
0100101
1010101
00100101
10010001010
010101010
10101010
010101010
101010010
100101010
10101010
00100010010
0000101010
0100101010
1001010010
1000100010
1010101010
010101010
010010101
10101001
001010001
10100101
100100010
00010001010
10000101
00100100101
01100010010
011001010
0010101010
00101010
0010010010
00110010
010101010
0110001010
01010101
00100101
100010101
10101001
01010101
010101010
00001010
0010001010
10100101
01100101
001100010
010101010
10100101
01010101
10101010
010101010
10101010
010101010
010101010
1001010010
01010101
100100101
001010100100
01010101
0100101010
001001010
00101010010
100101010
0100101
01010101
100010101
100101000101
00100101001
0010010100
010100101
010010101
01010101
10001001
001001001
01001001
01001010
000101001010
10101010
01010010
010101010
0100110
011001010
01001010
00101010
101001010
10101010
10010011
10100101
0110101
01001010010
0101010010
001001010
010101010
1000101010
01001010
00101001
010100101
10101010
01001000101
101010
0010101010
10101010
0101001010
001001001010
101001010
1010101010
10101010
0010010010
0100101010
001001010
01101010
1010101
01010101
01001010
0010101010
0010001010
0101010010
01010101
101001
010101010
00101010
010010101
10100101
100001010
010101010
010101001
01001010
01001010101
01010101
0100101010
10101010
0010101010
0101001010
101001001
10100101
000010100010
0101000010
100101010
010110010
0101010100
00101001
010101010
0010001010
010010101
010100101
100010101
00101000
001010101
010100101
0101000010
010101010
10101010
0001001010
10011001
0010100101
010110010
010101010
10010001010
010101010
010010010
001010010
100010101
01010011
01001001010
00010010010
010010101
010101001
00100101
01010101
0101001
01001010101
10101010
001001010
00101010
1000100010
01010101
010100101
100100101
101010101
10010101
0010100101
10100101
01010101001
00101010
000001001010
0101001010
010101010
01010101
010011001
01001101
0010101
010101010
0100101010
0101001010
0101001010
1001000101
01010101
01010101
01010101
0101010101
01010101
010101001
00101001001
100010101
010010010
0010101010
01001010010
0010010100
01101001
0101010100
10101010
010101010
10010010
100010100
101001010
100010101
1010101
0101010010
10101010
001001010
00101010
0000100001
010100101
0010010100
10000101
00101010
10010010010
1001010010
010010110
101001010
001001010
0010001010
1000101010
10101101
00100101
0101001010
010101010
01001001
01001001
1001000101
010101010
01010101
101010100
01010101
100010101
00010101010
10101010
0101001010
10010010
01010101
10010101
010101010
0100101010
010010101
0010100101
10010101
1001000101
01010101
010100101
11001001010
010101010
010010101
010010101
101010101
0101010101
011101010
10110110
010001001001
001010101
0101001
100010100
01010101
1000100101
00101010100
01010101
010010101
1010101
00101010
1010000010
1000010010
00101010
01011001
011101001
101000101
00101010
01001010010
0010101010
10010001010
0101010010
00001001001
010100101
10101000
010100101
010101010
010101010
010101010
001010010
1001101001
010101001
0000100010
10101010
000101010
0101110
1010101010
1000101010
1001001010
01101010
01010101
0101001001
0101010010
01011010010
1001010010
000101010
010010101
010101001
011001010
101001010
001001010
1010101
0100101
01010101
10101010
10010010
010101010
10101010
01101010
10101010
010101010
100000100
100101000
1001001010100
0101010101
01010101
000010001
0010010101
010101001
01010101
00101010
10001010010
010110010
101001010
0010101010
0101001010
0100100101
01010101
01010000
10101010
10100101
01010101
01010101
1010101
1000101010
100101010
010101010
101010010
010101001
10100101
0101001010
001010010
01010101
010101010
00100101010
010101010
10101010
1001010101
01010101
0101000101
10100101
01010101
10101010
0101001010
010100101
010010101
010101010
001001010
1010101
1010101
10010100001
1000100001
10001001010
010101010
101010010
00101000010
001011001
0101010101
01010101
01010101
010101010
011101010
0101001001
01010101
001010101
10010101
1010010010
100101010
001010101
01010101
01010101
01010101
00101010
010001010
010100101
01010101
010101010
010101010
1000101010
0101001010
010100101
01010101
01010100101
010100101
0100010101
01000010101
100100101
10001101
00101001001
010101001
00101010010
0101001010
101010010
0010001010
0010101010
01000101010
01000101010
10101010
01011010
01010101
001010101
010101001
0010011010
01010010
0101001
01001101
10101001
010010101
0101010010
0100000010
100010001010
10100010
1000110010
01000101010
0101001001
00101010100
01101010
0101010010
10000101
1010101
10010010010
101010010
0010100101
010100101
0010101001
001010101
10100101
101000101
100001010
010101010
0101101
1010101
0101101
10100101001
00001001010
0010100010
010101010
0101001010
0101
01010101
1001010010
0101001010
001010101
00100101
0010001010
101001010
01010101
0100101001
01010101
10100101
101001010
101001010
101100010
1010001010
10010010
00101010010
010010100001
010101001
10010010101
10010101
100100101
01001001
10101010
010010010
0010101010
0011000010
001010010
1100101010
10101010101
010101001
11100101
01010101
01010101
01010101
001001001
0010101
00110101
01010101
100010101
0101010101
10010101
00100101
10010010010
100101010
100100101
10010101
010101010
010101010
01001001010
010101010
10101010
0100101010
100001010
00101010
1000101010
001010010
10101010
0011010010
011010010
00010101010
0101010
01010001010
11001001
0010100011
0010101001
0100101
0101010
10010100
10010101
01001101
001010101
0010100101
100101010
00101010010
10100101
01010101
010101010
0101001010
10000001010
10010100010
00101010
10111100
001010010
10010101
001001010
1000101010
1010101
100000101
10101001
001010101
000010101
010100101
010101010
0101010010
101001001
010101101
01010101
1001010101
0101001
1001000101
0101001001
010101001
010101001
01010101
10100101
01010101
01010101
10100101010
000010010
0100001010
010010010
0101010010
00101010
0101010010
10101010
10010010
1010101
00101001
010010001
10101010
0101010
100101010
010101010
010101010
01010101
001011
100101010
010101010
010010010010
001001010
10001001010
11001010
10101010
01001010010
10100010
1010101
100010101
010010101
0110010101
01010101
01101010
0101001010
1001010
00100001
100101000
101001001
1010010010
010101010
01001010
10101010
00010101010
010100010
0001001001
10010101
001001010
00100001010
1010101
10101001
010001010
001001010
0100101010
1010010010
010010110
01011010
1000100010
0101010010
100010101
10010101
0101001010
01010010
0101001010
010100101
0101010
10101010
010101010
01001010
01010101
010100010
010101010
0101010010
101001010
001010100010
01010101
01010101
01010010
0010101010
0100100101
01010101
100101010
0010100101
010011010
010101010
01010101
00100100101
0101010101
01010011
010101001
010101001
0101010101
010010101
0010010010
10101010
010010101
10001010100
010101010
0100001010
100101010
101001010
10101010
10101010
1000101010
1001010
010101010
01010110
0110101
100100101
0010010101
01010101
01010101
01010101
00100101
100100101
10010101
10010011
1010000101
01010101
01010101
0101010100
01001000000
0001001100
010010010
0101001010
10010001010
10101010
010101010
1001010010
0010100010
100010010
100101010
1001001010
010100101
0001010101
101010010
100101010
00100101
010100101
0101010010
10001010
010101010
1010001010
10101010
010101010
0100101010
01011010
0010100101
01010101
1000101010
101010010
1001001010
010011010
00100100101
01010101
10101010
101001010
01001010
0001001010
001010010
0100101010
011001010
1000101010
010101010
100101010
010101010
01010100
010101010
010011010
1000100101
10010101
0001010101
010010101
010101010
100101010
010101001
100101001
0101010101
100100101
1010001010
100010010
00100100010
00100010010
00100101010
010110010
10100101
010101001
100101010
010101010
101001010
1000101010
010000110
010101010
1010101010
000001010
0000010101
101101
10101010
1001001010
1001001010
000101010
0001001010
010101010
010100101
010110001
10001001010
10101010
01010101
010010101
010101010
010101010
010110010
001001010
01010101
0101001
10010101
01011001
0101001001
0110101
101010010
101010010
10101010
100101010
010101010
100101010
010101010
100001010
1010001010
010101010
010101010
010101010
010010101
0000101001
01010101
100001001
10101010
0101010010
001010001
001100101
00010101
010101001
0011001010
010101010
10010010101
100010001
010100101
01010101
01001000010
0101001010
010101010
010010010
101001001
0010010101
01010101
100000101
010101010
001010010
1001000101
010100101
0100101010
010101010
100101101
010010101
0101010101
101010100
011010001
10101001
101010010
10101001010
010101010
01010101000
000010101
1000101
00101010
010110010
101001010
010010010
10101010
10101010
10100101
010010101
101010010
01010010
01010101
01010101
01000001010
01001010
0100101010
101001010
010101001
10000101
1010010100
0101010100
1010001001
01010101
01010101
010101
0100101010
01001010
0010101001
01001101
101010101
00101001
010101010
010001010
0101010010
0101001010
010101001
1001010101
0110010
01001101
00101001
0010010101
0010101
0100100101
1000101
0101010101
010101010
10000101010
010100101
010100101
1001010
010101010
1001001010
10101010
1010101
1010101
0100101010
01010101
010010010
010101010
100101010
01010000
010100101
0101010100
010101001
1010101
010101010
10101010
10000101010
0010110010
101001010
0101010
010101001
00001001010
01001101
01010101
010101010
101001010
010101010
010101010
010101010
0101001010
10101010
0101001010
0101001010
101010010
10100101
010010101
10101010
01001010010
010100101
10101001
1010001010
01010110
00101010
010101010
010101010
010101010
010101010
00101010
10000101001
010100101
0010100101
010101001
01010101
01010101
01010101
01010101
010101010
0101010010
010101010
1001001010
1000101001
010101001
00101001010
001001010
01010101
10001001
001001010
00100101010
010101010
10001001010
01010101
001010101
10010100
010101001
0010010010
10101010
010101010
010101010
1001001010
0100101010
10100101
100101001
01010101
01010110
10101010
010101010
001010101
0100100101
0010100010
010010010
1010101
10100100
011001010
101010010
001001010
10010010010
00100110010
1001010010
10101001
10000010100
01010101
0010000101
101001010
1000101010
010010101
101001010
0101010010
10100010
01010010
01001010
0010101010
0101010
000010101
001010100
0101001
0001101
01101010
0101001010
010100010
10110010
010010101
10100101
010100101
01010101
0001001001
0100101
0100101010
0010001010
0101001010
0100101010
010101010
10100101010
101001010
1000101010
010101010
010101010
1010101010
10010010010
01010101
010100001
010100101
01010101
010010101
010101001
00101001010
101001010
01010101010
010101010
01010101
01010101
1000010010
10101010
00100100100
10101001
100100101
01001001
01010101
010010101
010101010
10000101010
0000101010
0101010010
00101001
01010101
010101010
101001010
0010001001
0110101
010101010
01001010010
01001010100
0010001010
010100101
001010101
1010101001
100101001
01010101
00100101
01000100010
010101010
100100010
101001010
001010010
0101001010
0010101
0101011
101100101
10100101
01001001
010010101
1000001010
01010010
101001001
01010101
010100101
01010101
1001010010
101001010
01010101
100010101
0101101
01011001
10010101
1010101
1010101
00100101
0101001010
10101010
1000101
010100001
1010101
00100101
0101010
0101010
101010001
10101001
0010101001
1000100101
01000101
010010101
001010001
100010101
100001010
01001010
100010101
010010101
0010010001
010100101
10000110100
101001010
0010100001
001010101
101000101
01010101
00010101010
0010010110
0001001010
00101001010
0101010
100101010
10100101
0001010101
0101001010
00101010
010001010
1001010101
01010110
001010010
0101011
0010101
010101010
001010010
011001001
010101001
10101010
0100001010
0010101010
1001001010
010001010
00100001010
10010001001
010010101
01010101
01010101
010011010
010010010
01010101
100100101
010101010
101010100
010010101
1010101
1000100101
10100101
01010101
0101010001
001010101
010011001
1000010100
01010101
0101010
01010101
010000101
01010001
0101001010
010010101
01010101
00100101
010101001
01010101
0101010010
0101010010
101000101
1010010010
001001001
010101001
0101001101
0010101001
00101001010
0010010100010
10101010
010100010010
1001101
01001000101
010101001
01010101
01010101
00100101
101000010
10001010
000101001
10100101
0010101
01010101
01101010
101010010
1000101010
001001010
1001001010
1000101010
01010101
010101001
101010101
010100101
10101001
01010101
01010101
0101010101
101011010
010101010
01001010
01010100
01010101
001011001
010101010
010101010
00101010
101010100
1001001010
1010101010
0010101010
10101010
100101010
0010010010
001001010
00001001010
010100110
101010010
010100101
01010101
010100101
0100010101
10101010
1001000010
01010101
011010101
00100101
100010100
001001010
0101001010
0101001010
1000101010
01010101
010010101
10101010
1010101010
0100100101
01010101
1010101010
001001010
000001010
00010101010
101001010
10001001010
10101010
10101010
10101010
0100101010
00100101
01010101
00001010010
1000101010
010100101
1010101
01010110
00101010
10010101
01010101
0100100010
01010010
101001001
100010110
101010100
1000101010
0101010010
10101010
01010010
10011010
01010101
010100101
0101010
101001010
010101010
0101110010
10010101
0101001
10100010
001011010
010101010
10010001010
101001010
010101010
10010101
001001001
01001010
100001010
01010101
10101001
00101010
101001010
01010101
10100101
01010101
010101001
10100101
01010101
0101010
10101010
1010100101
010101001
101001010
01001010
01010101
01010101
10010101
01001010100
010100101
0010100101
01011010
1000010010
1010010010
01010010
010100101
10100101
101001001
1010110
010101010
0000100000010
011010101
10010010
01100101
100100101
1001010010
10100110010
0101001001
01010101
0010101001
10100001001
10100101
010101001
01010101
010100101
1010101
1010101
10010101
00101001
10101010
01001010
1000010010
00001010010
010100101
010100100
0100101010
0101001010
10101010
101010010
10101010
0010001010
010100101
010010101
01001101
010100101
10010101
010010101
010110101
001010101
0101101
01010101
010101010
100101010
1010101010
001001010
01010101
010100101
010101001001
1010101
100010001
100010100
0010101010
10000110010
100010010
101010
01001010
00101010
0010000010
010101010
001010101
001010101
10010001001
01010101
010101
001010101
01010010
0010101010
010100101
01100101
00010101
010100101
10101010
00100101010
100100101
10100100101
010010101
010010101
10101010
0100100101
01010000110
0101100010
0100101001
01011010
10100101
10101001
100100101
10010101
00101010
0101010
010101010
1010010
10010101
0100101001
0101001010
1001010010
01010010
10101001010
00100101010
0010001010
101010101
01010101
01011001
1000100101
01000101010
010101001010
10010101
101000101
01010101
010010101
01001001
01010101
100001010
010101010
01001010100
0010101
10010101
010010101
0100101001
0110101
0100101001
010010101
010110001
00010101
0001010010
100101010
010101010
0100101010
01010101
01010101
1010001
001010011
010010101
01010101
000101001
100010101
1000101010
0100110010
0101001010
010001010
0000101010
001001010
010101010
10010100
01010101
1010101
011010010
010101010
01101010
0010001010
100010101
010010101
010101010
010101010
0101001010
0100101010
0100101010
001001010
010100101
1010100
0101000010
00110010010
01010101
01010101
100100101
0010101
010101010
00101010
10110001
0100101
10101010
101010010
01010101010
10001010010
01010101
00010101
010100101
01001001
01001010001
1001010101
01010010
00100100010
10110101
0100100101
001001010
0101010
0010101001
1010101101
100100101
01010101
10101110
10101010
010010010
10010101010
01010101
0010010101
01010101
1010101
10101010
000010010
010010010
10011010
01001011
01011001
0101010010
1000100100
010100010
010101010
100101010
1001001010
010100101
10100101
1001010010
10010010010
10101001
010010101
101000010
101001010
010101010
100101010
000101010
01010010010
00100101010
000101010
001001001
0100101
001010101
1000010101
00001010
100010100
1001001010
1000010010
0010101
1001011001
010011010
010010101010
10101010
0010100010
01001010
01011010
010101010
0001010010
01010101
10100101
1010101
010010101
01010010
0101101010
010101010
01010010
01011010
1001001010
01000101
01010101
01010101
10101001
11010010
0101001
01101010
001010010
001101010
01001010
01010101
1001000101
011111010
100101010
01001001001
100010101
001010101
10101010
010010101
01010101
1000010101
0101000101
001010010
100000110
1001001001
01001001001
0101010100
1010101
010000101
00101101
01010101
100010101
010101010
001010010
10010101
101010100
10001010
10101010
1010101
010010101
101001101
01010101
100100101
00101001
100001010
010101010
10010010001
010010101
1010101
01010101
0100100101
001010101
1001001010
010101010
0010101010
101101010
100100001
1010101
0101010
10101010
100101010
010101010
0010101
10100011001
010101010
1001001010
10101010
100101010
1000010101
01010101
10010101
0100101
00100101
01010101
001001000
10100101
0010100100
010101010
0000101010
100101010
010100101
10010101
01010101
010101001
0101010100
100100001
100001010
01001010
0110101
010101001
1010101
01001101
0010101010
01101010
01010010010
0010100010
1000101010
010101010
10101010
10101010
00101010
10010101
0100101010
100101010
010101010
0010101010
10000101010
01010101
00101001
010010101
010100101
010010101
010101010
0101010010
100101010
10101010
1001010
0100101010
0101010
01010101
101001010
10101010
1000101010
00101010
010010101
100010101
00100101010
100101010
100001010
01101010
01001010
10101010
010100101
0010001001
010101010
10101010
01010100010
100100010
01010101
0101010101
10101001010
01000101010
1010101
0110101
10101010
010101010
10001010010
0101010010
10001001010
100101010
101001010
10101010
0010010101
1010010101
0101001010
10101010
010001010
10101010
01010101
100101101
0101010010
0101001010
10101010
0100101010
010101001
010101001
1000100101
1001101
01001010
0010101010
010101010
00100101010
100101001
10101001
100001001010
0101001010
010101010
101001010
0101010010
001001010
001010010
01011010
1010010010
010010010
10100010
010101010
100010010010
010101010
1001010010
1001010010
010100101
010101010
100010101
100100101
010010
001001010
010101011
10001101
0101001
10000100101
010100101
001010101
0100101010010
0101001010
01010010010
010101010
10100101
0010010101
100101010
1010100010
100010101
010010101
001001010
010001010
0101001010
1001001010
10001001001
001010101
010101
01010101
101001010
01011010
1000101010
0100101010
0101001010
10101010
0100101000
0101001100
101001010010
100101010
1010100010
10001001010
01010101
01010101
010001010
010001100010
01000101010
101010010
101001010
0100101010
101010010
100101010
010101010
0101001010
10101010
1000101010
0101010010
01001010010
01010010
010100100
001010101
01010101
1001010
0101001010
0010100101
0010010101
01010101010
10101010
01001010
010011010
101001010
00101010
0101001010
101001010
1010101
01011001
010101010
10100000010
010101010
0101001010
1001001010
10010010010
01010110
001001001
0101010010
0010101010
010101001
00101001
1001010101
1010011001
01010101
100010101
101010001
1001010101
001010101
010110101
010010101
0101001001
1001010010
0101010010
0101001110
001101010
0100100101
0101001
0101001010
101001010
10101010
101001010
100110101
00101001
00100010010
010101010
01001010010
10001010
010100101
010110101
010100101
01010101
00100101
0010100101
0001010101
100010101
00101010
0100101010
010100101
10010101
1010101
0101010101
01010101
01010101
1010001010
010101010
010101010
10100110
10010001001010
10001001001010
0010100010
0100101010
00100100010
010011010
010100101
1001100101
001000110
100101010
10101010
001010010
10101010
0010101010
00100101010
1001010010
01010101
000101001
10010101
10010101
10101010
00100010
101001010
010010010
0010101
0001010101
01011010
010101010
010010010
0101010010
01001010
001010010
01001010
001001010
0010000101
100010101
001001010
0100100101
10101001
010100101
01000101010
01001001010
010000010
0101001010
100101010
0011010010
101001010
0100101010
10001001001
010101001
000101010
101001010
010010010
0010100010
0010101
000100101
101010100
010010001
001011010
0100101010
01010110
01010101
0100110
100001010
010101101
01100101
01010101
010100101
0100101010
0100101010
001010101
10101001
0101010010
011001010
010011010
001001010
00001001010
010101010
100010101
010101001
0100101001
010010101
10101001
10001001
001010101
100010100101
0100101010
0100100100
010100101
010101001
0101000101
100101001
100100010
0101001010
10101010
0100001010
00101010010
001001010
001010010
010101010
1000101001
010101001
1000010010
00001001010
0010101010
010101010
00011010
10101010
010101010
1000101001
10101010
1000100101
011001010
010101010
10101010
01101010
0010100101
011000101
010110001
0100100100
0010010101
010101001
010101010
101000101010
000101010010
10010100010
01101010
010101010
10101010
01001001010
10101010
100010010
100101010
00101010
1000101010
10101010
00100101
01011101
100101010
010101010
010100101
010010101
0001010010
010010010
010010101
01010101
00100110
100100010
1001010100
010010101
100101010
010101010
0100101010
00010101010
010101001
1001010100
010010101
100100001
010101010
10101010
0101001010
0101001010
01001001001
00100101
0101010010
0011010
0101001010
10010100010
010101010
01010100010
00100101
0101001010
01010101010
010101010
1010100001
0100010101
0011010010
1001010010
1010100101
10100101001
01010101
1000101001
010010101
1010000101
0001001001
101001001
0101001010
0010101010010
010001001010
010010010
00010101001
0100011001
0100101010
00100101010
1010101010
1000101010
00101001010
101001000010
010100010
01010010
0100100101
000101000101
100001010
0101001010
00100100101
010010101001
001010101
010010101
001001010
01010101010
010101010
010101010
10100100001
100101001
01010101
01010101
0101001010
00101001010
010010010010
01010101010
00101010010
0101001010
01010101
010010101
01010101
010010101
0010010101
001101001
010010101
01010101
0001001010
00101010
10001001010
10101010
10100100010
0101000010
01010101
010101001
010101010
01011010
0101001010
100101010
0101001001
001010101
1010011010
0100101010
0101001010
0101010110
0101001010
011010010
01010101010
001010010
101001010
100101010
1000001010
001010010
001010101
01000101001
10010101
010101001
00101010
0100010010
001001001
010100101
0101010010
01010010
100101001
10100101
010010101
010010101
100101001
0100101001
01001101
010010101
01001010
001001010
010001010
100100010
100101010
10101010
10101010
1010001010
10010101
0101001
01010101
10100101
00101010
0101001010
10001010010
0101010010
00101010
010110010
1000100101
101010101
0100101010
1000000110
1001010010
010101010
001010101
01010101
01100101
01010101
1000100010
0010101
010100101
10010101
01010101
01010101
00100101
001010110
0010101
1010011
01001010
011010010
0101011
0001010101
01010101
001010101
1010101010
101001010
101010010
10011010
100110101
010010101
00100010010
010101010
0110010010
010101010
1001001010
010001010
100100101
0110101
0101001
010100101
01010101
10010101
001010101
01001001
001001010
1001010010
1001000010
010011010
100101010
101001010
1010010110
010101010
0101010010
010001010
0001001010
001001010
1010100101
1011001
10101010
010101010
01000101
01010101
01010101
10010101
101001010
00100101010
0101001010
1001000010
1010010010
101010110
10100001
01010101
100101001010
1000101010
100010101
001000101
01010101
0100101001
010101010
1000101010
0101001010
0100001010
1001010010
010101010
01010101
101010101
0101000010
10101010
01010101
010010101
01010101
10100101
1001001010
1000101010
01001010
010101010
10101010
001010100010
01010100
011010101
10101010
10100001010
01010101
100010101
100100101
0100100101
101010001010
0101010010
0101001010
0010101
00101001010
1000101010
010101010
0101010010
101001
000001001
010100110
0100101010
1010101
011010001
00101101
10100001
0100101
0101001001
100010010010
101010010
0101010110
0010101010
010100101
01010101
1010001010
1000101010
001010101
0010010101
01010101
010100101
00100101001
01010101
100010101
10100101
0101010010
010101010
01010101
01010101
00100101
100101001
010100101
00100010101
00010101000
0101010101
01001010
010100010
01001010
1010010010
0101010101
10100101
01001010
100101010
10100110
010101010
10101010
010100110
10100101
01010101
1010000101
010010101
00100101001
100101001
0010101010
001001010010
01100101
10010101
10100001
1001010001
00101001
0101000101
010101001
010101001001
11010101
01010101
101010100
01010011
100100101
0010100001
010001010
101010010
0101010010
0100101010
010100010010
010101010
01000101001
101010101
01001010010
01001010010
010101010
10100010010
01010110
010101010
100101010
0010101010
01001001
101000101
0000101010
00101010
10100101
0100100101
0011001010
0101010010
100100101
01010010
101010101
1010101
01010110
01001010100
001001010
0101001010
001001010
01001001010
101010001
10100101
101001001
01010101
01010101
010101000
100010101
0010010101
1001010100
01010101
01101010
01001010
01001101
1010101
10101001
010010101
0010010001
001000101
0010010101
01010101
100101001
101010101
10101010
101010010
1010101010
010101010
00101010
001010010
001010001010
0101010010
010010010
001010010
1000011010
101001010
0010101001
01010101
001001010
010101010
01100010
010101010
000101001
00100101
010101010
001001010
00101010000
011010010
010100101
01001001
0101011001
100101001
1001001001
1010101
101010100101
0010101
1001010010
0101010
0100101010
10001010
1001010
010101010
010101010
1010001010
010100001
001010100
01101010
1001001010
100101001
0010101001
010010101
1010011001
01001010
01001010010
01001010010
0010101010
0100101001
01001010001
00100101
0100100101
0010100010
101001010
0010100101
01010101
010101010
0101010010
10010101
1010101
1010010
100100010
010101001
010100101
0100101010
01001010010
1001010010
11001010
010001010
0101001010
0000101010
10101010
10101010
0101010010
01001000010
00101010
010110010
000101010
10100101
10101001
00100101
0101001
1010011
1010101
0100101010
10110010
0101010101
010010101
010101010
0101010101
0100101
010010101
010100101
010010101
01010101
10010101
01001001
0010101
0010101010
010101010
10010101
0100100101
010101010
010101010
100101001
010100101
101001010
010101010
0101010
010101010
010101010
010101010
10101010
0011001010
001010001
0010100101
10001010010
1010101010
1001010010
0101001010
0101001010
100010010010
0100001010
010101010
01010110
01010101
10101010
00100101
1000101001
10010101
0101000101
010100101
1010000101
010100101
01001010
0100101010
011000001
010101
01010001010
101001010
1010010000101
01010101
010100101
010101001
00101010
10101010010
10010101
0010101001
001001010
01100100010
100000101
100100101
010101010
00101010
0100100110
011001010
100100101
010100101
1010100100
00010101010
0101010101
10010101001
001010001
010101001
01001010
001010010010
0101001010
010101010
010010101
1010101
0010101010
00010101010
010101010
0001010010
10100101
1010101
1100101
10100101
010110010
0000101010
10010100
01010101
01001010010
0101010010
01010101
11000010
10010101001
010101001
0010110101
1010101
01010101
01010101
001000101
1010101
010010010
010010010
01001011
01010101
010101010
00101010
010100101
101100101
1001010001
010011001
0010010101
010101001
10010101
100101001
1000101010
0001010010
001010010
010101010
0101010010
010101010
001001001
00010100100
01010101
0100100011
100101010
0101010010
01010101
10001001010
001001010
010101010
0101010100
100101001
010101010
010101010
10010010
0100101010
0101001010
1000101010
001010101
100010101
100100101
1001000101
0101001010
01010010010
001010010
10101010
010100101
10010101
001010100
100100101
001010101
100110101
10010101
000110101
01001010010
01010010010
100010010
0101010
010101010
00101010
0010010101
0101011
100000101
0101001001
0101101010
010010101
001010010
010110010
001100110
10101010
001010101
01010101
100110101
0010010101
01000101
00100101
01010101
1010101
01001010
10001010010
010100101
100100101
010101001
01010101
100100101
10011001
1001001010
10101010
0100101010
01010001010
010100101
010010101
0101010010
01001010010
010100101
01010101
0100101010
0010001010
101000101010
0101001010
0010100101
100100101
100100101
010100101
0101001010
010101010
01001001
010101
1001001010
00101010
0100101
01010101
010100101
00010101
1000101000
01010001010
1000100101
01010101
010101001
1001010101
0010101010
0101001010
010010101
01010101
10001001010
01010010010
001010111
010100101
01010101
1010010001
1000101
10010101
010000110
010010010
1010100101
010011001
1000001010
101010010
100101010
010101010
0101010101
01010101
100010101
01010101
010101010
010101010
0101001010
00101010010
00101010010
0101001010
00101001010
010101010
00100010110
101010100
0101001010
10100101
010101010
10101010
0100101010
10011010
1001001010
1000101010
010010101
0100101001
10001010101
01010110
01010101
0101001001
101010010
100011010
011001001
1010101
01010101
1010100101
010101001
1000100101
0100010101
1010010101
010101010
010110010
0101001001
0100100101
010010101
1010000101
0101001010
0010010010
010010101
01010101
10000101
01010101
100101010
0101001010
00101001
010110
1010010
100100101
001101010
10000101010
0100101
1010001001
01010101
0100100101
01010101
1000100101
01001001010
0100101010
001010101
10100101
100101010
010101010
0010101010
101001010
1010101010
0000101010
0010100010
10001011010
010101010
0010001010
00100101001
000101001
1010010010
0010101010
00101010
1001001010
01010010
1001010010
1000101001
01010101
001010101
10100101
010101010
010101010
001101010
00001001010
000101001
0101001101
001001010
1001010010
1000101010
0101010010
1000101010
001101010
1100100110
10001001010
1000100101
010101010
1010010001
100100101
1000101001
10001001
10010010010
01010101010
0010100101
01010101
10010001010
100100001010
01010101
00101001
01010101
1001010001
010101010
001001010
01000101010
0101001010
010101010
0010101010
1001001010
1001010010
1000010101
00100101
01001001010
1001001010
001010001
0010101
1000101010
1000001010
010101101
00101010100
01011001
010100101
010101010
0010010001010
00001010010
0101001010
001001010
01001001010
010010010
001010001
001010101
01010101
01010010
0100101010
000101010
0100101010
0100100010
0101010010
10010101
010100101
1010101
0101000101
00101001
0100101001
0100101
01010101
10100101
0010100101
010101010
0101010010
0010100101
1001010101
00100101
010100101
0101010010
010101010
010100101
1001010101
00101010
00101000010
0101010010
10100101010
1001010010
0101010010
0010010100
010101001
010101010
101001010
01100101
10100101
1000011010
01010010010
1010010010
0010101010
0101010010
10001001010
1001001010
010101010
0101010010
1001001010
0100101010
0010101010
10101010
000001010010
001010100010
0010101010
00101010
10001010010
0000010101
01010101
10101001
010010101
010101010
100101010
011001001
010100101
0101001001
10010101
0101010101
01010101
1001010010
0010101010
010100101
1000100100
0011001010
0101010010
001001001
10100101
0100010101
000101001
101001010
1000100010
010010100
1100010101
101001010
0100110010
010100101
01010101
10100101
00101010101
001001010
00100100010
010100101
010100101
01010101
100010101
01001010
1001001010
01010010
1001001010
010110010
0010101010
001001010
100101010
1001010010
0101001
00101010
100101010
100001010
10100010
1010101001
101010101
0101010100
0000101001001
1010010101
0010000101
00100100
10101101
0010010010
0100101010
1001010001
0011000101
001010100010
010010010
0101010101
100010101
1001010101
0010100101001
001001001
0101010101
0101001
01010101
00100101010
101001010
1001100101
010010101
00001010
0010101010
01010100101
010100100101
00101010
011001010
010100101
100010101
10010101
0100100101
001001010
0100101010
01010101
010101001
1001010101
101010101
010110010
1000101010
01010100010
101010010
01010010
0101001010
10101010
010101010
00010101
10100101
100101001
0101001
10010010
010100100
1000010101
1001010110
001010101
10010000001
01010010010
10101010010
10010101
010100101
010101010
1000100101
10001001010
01001010
10100101
010010101
10100101
100101010
0010101010
101001010
10000101
100010101
001010101
01010101
101010101
001010101
0101010101
10100101
01010101
010100101
100010101
0010101000
01010001
10100101
010101001
01101
010100101
010100101
10010010010
0101001010
0101101
010010101
010101010
001010010010
010111010
0101001010
0001010010
010011010
101010010
1000100010
0101010
100101010
1010101
010100101
10001001
010010101
10101010
100001010
1010001010
010101010
010101010
1001010010
1000101010
0010100010
10101010
1010100010
100101010
0100010010
10101010
10001010
010100101
01010101
10101010
0010101010
1010000010
0101000110
10101010
01001010010
0100101
01001001
010101010
0010010010
1010101
010101001
010100101
010101000
0100101
0000101001
10010101
1010101
010101000
1010100100
1001001
01010101
011100101
10010101
10100101
1001010101
00100101
0010000101
0010110
0010100010
0101001010
10101010
1011001
10100101
101001010
01001010
001001010
010101010
10101010
001010010
100100101
1010101
101010
010101010
01010101
0100100101001
100010101
0101001001
1001010
010101010
01010101
100101001
010101010
0010010110
101010100100
0101010100
101001010
001010010
10101010
001001010
100101010
0000101010
01010110
001001010
0100100101
01010101
1001010010
00101010
010100011
1010101
010101010
10010010
010110100
10001010
010101010
010101010
001001010
10010010010
10001010001
00110101
0101010101
010010101
00100101
001010101
0110010
0100101010
00001001010
001001010
010101010
100101010
10100101
0010010101
00010101010
01010010010
01011001
010100101
10100101010
100001010
0101001001
01010101
00100101010
01010100
0100101010
100001010
01010101
101000101
10010101
00101011
0010101
00100101
10001001010
101001010
00000101010
10000101010
0100101
1000100101
0100101010
00001000010
001010101
010000101
010010101
01010101
100010010
0101001010
101001010
01010101
100101000
100101001
101010010
000101010
010001010
01010101010
001010010
01001010010
001010
100101010
0101101
101010101
101001011
10100101
100101010
1000110010
010101010
0010101010
00101010
10010010010
0101011
100010101
01011010
100100101
10100101
1001010001
0101001001
01010101
0101010101
010010101
0010010010
0001010010
0101010101
010101001
10010100100010
010101010
00101010
00001010
01010101
010100101
00100101
01010101
10010010
0100101010
0100101010
010101010
1000010101
00101001
01001010
01010010
001001001
010101001
001001001010
10010101010
00100000101
0110101
1010010001
101011
1000101010
101001010
10101010
0100010010
010101010
1010010101
1010101
1010101
010101010
010011010
01001101001
010100101
0101001010
0100101010
01001010010
10010010
010010101
10100101
010010010
010101010
0100100101
01010101
001010101
10100101
010101010
01001001010
0100101101
0010101
010011001
1000010101
01001001100
00101010
0010101
101001010
101010101
010010101
0100101010
0101001010
0100100101
010101001
10010001010
11010010
10101011
1001001
1010101
101001100
01010101
01010101
0101001010
0100101010
100100101
10010101
01010101
010101010
010010101
0100100100
10101010
10101010
10101010
0101101
10100101
10101001
1011001
010100101
01010001
101010101
110110010
0101001010
1001010010
001010010
1010101
00100010101
0010101010
010101010
0010101010
10101001010
01010101
010100101
0100010101
010100101
1010001010
101001010
01001010
100101010
1010011001
001001001001
0010110
0010101010
001001010
1010000010
1010101
0101101
001001010010
0100101010
010101010
01001010
0010101010
0100101010
10101001
10100101
010101010
10101010
10001010
010101010
010101010
101001010
1000100001
100101001
010101001
0010101
100101000
010101
1010101
001000101
1010101
101000101
1000101010
101001010
001001001
0100100101
0110101
010100101
100101010
001001010
010101001
01010101
1010110
01001010
1000100101
01010101
000010010010
010010010
010101010
010101010
010100101
0101010101
1010000101
010010101
01001010010
10001001010
0101001
0100010101
010001010
01001010010
1001000101
0010100101
0101001010
010101010
0101001010
010101010
1010101
0101001001
010101010
00101010
000010101
01010011
0101010010
001001010
01010101010
1001001010
010101010
010101010
001010101
1010101
10100101
01010101
0101010010
0000101010
1000100101
100010100
00000010010
1001010010
010001010
0101010010
0101001001
00101001
10100101
01010101
010010101
0101001001
101001010
000100001010
0010000101
01010100
010100101
0101010101
1010101
0100101
000101010010
0100100010
101001010
0010101010
1001010010
100100010
0010001010
00101010
01010101
00101001
0101001010
1000101010
100101010
1001001010
0110101010
00100101010
01010101
10101011
010100101
100100001
010100101
010100101
1000010100
10001001001
001001010
100101010
101001001
0101001001
1010101
1010101
101001010
0101010
001000101
100010101
010101010
001010010
100100001
010010101
01100101
01011001
010101010
01010010
0101001010
001001010
010100101
01010101
0101010101
1010101
01101010
0100101010
0101011
011010000
010101101
010100100
10100010
0101010
0100101
01000010101
001010010
0101010
001001010
00100101010
10010010
1000101010
010001010
0010011010
1000100010
0101001010
00100101010
0110010010
101001010
0101010010
0101001
010100101
100010101
1010101
1001001010
010101010
0001010010010
0101001010
00101001010
01001010
010100110
01011001
101001010
010101010
00101010
01010101
010101001
10110101
10010010
010101010
01010101
10100100101
0010101010
10001010
101010010
010110010
000100101
01010101
010101010
01011010
0101001010
01011010
10001010100
010001001
010010010
011101010
010101010
00101010
010101010
0101010010
01010101
0100101001
101001010
0101010010
0101010010
100010100010
010100101
01010101
10101010
010011010
10101001
0101010101
010101010
100101010
0010101
01010101
10010101
01010101
1000010101
100010101
100101010
101010101
101001010
010101010
1001001010
10000010010
0101010
0101001010
100101010
010101010
01001001
101010101
010100101
100101001
100100101
10001001001
0110101
01010101
10011001
10100101
00101010
010101010
010101001
010010101
000101010
0010101010
100101010
10101010
1001010010
010000010
0101101001
001010101
010101
001001001
0100110
0101001010
01010101
01010101
0101001001
0101010101
001001010
0010001001
01010010010
1001001010
10010100010
10101010
10110101
010101001
01100101
010100011
1001001001
010100101
0101100101
010101
001010010
001001010
10010101
010100001
0101001
01001010101
0101010010
010101010
01010101
0101010
000101010
000101010
101001010
0101001010
01010101
00100101
010101010
10010110
100101010
0100101010
10100101
01010101
0101001010
10101010
001010101
1010101
001010010
001010010
001010010
001001001010
0001010100
010101010
1010001010
010010010010
1010101
100010101
0010101010
01010101010
101001010
010011010
01010100100
01010101
1001001010
010101010
01010101
1000100101
0010101010
0010001010
010101010
010101010
0010101001
1001010101
101010010
010101010
100001010
0010100010
010100101
100100101
1000101010
1010101
010101010
0000101010
001001010
00101010
1010010010
1000101010
0001010101
100010101
100010001010
1000101010
1000101001
010101001
01010101
101010100
10101010
10100010
100010010
01001010
101010010
101010010
00101101
1010100001
1001100101
00101001
101000101
0110101
100001010
00001001010
1010101
01010101
1000101001
01010101
1001010010
0101000010
1010101
010101101
10001000010
10101010
0101010010
001010010
0100101010
0001010010
010100101
100101001
10001001010
101001010
01010010010
010101010
0001010100
010101010
010101010
010110010
0101010010
0101010010
0101101
10010101001
100110101
01001010
00100101
010100101
01000100101
10010101
010100101
10010101
01001010010
0101000010
10010100001
0010101
0101001010
10010010010
100101010
10101010
0010010010
001010010
1010101
001010101
1000101010
101001010
01010101
0100100101
001001010
010101010
1000101010
100001010
010101001
001010101
101010010
010101010
010101001
01010101
0101010100
1010101010
0101010010
010101010
010101010
001010010
010010010
100001010
1010101
1001010100
1001001010
1000101010
10100101010
1000101010
000101010
100010010
1010101
10010101
001010101
0110101
100101010
010101010
100010010
01010010010
1010010101
0000100101
10100100
01010101
00100100101
00100101
10000010101
10100101
10010101
10010101
010101001
001010001
010101010
1001010010
10100010
010101010
010100101
01010101
10010100010
01101010
10001001010
10101010010
101000010
0101000010
010010101
00101010
010001010
1000101010
100000101
01010101
101010010
101001010
01010101
01010101
010011010
010101010
10100101
10100101
10001010
0010101010
0100001010
01010010
001010001
101001010
00101010
0001010000010
10010101
0100101
0001010010
10001010010
0101101
1010101
101000101
100110101
0101000100
01010101
010010010
010101010
1000000001
100100101
1001010010
100100010
1000100101
010100101
01010101
0010010101
101001010
10001010
001010010
010101010
01001101010
001000101
01010101
1010101
10100101
01010101
010101001
0101001001
01010101
1010011
0010100010
100101010
101001010
10001010
0010101
10100101
01010110
01001010
1000101001
100100101
100100101
010000101
010101001
1000100101
0101001010
0010101010
0010101010
0100101010
10010101001
1000100101
01001010
010101010
010001010
1000010010
010101001
010101001
010101010
011010010
10101010
0100110010
100101010
0101010101
1010101
0100010101
1
10101010
00101010
0101001010
100010101
1010101
100101010
010101010
0100100101
01010101
01001010101
1000001001
01010101
1000010101
0010101010
010101010
010101010
0101010010
01001001
100100101
01010101
100100001
10101010
00101010
010010101
01010101
10101010
0010101010
01010101
1010101
101010100
010101010
0010101010
101010010
01001001010
0101010010
1010101
10100101
0010101010
001001010
0001010101
1010101
0100101
0101001001
10101010
01010101
10101010
001010110
01010010010
010010010
10010101
0011001
101001010
0100001010
10100101
010100101
010101010
010101010
1000001010
100010101
100110101
100010101
10100101
010010101
0101010010
1010100010
10101010
0101001010
1000000010
01001010010
100101010
010101010
01010101
001001010
010011010
010101010
01010101
010100101
000010010010
010100110
001010010
001010010
010101010
010101010
100001010
01101010
0101010010
10101010
010101001
0100101001
1000001010
010101010
1000010101
010100101
001010101
01001001001
00000101010
1001010010
000010101
001001001
01010101
01010101
01010101
010011001
0100101001
010110001
010101010
100010010
001010101
010011001
0101010010
1001010010
10101010
0011001010
01010101
10100101
010101010
0000101010
01001010010
101001010
01011010
101001010010
0010010101
0010001010
10101010
0010101010
010101010
100101010
010101010
00101010010
001010101
0010100101
010010101
0100101
10010101010
0100101010
001001001
0100010001
010010101
1001001
010110101
1001001000
010101010
010101010
101001010
010101010
01010101
01011001
10010001010
10101010
10100101
010101
1010001001
001010101
010010100
0100101010
1001001010
01001010
10101010
10001001010
100100101
01010101
010010101
10100101
101000100
01010101
010101001
0010101
01010010
100101010
1001010100
01010101
0010101
1001010101
101010011
01010101
0010100101
01010101
00101010
010101010
010001010
101001001
10101001
100010101
0101010
010010101
010101010
0010101010
0100101010
1000101010
1000101010
10001010010
0010010101
00100101
10101010
1010010
1001001001
0101011
0101010101
1010101
01010101
00101001
0101010
00101010
01001010
10101010
00101010
0010010010
10100101
0100101
01001010
010101010
0010101
01010010
1010010010
101001010
00100101
0101101
01010101
01010101
010100101
1010010101
10100101
10010101
10010101
00100101
010101010
010100101
0010010010
01001010
00101010
10101010
100100101
010000101
010101010
00101010
00101010
010101010
01010101
101001011
010100101
10101001
0101001001
10010101
010100101
0010010100
101001001
1010101
101010001
0101010101
00101010
01011000110
010010101
01010101
0100100101
010101001
000101010
0001001010
100101010
01001001010
100010101
00010101
1001001001
01100101
01010101
01010101
01010101
01010001
01010101
00101001001
10100101
00100010101
00100101
010100101
0101010010
010101010
010101001
01010101
100010101
01010101
00100101
100101
010101010
100101010
1010101
01010101
01011010
01010101010
101000101
01010100101
1000101010
100101010
01100101
10101001
10101010
100101010
01010101
0110101
010101010
1010100010
01010101
01010101
010100101
100101001
0100101001
010100101
10010100010
00101010
10100110
010100101
0100101010
1001001010
010011001
01010101
01001010
0010001010
01010010
101010010
01001010
001101010
01001001
010100101
10101010
0010001010
010100101
100010101
010101001
100101001
01010110
1000001001
0010010010
10010010010
011010010
0010001010
0101010101
01010101
1001001010
010101010
01010010010
001101010
00101001
01010101
00010010010
1000010010
010010101
010010101
1010101
0101001
01010101001
1010101
10100101
10100101
101010101
1
010100101
10010101
0101001010
1001010010
001001001
010010101
10010001000
1010101
0101001010
010101010
010101010
010101010
0101001
01010101
1010101
1010101
10100100010
010101010
10100010101
00100001001
001101010
010101010
010010011
01010101
010101010
100101010
10101010
1001001010
01010101
010100101
010101010
101001010
0100101
101001001
0101100101
001010101
010100010
10010110
0000100001
00100101
01010101
010101011
01010101
0010101001
01010100
010100101
010010001010
0101001010
0101001010
010101010
0100100101
10010001
1001000010
0100101010
01010101
010100101
010101010
01010100010
01010101010
0100101010
10010011
0011011
010101001
00110101
1010101010
1010101010
010100101
1000100101
10101010
00010101010
0101010101
10010101
010101010
00101001010
1010010101
0010010101
010101010
100101010
10010101010
001001010
0100101
10001010010
01010010
010110010
01010100101
10010101
010101001010
010101010
001010101
0010101
10010101
10001001
010101010
0010001010
010001010
0100100010
01010101
00101001
101010101
1000100100
00101010100
0010101
0010100100
001010101
0000100101
000100011
001010010
010010010
0101001010
010101010
00100101
000101001
010100101
010100101
010101010
10001011010
0101001001
010010101
01100010010
01001000010
01001010010
0101001010
010101010
1010010010
101000100
0101010101
01010101
1010101
0101000010
01101010
00101001
010101001
010101001
010101001
0101010001
010010101
1001000101
01010101
10010101001
01010101
001001010
1010100010
010101
101010100
010010010
101000010
100010100
0010110
1001010100
100100101
01010101
101010101
1010101
00010101
00110101
01010100101
010110101
010100101
1001010010
010101010
1010101
01010101
100100010
10101010
01010011
10100011
1010010
0100101010
010101001
01010101
0101010
010101010
001001010
010001010
1010101
1010101000
0101101
01000101
100101001
1
01010101
1010101
0101001001
010101010
010100010
010001010
101001010
0101001010
10010101
01010101
101000101
011010100
1010101
01010101
100101001
001010101
010101010
010101010
010101010
010101010
010101010
10001010010
10000010
01011010010
010010101
1010101
01010101
01010101
100101001
01010101
0100010010
1001010
101010010
100101010
1010101
01010101
10001001010
010101010
01011001
1010101
01010101
100010101
1010101
0100101001
100101010
001101010
0101001010
100010100010
010101010
10100010
01001001010
01001010
01001001010
1000100010
1010010
0101000101
010101010
0100101010
0101010010
0011010
1000100010
001001010
010101010
010101010
10101010
10101010
010010101
0100101
010101010
100101010
10101010
10011010
01010100010
010101010
10101001
0101101
0100100101
1010101
01010101
01010101
010101010
101010010
01011010
01101010
010001010
01001001010
101010101
100101
010101010
0101001010
000101010
01010010010
100100101
01001001
00101010
10001001010
001010101
01010101
010010101
010010101
1010101
01010101
001010101
01010101
0100101010
0010101010
0010010101
10010101
010010101
01010101
1000101010
01011010
010101010
000101010
10100100001
101000101
100101010
010101010
00101010
010101010
0100101010
0101001010
010010101
100100101
010101010
011001010
01010101
010101001
10010001
010010110
10100101
01010101
0101001010
01010010010
010101010
0101010010
0110101
1010100001
101010010
0110101010
01010101
00100101
010101010
00101010
010101010
01010010
00100101
10010101
01010101
10100101
01010101
010010100
101000010
0110100010
101001010
010101010
010101010
10001001010
01010101
010101001
101001010
0101001010
100010101
010100101
010100101
100100101
100101001
01010011
010100101010
0101001010
010101010
0100101010
1010100010
0101001010
010101001
01000101001
010101010
0101001010
010101010
1
0101001
0010101
010101010
0101010010
010101010
10000010
001001010
0100100010
00100100010
01011010010
10100101
1000100101
010101010
1001001010
1000101010
010101010
010101010
010101010
01010101
0101101
1010101
100010101
0101010101
10101001
0101001010
010101010
0101010010
010010010
1011001
01010101
001010110
1010110
10010101
1010010100
010101001
0101100101
01010101
01010101
01001010010
010101010
00100101
1010100001
0010101
100100101
0101010
010101010
010101010
10101010
10010101
101001001
00100101
1010101
001010101
0100100101
00101010
001011010
00101010
0010010001010
101001010
010101010
01010101
0010101
010101010
010101010
1010101
01011001
01001010
100101010
0000001010
0101010010
010101101
010010101
010010101
010101011
010101010
0100100101
01010001
01010101
01010101010
00101001010
0010000100
0010010100
010101010
010101010
000001100010
100101010
10010101
10100001
100101010
00101010
001001010
101001010
01001010
0010100010
101001010
0010110010
10001010100
1010101010
01010101
01010101
01010101
10010101
0101001
1010100
001000101
00101010101
01010101
000010101
100101010
10101010
1010101
001000101
10100101
01000101
010001010
010101010
10101010
01010101010
10010010010
10001010
10101010
0101001010
010101001
010100101
010100101
01010101
010101010
010101010
01010101
01010101
010101010
0101001010
010001010
010101010
00101010
010101010
010100101
1010101
010101010
01001010010
10001010
010101010
001010101
01010101
1010101
00100101
0010101
010101001
001010010010
0101010
01010101
1011101
01001010
010101010
01010101
01010101
10101010
00101010
1010101
010100001
1010101
10010001
1010010101
010100101
1010101
010100101
00110011
101010101
01010101
010101001
010101010
010101010
01010101
010101001
010000101
10010011
001001001
1011001
10100010
10101010
100110101
01010101
00101010
010101010
0100101
010100101
010101010
010101010
1010101
0010101001
101010010
1010101
1010101
10001101
100100101
01010101
10010101
1010010
01010101
10100101
0010101001
0010101
1001101
010010101
0101001010
01010100
00100101
1010101
1010001010
010101010
0100101010
0000101010
10001001
001010101
0100101
01010101
01010101
01010101
0011001010
01001001010
0101010
0010100010
10101010
00001010010
01010101
01010101
1010101
10010101
0010101010
10101001010
010110010
010010010
10100101
00101001
0101001010
0101001010
010110101
010100101
01101010
0100101010
0010001010
0101001010
101001010
100001010
0101010010
0101001010
01010101
010100001
00101010
10001010010
01010101
1010101
0101010
0101001010
010101001
01010101
010101010
01000010
10010100110
10100100110
101010101
1010100
00110101
0010001001
01010101
01010101
001000101
0100100101
01001101
010010101
01010101
01010101
01010101
010100101
0101001
010100101
01100101
00110101
0010001010
01010010
010101
1001010
100101010
010101010
100101010
0101001010
010011010
010101010
1010101
010010101
101101001
0010101
1010001010
1001010
01001
1010101
0010101
0010101
10101001
01010101
0001101
110010101
010100101
10001101
0001010100
1010001010
10101010
00101010010
1000101010
0101001010
10010101
01010101
100010101
1010101
1010101
0101001
1010010010
001001010
00101010
0010001010
010101010
000101010
001010101
01010101
01100101
101010000
010101010
10101010
00101010
0010001010
001010011
0010100101
0100101
010101001
0101001010
0101001010
0100100101
10101001
0100101010
00101010
0100101010
01010101010
0101010
010101010
01001010
010001110
010101010
00101010
0100101010
100101010
001010101
01010101
1010101
1010101
0100101
01010101
011001010
0100101010
101001010
0010001010
010100101
01010101
100100101
001001001
10001000010
010001010
10010101
1010001001
0010101
01010101
0010101001
010010101
0101010000
010101010
010101010
100101010
01010101
10100101
01001010
00110001010
1010101010
0101010010
010101010
101010010
0100101
1010101
010101010
001001010
001010010
00101010010
000101010
01100010
1010001010
01000101010
10001010
010101010
10101010
101010010
010101010
010101010
1010101
0100101
1000101010
10101010
010010010
01000010
010100010
010001010
0100101
1010101
01010101
01010010
00101010
10101010
0101010
100101010
1010101
1010101
10001010
001001010
01010101
1010101
10100010
101001010
01010101
1010101
01010101
01001101
01001010
00101010
1001010
100001001
11010100
0010101
0100101
01010101
01011001
010010101
010101010
101001010
0000101
010010001
01010101
01010101
1010101
1000101
10101010
10010010
0100101
1010101
10001010
101001010
0010010101
1000100101
010101001
0101010101
010011010
011010
1001001
01010101
0101001
0010101
100001100
01010101
1010101
01010101
1000101
100010101
01010101
1011010
0100101010
010101010
001001010
1010001010
10001010
10101010
00101001010
010101010
10100101
0100101
0010101010
001001010
1010101
1010010001
010101010
010101010
00101001
01010101
1011010
101001010
010101010
010101010
010101010
0010101010
0010101
01010101
010010100
010001011
001010001010
010101010
10100101
1010101
01000101
01010101
0101001010
010101010
1010101
010100101
0100101010
00101010
010101010
0101010010
00101010
10100010
1000101010
010101010
1010101
1010101
1010101
0101001
01010101
010001101
01010101
01001101
0010100010
10101010
10101010
10110010
1010101
10010101
1000100010
0100101010
00110101
1010101
100101010
0101001010
00110101
01001101
100101
0010101
01010001
0100101
010010101
01010101
10010101
0110101
101001010
101010010
010101001
11001001
1000000101
00100011
010101010
10101010
001010101
010010101
01001101
01010101
010101010
001001010
0101001
0101001
1010010001
010010101
1000101010
100101010
010100101
01010010101
10001010010
0101001010
0010101
01010101
01010101
010100101
101011001
0101010
01010101
010100101
010000101
01010101
0010101
010100101
010101001
01010101
0010110
10101010
0010101
100101001
0101010101
0100101
010100101
100101001
10101010
101001010
000101001
0110011
0101101001
00010101
10101010
101001010
01010101
01010101
0100110
0010010010
0010010010
1001001010
001010001
01011101
0010101
1010101
010101010
10101010
1010101
10010101
01010101
101010001
0100101001
0010101001
0010101
010100101
01010101
01001101
0101101
01010101
1010101
01001101
101001010
0001010010
010100101
001010101
01010101
10100101
10101010
010101010
101000101
01000101
010101010
10010010
010101000
10100101010
010101000
101010101
01001010
10101010
001010001
010100101
01001010
00101010
01010101
010010101
100010101
1010101
010001010
010101010
10101010
10101010
0101101
10010101
010110010
001010010
0100101001
1010101
1000100100
01010011
010101010
0010101010
1010101
00100001001
1010101
0011010101
00101010
10101010
001010101
000101001
01010101
01001001
10101010
0101001010
1010101
10101001
01010101
011001001
01010101
1010100
0000001001
01010101
010101010
10001010
0100101010
010101010
0010101
01010101
010100101
01010101
1010000
0100101001
010101010
010101010
1010101
0101010000
1010010
0010101
0101010
0101010010
01010101
01010101
01010101
010101001
1000101
00110101
1001001010
010101010
10101010
01000101010
101010001
1010101
10001010
101001010
10001010
010100010
1010101
001010101
01010101
00100101001
01001010
010010101
10101010
011001010
010101010
10001010
0101001010
100101010
100010101
010010101
010100101
101000101
010101010
1001001010
011001010
010101010
10101010
10000101010
1010101
1010101
010001001
010100101
00011010
0101001010
0010101
01010100
101010101
01010101
100010101
01010101
01010101
001010101
0100100100
001010101
01001010
0101010010
0100110001
0101010001
01010101
01100101
01010101
0010010101
010010101
10010101
1000101010
01001010
010101010
01011011
001010101
01010101
10010010
00001010
0101010010
010101010
010101010
0010010010
1010101
001010101
01010101
0100010101
1010101
10010010001
10001100101
01010101
1001010010
010101010
000010101
10101010
0101010010
0100101010
11010101
00101001
01010101
01010101
1001010010
00101010
00010101
1010101
010011010
100100010
1010010
10101010
10101010
10101010
0101001001
01010101
010100100010
000101010
0101010
10010010
0100100101
1001011
100000101
100100101
01010101
10100001
010010101
0100101
010101001
0100101
1000101010
010101010
01010101
01010101
010101010
101010010
01010101
0100101
0100100101
010101001
0101010
0010101010
10010101
00101011
010101010
010110010
010010101
010001001
0100010010
1010100010
0100100101
01010101
10010101
01010101
0010101010
010101010
010101010
100101010
01010011
1010101001
1010101
0101001001
0010001010
10101010
010101
01010101
10010010
10010010
01010101
001010101
0100101
01010101
100101010
010001010
010101010
0101001010
010101011
10100101
101101010
0101001010
0100101001
010010101
101000101
1010101
010100010
00100101010
001001001
010100101
010101010
01000110
0100101010
00101010
01010101
010101001
1010101
01010101
010101010
00101010
10101001
0010101000
010100101
0010100101
00110101
010010101
0010100101
0101001
010101010
001001010
010010101
010100101
01000001010
010101010
0100101010
000101010
1001001010
0100101010
10101010
0101010010
01010101
10010010
00101001
01010101
001101010
000101010
0010010010
00101010
001010010
0010101010
1010101
010101001
010101010
010101010
10010100
01010101
0101000101
01001001
010101010
00101010010
010101001
01010101
01010101
01010101
10010001010
00101010
0010101010
0010
010101010
0101010010
101001010
010101010
10010101001
01001000101
1010011
01010101
010001010
010101010
1000100101
10110001
1001010101
10101001
01010101
010100101
10101010
010101010
0101000101
00110101
0100101
1010101
0101000010
0010101010
01010101
01010101
01001001010
01010001010
10101010
10000010
100101001
01001001
010001100
01010101
100000101
010010101
010100010
10100010
01010101
01010101
010101
010010101
10100101
0010101
0100101001
100010101
011001010
010101010
11010101
0010100101
10101010
000100110010
010101010
010101010
0010101010
01100101
010101010
010101010
010101010
010101010
010101010
010101010
001010101
010100101
001100101
0101001
101000010
00010101010
1001001001
010100101
01010101
10100101
0100101010
1001001010
01000100010
000001010
01010101
1010101
1010101
010101010
0101010010
1000110010
0101010
00101001
010101010
001001010
00000010010
010101010
1011001
01011001
1010001010
0100101010
101000100
01001010010
010101010
010101010
010000101
010010101
001001010
0100101010
010101010
010100010
10101010
00101010
1010001001
01010101
010101010
01001010
101010101
1010101
010101001
01001101
01010101
0101010001
01010011
1001010101
010101010
0100100010
0101001010
100101010
10101010
10101010
10010100101
010101001
1010101
1000101001
10100001010
010101010
01010101
0101001
1000001010
010101010
010101001
0010101
0100101010
0010100010
010110
0101010100
10100010
010101010
01011101
01010101
101001010
00101010
101000101
010000101
00101001001
0100000101
101010100
10010101
100101010
10101010
010101010
01001010
010101010
010101010
01010010
0010001010
01010101
00101010101
1000101010
10101010
101001010
010100100
010010101
010100101
1010010001
01001001
01010101
01010011
0101010101
01010101
0100110101
010110001
1001001001
001010101
001010101
01010101
0100101010
010101010
100100101
10010101
1010101
01010101
01010101
01001001
1010101
0100101001
01010100010
100010010
01001010
10101010
10101010
1001010010
00010101001
010101001
10101010
010101010
010100101
1010101
0100101010
01011010
0101000101
01001001010
101001010
01011010
01000011
01010101
10101001010
01001010
01010101
01000101
101010
10010101
001001010
011000010
010010010
0100100010
1010101
1000100100
01010101
010101001
001010101
01010101
10100101
010100101
00110101010
00101010
10101010
010101010
0000010101
10000101
01101001
1010101
1001010100010
0100101010
1010010010
010101010
00101001010
10100101010
010101010
0010001010
01010110
010101010
0101101
010110001
010101010
00101010
00101010
010101010
0110101
100010101
010101010
0101010010
10001010
010101010
010101001
1000100101
10101010
01001010
010101001
1010101
10101010
10101010
01010101
01010101
0010101
01010101
01010101
1001101
0101001
010101
01101101
010001010
01001101
01010101
010101010
1010010
10100110
001001010
00100110
101001010
1001010100
0010101010
0101001010
010101010
0010010
101001010
100101001
01010100100
01011001
1010101
010100001
010100101
01010101
100010101
010101010
101001010
01001010
010101010
01010101
01010101
0101001010
011010010
0001010010
00101010
01010101
010100101
10101010
011001010
01010101
0110101
010100001010
0100100010
00010101
10001101
1010101
1010101
01010101
010101001
0101001010
0101010010
0101010010
01001010010
10100101
01010101
010101010
010101010
010010101
01010001
0100101010
010101010
1010101
01010101
1010101
100010101
010101010
01001001010
10010101
10000101
0101101
010101001
010101010
10001010
010101001
01010101
10010101
01010101
0101001010
010101010
0101001010
101010010
100100101
100101
10100010010
0101010
0010101
010101001
01010101
01010101
010101001
10001001
01010101
01001001
010101010
000101010
010101010
0001001010
01000101010
0000101010
10101010
10101010
01010101
101010101
00101010
0101010010
0000000100010
10100101
0101010010
0100101010
100010101
010100101
001001010010
0100101010
0101010101
001001001
100000101
0100101
10101010
0101010010
010101010
010101010
010101010
0101010010
010101
0000101001
10101010
01000101010
100101010
010101010
1010010
01001010
10001001010
1001001010
101010100
010101001
10101010
0010100010
010001101
0110101
10010101
1010101
0000101010
00100010
010101010
0010101010
0101010
001101010
10101010
010001010
0101010101
0010101
01010110
01010101
01000101
0010000101
0010100010
1001010010
100100100
0100101010
0010101001
010010101
1000010010
01001010010
0100101010
10100101010
0001010010
0101010010
010001010
01010010010
010101010
0101101010
0100101010
10010100010
1000101010
01001010010
1010101
001001001
010101001
010100101
10101010
010101010
010101010
010101010
10100010
001010010
01010101
010100101
010010101
0101010101
10011010
10010010010
1001010010
010101010
100100101
010100101
01000101
01010101
01010101
01010101
01001101
0101100101
100101010
00001010010
011001010
0101001010
10101010
100101010
10010101
1010101
01011001
01010101
001001010
10101000
010100101
0101001
010101010
010101010
01010101
1010101
1000001010
01001001010
1010101
010101010001
0100001010
10101010
010010101
10100100101
101010010
01101010
1010101
01010101
01101010
010101010
010010101
1010101
10101010
010100010
0000101010
10101010
1010101
00110101
010101010
10001010
0010101
0010101
000101010
0010001010
011010
10101010
010001010
100101010
10101010
01010010
001010101
1010101
01010101
010101001
010101010010
010101010
100110010
010101010
10101010
100101010
10101010
0000101010
00100101
01010100101
0101010010
100101010
0100101
0100101001
010101010
01001010
00100101010
010101010
01010101
10101001
010011001
10010101
0010010001
0101010101
01010101
01010001
001001010
010101010
00101010
100100010
01010101
01010010
010101010
00101010
10010101
01010101
1001101
100100101
1000110001
011010101
011001010
0010001010
1010110
01010101
1000101
010101001
0101001010
010100010
001001001
01101001
10010101
01010010101
10101010001
01010101
01001010
10100101010
101001010
010101010
010101010
0101010010
0010101
010010101
10101010
1000101010
01010101
1010101
0101010101
00110101
0100101010
10101010
1000101
0100101
010010101
1010101
10011101
01010101
0010101010
010101010
100101010
0101001010
100100010010
010101010
1001010010
10101010
1000101010
1001010010
00101010
100101010
00101010
00001010
10101010
1010010110
10101010
100101010010
101001001
01010101
010101010
010101010
010101010
010101010
10101010
01001010
1001001001
100001010001
01010101
01010101
1000101010
1000001010
010101010
0101010010
100010101
01010101
010101010
101001010
0100101010
010101010
1010101
010100101
010100100010
10101010
0100101010
00110010010
001010101
0100101001
01010011
010100101
0101010010
011101010
000101010
1000101010
0101011
100010001
010010010
010101010
100001010
10000110
01010101
100100001
1000101001
01010101
00101010
00001010010
01010010101
010100101
01010110
100100101
010101010
100101010
100010101
011000010
1010100101
010100100
01010101
00010101001
1010101
0001010001
011010101
010010101
0100101010
0000101010
10101010
101001010
10100101
01010101
01010001010
10101010
01010101
0010101
0010101
01010101
1000101
01010101
010101001
101010100
01010101
01000101
10100010
1000101010
10010101
010100101
100100101
0001010101
010101010
1001010010
1010101
00101010
010101010
10101010
01001010
0111010
1010101
10000001
1010000
10100101
0101010001
0101001001
1000101010
010010110
00100100101
010101
010010101
1010101
010101010
00101010
10101010
010101010
1010010
1000101010
00101001
010101001
1010101010
001010010
00101010
01001001010
1010101
010010101
010101010
00100101010
010100101
10010101
010101010
010101010
010101010
000101010
1010101
001000101
101010010
101010010
101010010
0000101010
010101010
00101010
10101010
10101010
01010100010
010101010
0110001
0001010101
010010101
01010101
010101010
010101010
01010101
0010100101
100100101
000101001
010101010
01011010
001010010
0101001001
1010001010
100101010
01010010100
010101010
010101010
000101010
010101001
010100101
100010101
010101001
010010011
10001001001
0101010
10100101
0010101
010110101
010010101
1001001
000010101
010010101
01010101
0000101001
0100101010
010101010
1010101
01001010001
1000101010
10001001010
