01001010010
10010011010
0100101001
100101001
001010010
0101010
001010010
0101010010
01010010
100100010
10101010
10000010010
10001010
0010001010
11001010
010101010
011010010
10101010
1010101
0101010100
100101010
010010010
01010010
100101001
100101010
01010110
0100001010
101010010
01010101010
10110010
010010101
100011001
10100101
100010101
0100101010
10101010
0001010010
010101010
0101000101
1010010001
010010111
1010101
010100011
10010101
1001001001
000101000101
0100101010
1000101010
010101010
10101010
0010101011
10000101
01001101
0010100101
010011001
1000101011
010101010
1001001010
0101001010
010101001010
10010101010
010101010
00100101
010010101
0100110
010101010
10101101
01010101
01010101
001010101
010100101
010010101
0101101
01010101
0010010101
0010010101
01010010010
0001001010
0010100101
00100101
10000101010
101001010
