0000101010
0101010010
10010101
0010010101
010011010
01010101010
010010101010
000101010
001010101
010100101
10100101
00101010010001
10010101
100101010
00101010
001001000100
010101010
1001001010
001010101
100010100
001001001
0010101001
0000010101
001001010100
1001010
10001010
10100010
100101010
10101010
000101010010
1001001010
01010101010
010101010
0100101010
1001100101
01010101
00100101001
00100101001
010101010
0101001010
0010010010
1001100010
01010101
0010101001
0000100101
1010010101
000110010
0100101010
01010100010
00101100010
10101010
01000100010
10001010
1010100
0000100101
010000110100
0010010101
000100101
001001010
01010100010
1000010101
0001010100
001011001
0010101001
0100101001
0101010101
0100100100010
0101001010
01010100101
01100101
10100101
010100101
10101001
00100101
01001010010
010101010
101001011001
01010010001
0101010
001000110
0010101010
10010010100
10101001010
00101001010
10001010101
1000010010
0010101010
0001010101010
1010101010
010010101
01001010
01010100
1000010010
10010101010
001001100
100100101
0101001010
100100010
100010100010
01000101010
0010001010
0101010010
010101001
01010101
01010101
010010101
1000101010
001010010
0001001010
10101010
01001010101
010100010
00100000101010
01001010100
00100101010
00101010
010101010
01001001010
00010001010
0101010010
101001000101
0010010101
1001001010
010100100
10000100101
10101001
01010010010
0101010010
0010001010
101010010
10100010
010001001010
001001010
010101010
01010101010
10101001
10100100100
101001010
0100010110
001001010
1000010101
01010101
10101010
1010001010
0100101010
0101001010
11001010
010010010
10000101010
010101010
1010101001
010101001
0101001010
1010100010
0101001010
010011010
0100101001
01010010001
0101001010
001000100010
100001001010
010101010
010101001
01010101
1010100100
010010101
10010010010
001001010
010100101
010101001
010010100
010100101010
010101010
01010100010
0100100110
00100101010
01010110
00010101010
0101010100
010110110
010101010
01000101010
0101001010
1010101010
0101110010
01001010010
00101010010
01001010010
10010100010100
0011000001
010101010
10010010010
010101010
0101001010
1010100010
0100101010
100101010
0101010010
01010010110
00100101010
0001010101
01010101
0101001010
00101010010
10100101
00100101001
010100101
001010101
1010001010
100101010000
0101001001
0010100101
1010010010
11010010
010101010
00100001010
010110101
010101001
01010101
010101010
10101001010
101010010
010011001
01010101
0101010101
010010101
001010010101
0101010101
00100100
010101010
100101010
010101010
10110101
00101010101
0101010101
00010101
01001010
010101010
010010100100
0101010100
00010101010
0100101010
