0001010101
00100101
010100101
010100101
10101010
01010101010
001010101
010101101
0010101010
1010101010
01010101
010010101
010101010
001010110
01001010010
010101010
1001010
01011001
101001010
0010001010
010100101
010100101
0010101010
00101010
1000001010
100010101
000110101
100010101
010100101
0010010101
0100000010
10101001010
10100010
0101001010
1001000010
01001010010
01010101
101001010
101001010
0100001010
100101001010
0101001010
0001001010
010101010
101010010
010101010
010101010
010101010
1000101010
01101010
10010100010
10101010
010101001
01010101
001010101
001011001
00101001010
1010001010
010101001
0010010101
1010001010
010101010
001000101
010100101
001010101
0101001001
010101010
00101010
01010101
0101001001
01010101
01010101
0101001001
0101010001
010101010
100010010
001010101
010011010
0101010010
1001010010
10101010
0011001010
01010101
10100101
010101010
0000101010
01001010010
001001010
000101010
01001010010
001010101
0010001010
00101010
010101010
010101010
100101010
010101010
00101010010
001010101
0010100101
01010101
0010010101
0101010010
00101001010
00101001010
01000011010
0010010110
010010101
001001001
0101010001
010010101
1001001
010110101
1001001000
010101010
1010101010
101001010
010101010
0010100101
01011001
01010001010
10100010
10100101
010100101
1010001001
001000101
01010010000
0100101010
1001001010
11001010
10101010
000010010010
010100101
010010110
010010101
10100101
100100100
01010101
010010101
0010101
01010010
10101001010
1001010100
1000010101
