01010101
01010101
01010101
01010101
010101010
100101010
1001010010
100101010
01010101
01010101
01010101
10010101
010101010
010101010
010101010
010101010
00101001
01010101
01010101
10010101
01010101
10100101
01010101
01010101
010101010
010101010
01010101
01010101
01001101
01010101
01010101
01010101
010101010
010101010
01010101
01000101
00101001
01010010
01010101
01010101
010101010
010101010
101010010
010101010
10100101
01010101
010101010
010101010
010101010
010101010
010101010
010101010
010101010
010101010
01010101
01110101
01010101
01010101
010101010
101001010
010010010
100101010
010101010
010101010
010101010
010101010
01010101
00010101
01010101
01010101
010101010
010101010
010101010
010101010
010101010
010101010
010101010
010101010
01010101
01010101
010101010
010101010
01100101
01010101
01010101
10101001
010101010
100101010
001101010
010101010
01100101
01100101
01000101
01010101
010101010
010101010
010101010
010101010
01010101
01010101
01100101
01010101
01010101
01010101
010101010
010101010
01010101
01010101
10100101
01010101
01010101
01010101
01010101
01010101
01010101
01010101
01010101
01010101
00110101
01010101
010101010
010101010
010101010
010101010
01100101
01010101
01010101
01010101
01010101
01010101
01001001
01010101
10110101
00110101
010101010
101001010
01010101
01010101
10100101
10010101
01010101
01011001
01010101
01010101
010101010
010101010
10010101
01010101
01010101
01010101
01010110
01010101
01010101
01010101
010101010
010101010
01010101
01010101
01010101
01010101
010101010
010101010
01010101
01010101
01010101
01010101
01010101
01010101
01010101
10100101
01010101
01010101
01010101
01010101
01010101
01010101
01010101
0101011
010101010
010101010
010101010
010101010
010110010
10010101
01010101
10010101
01010101
01010101
010001010
010101010
01010101
01010101
010100101
01010101
01010101
01010101
01010101
01010101
010010010
010101010
010101010
010101010
010001010
010101010
01011010
10010101
01010101
01010101
01010101
01010101
01010101
01010101
01010101
010101010
01010101
01010101
01010101
01010101
00101001
01001101
00110101
10010101
01010101
01010101
010101010
010101010
01010101
01010101
00100101
01010101
01010101
01010101
01010101
01010101
010101010
010101010
01101101
01010101
01010101
01010101
010101010
010101010
010101010
100101010
010101010
010101010
01010101
01010101
01001101
01010101
010101010
010101010
010101010
100100010
01010101
01010101
10100101
01010101
01010101
10110101
01010101
01001101
001101010
010101010
100101001
10100101
01010101
01010101
010101010
010101010
010010010
01010101
10100101
01010101
10100101
01010101
01010101
01010101
010101010
010101010
01010101
01010101
01010101
01010101
01010101
10010101
01010101
01010101
10010101
01010111
001011010
010101010
10100101
01010101
01010101
01010101
01010101
01010101
01010101
01010011
01010101
01010101
01010101
01010101
010101010
0101010010
01010101
01010101
01100101
01010101
010101010
010101010
01010101
01010101
01010101
01010101
010101010
010101010
100101010
001011010
10110101
01010101
001101010
010101010
010101010
010101010
01010101
01010101
01010101
01010101
01010101
01010101
10101001
01010101
01010101
01010011
0101010
01010101
010101010
010011010
01010101
11010101
010101010
010101010
01100101
01010101
01010101
10010101
10100101
01010101
010101010
010101010
010010101
01010101
01010101
01010101
010101010
010101010
010101010
010101010
01010110
01010101
010101010
010101010
01010101
01010110
010101010
010101010
01010101
01010101
01010101
10011010
01010101
01100101
01010101
01010101
10100101
01010101
010101010
010101010
010101010
010101010
010101010
010101010
010101010
010101010
010101010
010101010
01010101
01010101
010101010
1000100010
01010101
01010101
010010101
01010101
01010101
01010101
01010101
01010101
010101010
010101010
01010101
01010101
01010101
01010101
01010101
01010101
01010101
01010101
010101010
010101010
010101010
010101010
01010101
1100101
01010101
01010101
010101010
010101010
010101010
010101010
010101010
011101010
10100101
10011101
01010101
01010101
010101010
010101010
10100101
01010101
01010101
00100101
01010101
01010101
10100101
01010101
010101010
010101010
010010010
010010010
01010101
01010101
010101010
010101010
01010101
01010101
01010101
01010101
10100101
01000101
010101010
010101010
01010101
01010101
01001001
01010100
010101010
010101010
01010101
01010101
010101010
010101010
01010101
01010101
01010101
01001010
00101011
01010101
0110101
01010101
01010101
01011010
010101010
010101010
001010010
010101010
01010101
01010101
01010101
01010101
01010101
01010101
01010101
00101101
01010101
01010101
010101010
010101010
01010101
01010110
01010101
01010101
01010101
01010101
01010101
01011101
01010101
10100101
010101010
100101010
01000101
010010101
01010101
01010101
01010101
01010101
01010001
01001101
01010101
01010101
01010101
01010101
01010101
01010101
01010101
01010101
01010101
01010101
010101010
010101010
010101010
010101010
01010101
01010101
010011010
010101010
010101010
010101010
01010101
01010101
01010101
01010101
010101010
001001010
01010101
01010101
101001010
010101010
010101010
010101010
01010101
01010101
01010101
01010101
100101010
010110010
010101100
010010010
01001101
01010101
101010010
100101010
01010101
01001001
01010101
01010101
010101010
010101010
01010101
01010101
01010101
01010101
010101010
010101010
01010101
01010101
010101010
010101010
01010101
01010101
010101010
010101010
01010010
01010101
01010101
01010101
01010101
01010101
01010101
10010101
01010101
01001001
010001010
100101010
11001010
010101010
10101001
01010101
01010101
01010101
010101010
010101010
01010101
01001101
010101010
010001010
10100101
01010101
010101010
0100101010
010101010
100101010
010101010
010101010
010101010
010101010
01010101
01010101
100101010
010101010
01010101
01010101
01010101
10010101
10010101
01010101
01010101
00010101
010101010
100101010
010001010
010101010
01010101
01010101
10100101
01010101
01010101
01010101
010101010
100101010
01010101
01010101
010101010
010101010
01010101
01010101
01010101
00110101
010101010
010101010
01010101
01010101
010101010
010111010
0100101
01010101
01010101
01010101
01010101
01010101
01010101
01010101
01010101
01010101
010101010
100101010
01010101
01010101
01010101
01100101
01010101
01010101
01000101
01010101
01010100
0100101
01010101
01010101
10011001
10010101
01010101
01010101
010101010
010101010
01010101
1110001
010101010
010101010
010101010
010101010
010101010
001001010
010101010
010101010
010101010
010101010
01010101
01010101
10010101
01010101
010101010
010101010
10100101
01010101
01010101
010000101
00110101
10100101
010101010
010100110
01010101
01010101
010101010
010101010
010101010
110001010
01010101
01001101
010101010
010101010
01010101
01010101
010101010
010101010
01010101
01010101
01010101
01010101
010101010
0100101010
010100010
010101010
00100101
01001101
010101010
010101010
010101010
010101010
10010101
01010101
010101010
010101010
01010101
01010101
01010101
01010101
01010101
01010101
011000101
01010101
010101010
010101010
010101010
010101010
010101010
010101010
01010101
01010101
010101010
010101010
10100101
01010101
01010101
01010101
010101010
100101010
010100010
001101010
010101010
010101010
01011001
10010001
010101010
100101010
010101010
010101010
01010101
01010101
01010101
01010101
01010101
01010101
010101010
01011010
010101010
010101010
0101001010
010101010
01010101
01010101
010101010
010110010
01010101
01010101
010101010
010101010
0110101
01010101
01010101
01010101
01010001
01010101
010101010
100101010
01010101
10010101
01010101
10010101
010100110
010101010
010101010
010101010
01010101
01010101
01010101
01010101
010101010
010101010
01010101
00110101
010101010
010101010
010101010
010101010
010001010
010101010
010010010
010101010
01010101
01010101
01010101
01010101
010101010
100010010
01010101
01010101
01010101
01010101
01010101
01000101
10010101
01010101
01010101
01010101
010101010
010101010
01010101
01010101
010101010
010101010
010101010
100101010
0101001010
010010010
00010101
01010101
010101010
010101010
01010101
01010101
01010101
01010101
010101010
001101010
01010101
01010101
01001001
01010101
010101010
100101010
101010010
001001010
010101010
010101010
01010101
01010101
01010101
01010101
01010101
01010101
10101001
01010101
010101010
010101010
01010101
01010101
010101010
010101010
1010010010
01010101
01010101
01010101
01010101
01010101
01010101
01010101
01010101
01010101
10010101
01010101
10100101
01010101
01010101
01010101
100101010
011001010
10010101
01010001
01010101
01010101
01010101
01010101
01010101
01010101
10010011
01010101
010101010
010101010
01010101
01010101
01010101
01010101
010101010
010101010
010101010
010101010
010101010
010101010
010101010
010101010
010101010
010101010
010101010
010101010
010101010
010101010
0101010010
010101010
