010100100
01010010
01001010010
10101010
01010101
010010101
1001000010
10110010
010101010
101001010
10001010
01001010
0010101
10110010
01011001
0100100101
01001010
011010010
100101010
100101010
0101010010
10101010
0010101010
010101010
010010010
0011001010
010010101
10100101
01010101
001010101
010010010
001010010
100101010
010101010
0100101010
101010010
10010101
01010101
1010101
101011001
010010101
0101010101
0101010010
010101010
010101010
011010010
1010101
1010101
100100010
0101010010
1010101
10101001
10101010
10101010
100100101
10100101
101001010
010001010
01010101
01010101
0101001001
1001001
10110010
01101010
0101010010
10010010
001001010
010101010
010101010
0100101010
1010101
010101001
01011010
10101010
010010010
0101010
100101000
00101101
100101010
100010010
10010001
0101001001
1001010010
100010010
101010010
1010101
001001010
1010010101
0101010010
1010010
1001001001
010100101
10101010
10010010000
0100101010
010101010
01010101
00101010
01010010
001010101
10010101
1010101
0010101
10010101
010101001
01011001
1000100101
011100101
01010101
01010101
010101010
010101010
100101001
01010101
100101101
1000100100
0101010101
1000101
00100010010
100101010
01010001
01001010101
1010001010
010101010
010101010
0010010010
1010100101
0101010101
010101010
100001010
10001001010
01010101010
0100101010
01011010
101001010
00101010
01001001001
10100101
0101010010
010110010
0010101
10010101
01010101
0101001
010101010
101001010
010101010
010010
01010101
0101001
0101001010
0101001010
1010101
10010011010
010100101
1010001
01010010
10101010
010010101
100100101
0100101001
10010100100
010101010
01001010
010101010
00101010
0001001010
00110010
0100110010
0101001010
100100010
010010101
010010010
0101010010
01010101
1000101010
0101010
010110010
010010101
1010101
10000110
010101000
0010101
0100101
1010101
01011000
100100101
100100101
0101010001
001000101
0010001010
01010101010
0010001010
010101010
10010101
1010101
001001001
010101001
1001010
01001010010
101001
0101010001
00100101
010010101
0100101010
1000101010
10101010
0010101010
00100101010
100101010
10101010
100101010
010101010
01101001010
1000101010
010101010
10101010
1001010
010101001
100010101
100001010
01001010010
001010010
00101010
011001010
010101010
01010101
1010101
01001101010
1010010
001010010
10100110
101000101
0101010101
1001000010000
10000100001
00101001010
010100110
010101
10100101
010101010
0101010010
101001010
010101010
0100010010
10100101010
1000010010
010101010
100101010
101001010
00101010
10101010
01010010
101001010
10001010
01101010
01011010010
010101010
010100101
00101001
010011010
10101010
0101010010
100101010
01001001
10100101
01010101010
0101010010
0010101010
10101010
10100101
10000101
0010101
0010000001
10101010
010101010
0010010101
1010101
010101010
10101010
1010101
01001101
1010010
0100000010
10101010
10101010
10001001
010101010
0101010010
1001001
01010010
100010010
01010101
010011001
010010101
01000101
00101001010
10001001010
0101010001
0101001001
1010101
001010001
010101010
101001010
1010110
101001001
101010101
10010001
01001010010
0010101010
010101001
0010010101
01010101
101001001
1000101010
10100101
1010101
10010101
0010001010
010010010
01010010
010101010
0111011
1000101001
01010101
101001001
001001010
100101010
0100010101
01010101
011000101
010010101
0100100010
010101010
001101010
10000101010
1000001010
00011001010
01100101010
0001010010
1010010
1000101010
01010101
001010101
1001010010
101001010
010101010
1010010
1010101
0010101
010010010
010101010
1010101
0101101
010101010
100101010
0010101010
1000101010
10101010
10101010
1010101
01010001
0010101010
10101010
0101001
001010000101
0101001010
0101010010
1010010
100101010
01010101
101000101
1010101
10010101
010101010
10100010
01010101001
01001001
011101010
00101010010
010101001
1000100001
010100101
01010101
1010101
1000010101
01001010010
10101010
00101001
010110101
0101010010
0101010010
010101010
100010110010
01110101
10100101
1010010
1010101
010101010
00010100010
101010101
01010101
101000101
01000100101
10110101
100010101
0100101
01010101
0010101001
1010001
01010110
10100101
000101010
011010010
1000101010
010101010
001010010
0101010010
0101010010
1001001010
01100101
010010101
1010101
000010101
101010010
1010010
