101001010
1010101
00101010010
100001010010
01010101
0001010101
10101010
0101010010
10010101
1010101
10010010
101010010
10100101010
001001001010
100010010
01001010
10100101
0100100101
01010101
0010100101
00101010010
01000101010
01000101
010100101
10100101
1010011
1001001001
100010101
10101010
0100101010
010101010
10011010
100101001
0101011
10100101010
0010101010
10000110
100101010
100101010
001010010
010100101
10010101
01010101
101010101
10101010
1001010
0101010010
00101010
0101010010
0101001010
1010101
01010101
0001001010
00101010
010101010
0010101010
10000101
00101001
10001010010
00101001010
01001010
00100101010
00100101
1010101
010100101
01010110
000001001010
101001010
010101010
1000001010
01010101
010010011
0100101010
1101010
10000101010
100101010
00100010101
001001101
0010001010
01001001010
010101010
010101010
010101010
010010010
1001001010
101010010
00100101010
01011010
1010010101
0100101
01001001
01010101
010101010
010010010
1010101
1000010101
00001010010
0100101010
10010101
0010001001
10010010010
0010101010
10100010
010101011
01010010
0100101010
001000101
01010101
01010101
1001010101
10010100010
01001010
100010001010
010101010
0101001010
010101010
0010010101
1010101
0010010010
101001010
010110
01010100
0001001001
100101001
10000101
0110101
1001010
101000001
101010001
010101001
0101010
101001010
01001000010
010101010
010010101
10100101
1000101010
010101010
100101010
00101010
101010
101001001010
00101010010
10101010
101010010
100010001010
10010001010
0100101010
0010100101
1001001
001010101
10010100
01010101
0100010101
01010101
0100100010
0101001010
10101010010
0101010101010
0101010010
010100100
1010101
1010010101
010100101
100101010
001101001
10100101
001010101
1001001010
101001000
100100110
0101010
1010101010
0100101010
1001010
010101010
01001010
01010010
10101010
100010010
100010101
01010101
1010101
1010101
00101010
01001010
0100101
000100001
01001001010
0101010010
010100101
10011001
10101010
00101010
0101011010
010001001010
00101001000
1010100001
11100010
1010001001010
0100100101010
0001001001010
0101001010
0101001010
1010010010
10101010
001010010
0101001010
101000010
0101001010
01010101
100100101
01001001010
0010101010
00010101
001100101
010101010
101001010
100010010
1010010010
00101000101010
1010010010
1010101
010100101
01010101
010101001
1010001001
1010101
0010001010
010101010
101001
000101001
1010101
0010010101
10010101001
10010101
01010010010
001000110
1001001010
0101101010
1010010101
010011001
100101010
101010010
010001010
001001010
100010101
01010101
010011010
00100101010
101001010
01010100010
0001010010
01001010010
01010101
01010101
00010100010
010001010
010101010
010010010
001000101
000101001
0101010010
010100010
010010101
101010101
0101001010
001101010
10010101
001001000101
100101001
100100000
0101010
001001010
0100100010
010101010
10101010
0100101010
100101010
100001010
10101001
01010101
10011000010
010101010
100100101
01001001
0010101
0010100101
1001010010
0010101010
01001001
10101001
1010010101
001001001
10000100101
01010101
0000101
10001010100
1000101
010010101
01010101
010101001
0101010
010101001
0101010010
001010010
00101001
10001001
01001010
0010101010
01010101
0101001
01010101
01010101
001010010
100101010
01010101
010010101
01001010
01010101
10110101
01010101
01010101
101010010
0101010001
1000100101
100101001
1010101
0101010101
0010101
10101010
1000101010
100010101
10101010
10100001010
01000101010
0101010010
0010101010
001010101
1010101
100001001
01010101
010100101
1001011
01010101
10100101
00101010
0101001
100010010
0100101010
010010101
01001001
01000010
10101010
01001001010
1001001010
001000010
010010100010
10001001
10010101
0010000101
10010101
0100101010
101010010
101010
01010101
001010001010
010101010
0101001010
10101010
00101010100
1001001
0101001010
010101010
0100100001
010010101
0101010101
0010010101
010001010100
10010100100
100100110
1001000010
1010101
1010101
0010101
10101001
10101001
10010101
10101010
0010100010
0010101010
0010101010
010101010
00101010
01010101
10100101
10101010
00101001010
01101001
101010100
000010101010
0101001010
01000101
100100001
10010101
01010101
01010101
1010101
101001001
00100101001
0101001010
010010100110
0101010010
010001010
0101010
10010101010
010001101
10100101
01010110
100010100001
10101010
0101001010
0100101
100010010001
101010010
1000101010
01010010
1010010010
010011010
01101010
0010001010
01101010
01001010000
010101001
01010101010
101001010
1011001010
0100101010
01001100100
1001010010
1100101
010101010
01010101
0110001000
1010101
01010101
01001010010
010101010
01010101
001101001
10101010
10000101010
100100101
0010100101
100110101
101010101
010001010
10000100100
0010100
100100101
01010101
10100101
010001010010
010101010
0101011
1010010
01101010
01010101
101010100010
10100101010
001010010101
10100101
100101000
1011010
0101001010
01001010100
01010101
0010100101
01010101
00101010001
100100101
10000101
0101001001
101010101
010010101
101001000
100100100
10010100
0101010101
01010101
01101001
0001101
1010010001
1010100001
0010010101
10100101
0100101010
010101010010
100101010
1000001010
0101010
1000101010
010010011
0010010101
01001001010
000010101010
100101010
100010011010
010101
1100101
01000101010
1010101010
10010101
01100101
010101010
011001010
10100101
01010101
0010101010
01101001001
0101010110
010101010
01010101
101010101
100010101
0001001001
0101001010
1000101010
10101001
01001101
000101010010
1000101010
0101010010
1001001010
010101010
011001001
001001010
0010100010
10001001010
010101010
10101001
101010101
010101010
01001001010
01010101
010100101
101001001
1010011
010101010
0010101010
010101001
0101010101
00101010101
1010101
00100101001
1010101001
1000101010
0010101010
010101101
0001010101
10100101
10100100
00101000010
0100100010010
10101010
010101010
0100101010
010101010
01010101
01000101
1010101
010010101
010010101
01001001
001010101
10100101
0100101010
001010010
0010001010
10101010
00100010010
0100101010
10101010
01010101010
0100101
0101010101
010101010
10101010
10101010
100101010
10010010
1001100010
10101010010
010101010
01010101
10101010
001010010
1000101010
10000100110
0100101010
0010101010
100101010
010100101
001010101
00101001
001010001
10100010010
001010010
010100101
0100101
10100101010
001000100010
1000110010
0100101010
0100101001
101001001
010011010
0001001010
0100010100
10100010
1000101010
010101010
001000101
01010101
010101010
1010111
1010010010
010011010
000011010
0011010
00101010
001010010
010101010
0101010010
100001010101
100100001
101001010
0101001010
101010001
010010101
100101010
10001010010
100101010
1001001010
10010101
01010101
0100100101
0100101
00100101
100100101
1100101
010010100
01010101
101001010
0100101010
010110010
010010101
00100101
100101
1010001
10101010
10101010
010101010
01001000101
1001001010
10101010
0100001001
010100101
0010101
10010101
001001001010
10010010010
0010100010
00001001010
0101001010
101010001010
01010101
001101000
10001001
010010101
0100100001
01010011
1001100010
010101010
01100101
101000001
001000010100
00101010100
100100101
1010101
10101
1101001
10101000110
0010001010
10010101
10010101
01010101
1010101
00100010100
01010101
01001010
001010101
0001010010
000101010
010101001
0100101
0101010010
10101010
0100101010
001001010
010010101
01010101
010101001
1010101
0101010010
1000101010
101011001
0101010101
10001010010
10101010
10101001
0010100100
01010001010
010101010
000100010010
00010000110
00101010
01001010
001010101
01010101
0101101
01010101
100100100
001010101
010010010
0000101010
101010001
010100101
0010010100
10010101
010101010
0101010010
0101010
10010001
010010101
01010101
10101010
10100010010
10100100101
010101001
010001010010
1010001010
101010101
01010101
1010101
010100101
011001010
10010101010
001010010
100101010
10100101001
0101001
0010010101
10010110
0100100101
1010100101
010101010
01010110
1001001010
010101010
01001010
01001010
001000101
001001001
001001001
01010101
01001010
01001010110
001001001
001010101
00101001010
00101010
00100100010
0001010110
0101001010
010101010
0101001
1010101
10100100
10010101
01001101
1000010101
010100101
101010100
001010101
0100101101
010011010
10010101010
1001001010
0000101010010
010101001
01010101
0100101010
0001010010
0100100001010
10001001010
0110101
010101
10101010
01101010
010101010
010011010
1010101
100101001
10001010
010101010
1010100
101001001
0101010
000101010
01010101
10001001
01001010
10101010
100100101
010100101
01010101
0010010100
10101010
100010000100
010101010
01100010010
10001010100
1010101
00101000101
1010101
0101001010
0101010
1010101
0101010101
010100101010
001010001010
1010101
1000100101
00110010
100010010
010101010
00101010
01010101
101100101
0100100011
01100101
010010101
1001010001
010101010
01001100010
10010101
1000101001
0101001001
10010101
00101010010
001010101010
100010101
10101001
1000100101
001010101
001010101
00010101001
00100010101
0101101
010101101
001010101
0100010010
010101010
1001001010
001001001
010010101
101010101
01101010
100101010
00101001
010100101
10010101
01010110
000010101010
101001010
01011010
100101010
10010000101
001001001
100001010
10010010010
101010101
010100101
1000101010
101000101010
10100100101
100001001
0010010101
1000100101
101010010
010101010
010101001010
10000101010
01011010
10101010
1001000110
1001010010
010000101
0010010101
001001001
1010100101
010010010
1000101010
1001001
0100100101
1010101
01101001
01101010
010001010
01010101
10001101
010101001
0010100101
011010101
100101
01010101
010010101
101010001
0100101
01001001010
1000101010
001001010
100100100010
0101010
0100001010
100100101
1010010010
10100001000
00101011
0010101010
1001001010
01000101
1010101
10010101
010101001
011001001
001001101
010101010
00010001010
0100110
0101001010
10001001010
001010010
010101010
001001001010
100100100010
01001010
10100101
001010101
1000100101
01010101
10100101
010010101
011011001
10101001
0100101
10010101
10010101
0010101
100101010
10100010
0100101
010010101
010100101
10100100
0101111001
100010101
00110101
1010101
00101010010
10000001010
10100101010
101001010
000101010
10101010
01001010
01011010
01010101
01001001
001001001
010101001
010010101
0101101
010000101
01010101
00001010101
0101010
0101001010
00101001010
01001010010
101001010
1001001010
00100101010
00101000010
0100101010
10100100
01010101
00100001010
0100101010
100101010
00101010
10101001
101001001
010100101001
010101001
100001010
010101010
0010100010
0010101010
01010101
010101001
0010010010
001010101
01010101
10100100
010010101
0101010101
10001001010
100100010
000101001
10101001
010101001
010101001
000100101010
1010001010
010100101
10010100
1010010010
00101010010
0100101
001000101
0010010010
0101010010
0010101
0010010101
100101010
000101010
1001001001
01100101
10010101
0101010101
0101010
100101010
1001010101
100100100
0100101010
001001010
10101010
01001010
10100100010
010101010
1101010010
0101001010
010000101
10110101
100101010
10101010
101010101
010010100
0101010
01000101010
01010100010
0010001010
0101010101
0010010101
001010010
01010010
1000100010
100100010010
010101010
001001000010
100100101
0101010101
10010010010
1010101010
101010101
0101001
010101001
010010101
010100100
10001010101
01010010
00010101010
100100101
1010010101
1010101
010100101
0100100110
010101010
01001010
1010101
01010101
101001010
01001010
010010101
001010100
010010101
100100100
010101010
10100101
10100101
01001101
010100101
001001010
010101010
001010101
0101001001
101000101
00100010101
01011010
0010110010
10100101
0101001
10101001
10010101
10101010
00010101010
10100101
1000101000
0101010
00101010
010010010010
0010101010
01010101
1010110
101010010
0100110010
10101010
1010010010
1001010010
011001010
01010110
00100101010
1001000001
1000010101
00010101010
011001010
00100100000
101001010
01010010
00110100
100000001
1010101
0101001010
0100010010
00101010
101001010
001001
001010101
010101010
010010001010
100101001
0101001001
010010101
001001001
0101010010
10101010
101001010
01010010
01011001
01010101
0101001
010100101
010010101
01001001
1010101
1001000101
00100101010
0101010010
01010101
0000001001001
01010101
100101001
010100010010
1001001010
001010011
0010101
1010010
10001010
001100110
10011010
00101001
100101001
100100100
010100101
10010101
010011
101001
001010101
01010101
0101010001
0010101010
010110010
00100110
010101010
1010101
1001010101
010101001
1000100101
010010010
10001001010
10100101
010010001
010010101
0010101001
01010101
00100000
0010101010
01001010
101000101
10011001
01010101010
011001010
01010101
1010101
01000101010
100100110
001001000001
010100101
0100001010
0001010010
10010010010
1010101010
10111010
1001010010
000101010
001000100010
0010101000
0010101
01001010
1010010000
0010010101
101001001
010101010
01001010
00100100101
0101010101
0101000101
01001010101
101001010
10001010010
01000101
10010101001
1010101
01010101
101010101
010010100
0010010101
10010101
001000101
0101001001
010100101
10100101
001000101
1001000101
00101010
001001001
1001001001
1001101
100010101
100011001
10010101
00100010101
100101010
100101010
100010101
110010101
010110010
1000101010
0010101010
0101101010
10101010
01010101010
000110010
011001010
0000100101
10100101
010100101
0010101000
010101010
0100101010
10010101
001010101
0010100101
0101001
10100101
0101010101
10100101
0100101
001010010
010110010
01010101001
10100101
10100101
1101010
01010010101
1000010101
00100101010
10101010
1000101010
010101010010
010101001
0101001001
01010101010
00100101010
01010001010
10001010010
100101010100
0101000101
000101010100010
010010010
01001010
1001001001
001010101
01101001
010100101
01010101
01101010
01001010
010001010010
010101010
10101010
01100101010
10101010
010101010
010101001010
010101010010
00101010
1010001010
000010101001
100100101
100101010
10010000010
010101001
001010010
0010010010
10010100010
100110001
100101
10000101
00100101
11001010
010101010
001010101
0101001
001001010
100101010
0101010010
01011010
01010101
01001101
1010101
1001000101
100101010
0010101010
1001001010
0100101010
101001010
0100010010
00001010010
1010001010
100101010
00101010010
101001010
01001000010
0100010101
000101010101
001010001001
10101001001
10000101010
010101010
0101010010
0101001010
0001010101
00100010101
00010101010
1001010
1000100010
100101010
0100101001
01010101
001000101
001000101
1010101
101000110
01001100
0101000101
01101010
010010101
000101010
01000100010010
010010101
1010101
01010101
1001000101
00100100010
0000101010
001010010
10101010
001010001010
0000101010
10010101
1000101001
1000101010
101010010
01010101
010100101
01010010010
010110010
001100101
1001010010
000001001010
01001001010
01010101
010011
010110010
101010010
1010101
10101001
10101010
10101010
00101010
0110001010
010100101
0001011
001010010010
000101010
00100101010
00101010
010101011
10100101
10010101
010010100
010101010
01010100010
10010101010
1001000010010
101001010
1001001010
010101010
010101010
010101010
0101010010
01010101
101010101
101001001
100100100
1010011
0010101
10101010
010110010
0010101
1010101
010101
10010101
1010101
01010101
10010010010
0100101010
1001010
0100101
00100101
001010101
101000101
0101101
101000101
001010100
100101010
0010101010
10101010
10101010
0000100010
1000101010
010101010
0101010010
01010101
01010101
10101010
00100101010
010010010
10100100010
101010010
0100100100010
0101010101
01001101
001010010
01001010
010101010
11001010
0010100100
010101010
10101
0101001
01010101
01010101
010101010
0010010010
010010010
001001010
0101010010
0010101010
0010101010
0101001010
0001001010
00101010
101100101
01010101
001101010
0101001010
1001010
101010101
1000101010
101001010
01010010010
010100100
00101010010
0010101010
10000101010
01001010
101010001
01010101
010101010
00100101010
010010010
0100101010
010101
010010101
0100001010
01001010010
10010011
010010101
010010010
010100101
100010101
01010101
10101010
00101010
1010101
01100101
0101010010
0010001010
0101010010
010010001010
10101010
1010100100
01010101
010010101
0001010001
01010101
010101001
1010101
00101010
010101010
010000101
00100101
010101010
0100101010
1010101
010101001
010101010
0100100010
01010101
100100101
010101010
00101010
010010101
0100101
010010101
01010101
101010
001010101
01001010010
1000100010
010101010
010101010
0010101010
01001010
10101001
01010101
0101010010
0101010
1000101010
100001010
001001010
10101010
010101010
000101010
010100101
100100101
0010101010
010101010
01001010010
010101010
01010010
00101010
110100100
01001101000
001010010
101000010010
0101010010
0001010010
1010101
1010100
010100101
01010101
1000101010
00101010
1001000101
0101000001
0010001010
00101010
1010001
01010011
0101000010
001001010
000010101
01010101
1001010010
1001010010
10101010
01010100010
10100101
010010101
1000101010
100100110
00101010
010101010
01100101
0010101
011001010
001001010
010100101
100100001
0101101
0101001
10001001010
010101010
00110101
01010101
010101001
010010010
010100
01010101
1010101
10010101
0100101
0110101
00010101010
0010010010
10010101
1010101
0101010
0001001010
101010010
0101001010
010010101
010101001
010100101
010100001
001001010
0010101010
010101010
101010010
010010101
010100101
10100101
101000101
0101001010
010101010
0100010010
010101010
1010101
10010101
000101010
0010010010
01101010
010010110
101001010
010101010
10010100
0101001011
01010100101
010101001
0101010
1001001001010
0010110
0010001010
10101010
111010
0101001
010010101
01001010010
100101010
01010101
01010101
0011010
0101010
00101010
010101010
01001010010
100101010
01001100101
01010101
10100001
0101010
00100010010
0101010010
0010100010
1000100010
10100001
1010100010
1000101010
010101010
10100100
11010100
0001001010
01110010
100010010
000101001
100100011
01010101
00100101
00110101
010101010
010110010
10010010
1010010101
100101010
010101010
0101001
001001001
0101100101
00101001
1010010001
1000010010
010101001
01000100100
1001001010
01001101010
01010101
0101001
0101001
0101001001
010101010
0001010010
001001010
001001010010
10100100
010100101
00100010101
10010101
10100101
1010010001
101001010
0010010010
10010110
001010101
01010101
000101001
00100100110
001001010
0101010001
1010010
10100010
10101010
01010010
00101010
10101010
01010101010
01010101
01010101
1000010100
100000101
01010010
100101010
100101010
00101010
010001010
1000101010
0100101010
01010001010
0111011
0010010010
10100100
10100101
101001010
10101010
10101001
01010100001
1000101
010101001
1001001010
01001010
0100101001
0101001
101001010
01001010
01010101
01010101
001011010
010101010
10101001
10100101010
01010101
10001010100
0001010
0101100101
1001001010
010101010
0010100001
0101010101
0101010
100100101010
1000101010
010010010
0101001001
01010101
01010101
10010101001
1001010001
001010101
001010010
010101010
1001010
1001010010
10001010100
101001101
0011010010
10101010
001001010101
01010101
1001010010
000010101001
101001010
010100101
001010010
0101010010
011010101
0010010101
001101010
10010010
01011001
010101001
10101000010
0101001010
00101001
1010101
0100101010
010101010
01011010
10101010
1001001010
0101001010
10010101
0100010100
100101010
100100010
1001010001
00101001
01010101
1010001001
101001001
101000101
001010101
1001010101
10100101
010100101
100010010101
010101001
101001010
10100010
1001000101
01100101
1010101
0101010101
10000100010
0101010010
00101000101
100101010
101001001
010110
100010010
1001010010
0101000100010
00101010
01010101
100110000
01010101
000100100101
1001010
101001010
0101001010
1000101010
010100101
01010101
010101010
0101001010
010101010
01010101
01010101
010100101
101001010
10010010
100101010
01010101
100100101
0101101
010010100
01010101
010010101
0010101001
00100001001
101010101
1010101
0000100101
1010101010
010101010
100010101
010101001
1010101
00101001
0101001010
0010001010
1000101010
0101001010
0110101
10101001
00010101001
001001001
010101010
0101100010
0010010010
010101001010
1001000101
0010100101
10101010
010010101010
1010101
100101001
1010000010
01001001010
10101001
0101001001
001001010
1010101010
10101000
0101010101
0101010
010101010
10101010
01001010
100100101
100100101
101001001
10100101
0110101
001010101
1010000101
001010100
010010101
01010101
010010101
1101010
010101001
1001101
01001010
00001001010
001010101
01010101
0100101
101010101
00100101
01010101
100010010
1010101010
001000101
001010101
010100100101
0010101001
0000101
01010101
1010000101
01010101
1000101010
10101010
1001011001
0101010101
0010010001
0100101001
100010101
1010101
000010101001
01010101
100101000
01101001
001010010
0100101010
101001
1010101
11001010
1001001010
00010010010
101010010
00101010010
010101010
1001101010
001010010010
10100101
1010101
0110010101
01010101
1010101
010010101
1001010010
000101010
01010101
010100100
01010010010
10101010
010100010
010101010
0101101
010100101
10010101
10100101
00101001001
1010101
10000010010
01010101010
010101010
100010101010
0010101
00010001001
0010100101
0100101001
10101010
001010010
010100100
1001001010
001001110
1001001010
01001001
001010010101
10010101
010100101
10010101
00100101
0010001010
10010010
0100101010
00100110
01001011
001010101
10000101010
1001010010
10101
101001001
010010101
0100101
001010010
001010100010
101010101
1010101
1000100101
010010101
010101001
00100101
10000010
100101010
00101001010
001010010
1001001
100010101
10000101
101010101
10010010
001010010
10010101
010011010
1010101001
10010101
000001001001
01001101
0010101
0010101001
100101101
1001010101
01010101
01010101
1001001
010010101
101001001
0101010101
01010101
01001001
001001010
00001010010
0010010101
001010100
01010101
0010101001
101010101
010101010
00000101010
010101010
1010100
100101001
10101010
01010010
10010101
11001001001
0010001010
00101010
10010101
100010101
100010101
010010101
101010101
100101010
0101001
000010101
01010101
00101010101
101001010
10010001010010
0101001
010010101
1001010010
10101010
1001101
00100010101
10010100010
001001010
10010101
010101101
01001001
01010101
010101010
010101010
010101010
1001010010
1010010010
10101010
001010101
10010101
0100101010
0010101010
10101001
01010101
010100101
010100100
10100101
010100101
01010101
0100101001
00101011001
101010010
101010010
00101010
0100101010
001001010010
00110101
100010010100
0101001001
101010100
0101001010
00101010010
00010101
00010100101
010101010
1010101010
0101001010
0101001010
01010101
010101101
010101010
00100101010
0101010
0101001010
0010101010
0010001010
100100100010
01010010010
10010101
1010101
01010001010
101001010
101010001
1010101
00100101000
01001010101
001001010
010101010
01001010
0100101001
1100100
10000101
00101010
00101000010
010010101
010010101
00001010101
00100100101
0100101010
1010001010
10100101
0100010100
10101010
10101010
001001010
010101010
001001001
10010101
01010101
100100001
10101010
010101010
100101010
10101010
01001001010
10101010
010100101
0101001
00100010010
0010001010
001011010
100100101
001010010010
010101010
0010101
100010101
100101
0110110
1010101010
10101010
010010101
01010101
010100101
0100010101
01010101
010100101
010010101
10101001
10100101
1001001001
00101101
0010100101
101001001
010101001
010010101010
0101001010
010100010
01001010010
10010101
100100101
01010101
01001001001
10100101
01010110
0010101010
1001001010
0100101010
1010110
010100101
10011101
1010101001
100100100
1001010010
00010010010
0010010101
1001001001
0100101010
0010010010
000100100101
0010101
10100101
001010001
10100010
00100101
01010101
0010100101
0100101010
10101010
00100001
010100101
0101010101
0010100100
01010101010
0010100010
0101001010
0101010
0101010101
100100101
01010101
0101010
10010110
010010101
10101010
010001010
10000101010
01101010
100001010
01001001010
101001010
10100101
0101001010
10010101010
0000010010
0010001010
10011001
1010101
010101010
100101010
0101010101
0101001001
00101001010
0010101010
010010101
01010101
00001010
0101010101
00101010
0001010010
100100010010
01001010
010101
010101001
0001010101
00100101
10100101
10010101
010101010
0100101010
01010101
010101001
100101010
01010001010
1010101
001000101
0010101001
10101001
1000100101
10010010100
1010010101
001010101
10101010000
0010101010
001010101
010100101
0010010101
100100110
1001010101
010010101
10001010
10101010
010101010
010010010
01010101
10010101
001010010
010101010
0101010
101001010
010010001010
01010010
1010101
100100001
01010101
01010101
010100100
000010101
0010101
01010101
01010101
100010101
100001001
010101001
1010101
10010101
010010101
10101010
01001010
101010010
10010101
01010101
100101
01010101
1000011010
010101010
10101010
00101001001
01001010
000010100010
0100101101
00101000101
1001001010
0101010010
001001010
010101010
10100101
100100001
010010101
1010101
01010101
01001001
010101
101010101
0100101010
01001010010
01010101
010100100
0010110
1010010010
1010101
001010101
0010011
10101010101
01001010101
00100100101
010010101
10010010101
00101001010
010101010
010101010
001001010
10010100101
0010100100
01010101
01010101
00011010010
01010101010
101010
01010101010
1010101
001010000
1001001010
0010101010
1000001010
010101010
00010010010
0010001010
10100101
0010010100
0100101010
00101010
010100101
010100101
101010101
1010101
01010101
01010101
0010100101
01010101
101001010
00101000010
0100100011
0101010
100101010
1001001010
010101010
10101010
1001010
01010010010
001010010
01010010
101001001
010010101
00100101010
10101010
001010101
000010101
00101010001
1010100101
0110101
01101001
100010100010
10101010
0100100101
1010101
010101101
010100101
101001001
10010101
1100101
01010101
01010101
00100101
100010010
1010101010
01010001001
1010101
0101010010
100001010
010101010
01001010
01101001
01010101
10101010
10010001010
010010101
100101001
10101010
10100010010
0010101001
101010101
0101010
01010010
010100101010
10001001010
10010100101
1010101
10001001010
1010001010
001000101
100101000100
0010100101
10100101
001000101
00101000101
00101010
001010010
1010101
0101010001
001001001
010100101
10100101
00110000
0101010101
01010101
1001000101
10010101
010010010
0010101010
01010100
010100101
01001010
010010010
10010100010
1001001010
110101001
001001010
10100101000
1010101
00100101001
01010101
001100101
00001010101
010101001
10010101
0100101010
00011010
00101110
010010101
00100101
010010010
1010010
1001001010
10101010
001001010
010100101
1010101
0101010001
1010101
1010101000
10101001
01010001
101001001
0101001010
0100101010
0100110
01011001
010101001
10100101
0001001010
0100101010
10010101
10101001
001010010
00101010
1000100101
10010101
010101010
001000001010
101010101
100010101
01010100010
100101010
11010101
1010001001
1001000110
010101010
100100101
01010101
1010101
00100010100
01010101
0100100101
0010001001
010101001
0101000101
0001101
00101101
0101010101
001001001010
10010001010
010010010
0101010010
0100100101
10010101
0001101
100100001
10100101
10010101
001001010010
0110010010
1000101
100000010001
010100101
010101001
10100010
00101010010
0010100101
0010101001
1001010101
10100101
0101010
00010100101
0101001
1001000100
0100101010
10101010
1000001010
10011000010
100100101
1010101
0100101
10010101
1000100010
1001001010
10001010010
100101010
00101001
10001001
1010101010
01001010
10101010
010010101
00100100101
10100101
10100101
01010100101
01010101
01010101
10010110
10100010
1010101
1010010101
101000101
01010101
001001010010
0101010001010
000101010101
0101001001
0101001010
101000010
010101010
010010010
1000101001
001010101
010101010
0101001010
01010010010
1000001010
1000101010
10010010
10101010
0010101010
01011001010
101001010
10010101
01010101
0100101010
00100110
10010101
10100101
0101001010
010010010
010011010
100101010
010101001
01010001001
00100001001
10010101
10010101
100101001
0101010010
0100101010
10100101
0101010
010100101
00100101
01010101
0010010101
10101010
010010110
01010101
01010101
10010101
001000101
010100101010
010101010
010011010
00101010
0010100101
1010101
10100101
100100101
000101001
01101001
01010010010
001001010
010010101
010100101
0101001010
10101010
100010101
101000001
010101010
0101010010
100100101
100010101
0101101
1001010100
0010010011
0100101001
100010100110
010101010
00010100101
0101010001
101001010
0010010
10100101
01010101
010100101
0101010
010101010
0010101010
0101010101
101000101
1001001010
01011010
0101001010
0101010010
1000100101
001010101
1001010010
100101010
0101010101
01010101
10101001
10101010101
00101001010
10010101010
0101010101
1010101
100100101
010010101
10010101010
10101010
01001010010
1001001010
0101001010
1010001010
1000010101010
10010010010
0010010101
0010100101
010101010
010101010
010010010
100101010
1010010100
100010100
0010101010
010101010
1010000110
10001010010
1001000101
0010010101
0001010101
1001000101
0010101010
010101010
0010001010
1001010010
01010010
00101010
010101010
010101010
1001001010
01001010
010101010
00101010
10101010
001010010
010101010
1000101010
1010001010
100100101010
001001010
10010100010
0101100
010100101
10010101
010010100
01010101
01010101
0010100001
1000101001
0010100010010
101010001010
010101001010
00100101010
0100101010
0100101010
01010001
00101001
01010101
00010101
1001001010
10101010
010100100010
10010010001010
100010101
10100101
010101010
0101001010
0101001001
001010101
0101001010
001001010
101010010
010101010
00101010
1001010010
01010010
0010101
001001001
1010101
010101001
101010001
10001010
00010010010
0101000110
00101010
101001010
010010101
100010101
10100101
0101010010
101010101
0000101001
1000101001
00101000010
10001010010
1010101
1001000101
00101010010
101001010010
0101010101
0010010101
001010101
0001010100
010101010
101000010010
00101010001
0010101
10001010
0100101010
0000101010
101001010
10101001
1010101
100101001
010101001
101100101
100000101
010010011
1001001001
01010101
0101000101
010011101
100000101
100001010
0101001010
10100101
1001001001
0101010010
0101001010
01001001010
101010101010
1010001010
101001010
010010110
0101001010
01010110
1010101
00101010
01101001
100101010
101001010
010101010
1101010010
01010101
100101001
01010100100
01010101
00010101010
0100101010
0010100010
010001010
000010010010
100010001010
0100101010
10010010010
00101010
101001010
011001001
10100101
1000101001
010001101
0010101001
00101010101
0010101010010
00101010010
1000100010
01001101
10101001
0010010101
10101001
010010101
1000001010
01010010
00101010
01001001010
1000010010
1001001010
10101001
010010101
01010101
010101001
10100001
010101001
01001001010
0101010010
0101010010
00100010
010010101
0010010101
11001010
00100101010
100101010
00100101010
00100101
100100101
010101
0100101001
001010101
10001010101
10000101
0011001
01011001
0010101
0010100010
1000010001
1010010101
0010010101000
01001001010
100101010
01010010
100101010
001010101
01011001
1000101010
01011010
01010101
01010101
1010010010
0100001010
1010101
011010001
01010101010
010101010
010100101
001000101001
0101001010
0010001010
010101010
001000101010
010010101
0100101
01001001010
010101010
10100100010
0100100010
001001001
01010101
10010101010
1010101010
010100101
10010101
010101010
01010010
1010101
10100101
10010010
0101001010
001010010
0010110010
01010101
010010101
10100010010
010101010
010101010
01011001010
0110101001
100010101
1010101
10100101
101001001
100010101
01010101
01000101
101010101
0110101
101001010
0100101010
101001010
101010010
1000100101
010010101
10010101
1000100101
000101001
10100101
1010010010
0101010010
00101000101
100101001
010001101
1010101
10101001010
0101000010
010100110
0100100010
1001001001
100100101
00100101010
0100101010
01001001
010010101
00101001010
01001010
0101010101
001000101
010100101
00100100101
10101001
0100101
100101000
001010001
1001001000
0101101
01101001
00101001
00101010
0011001010
0101001010
01010110110
101010101
10010100001
10010010010
0101010010
100101010
0101010
10010010
0101010010
10100001001
0100101001
10100101
0100101001
1001001010001
1010101
01010101
100010010
0010010010
1000101010
100101001
10100101
100101010
10101010
0100100110
0010010010
00101010001
10001101
010101010
10101010
0100010010
101010010
0010001010
1010101010
10010101
10101001
010010101
0101101
10000101010
0101001010
01001010
1001010
01001010
00101001010
10010001010
10101010
010101010
010101010
01010101
010100101
010011010
00000100100
01010101010
100001001010
101010101
010101
01010101
0101010010
0101010101
101010
010101010
101001010
100100101
01010101
001010101
1010101
101001010
1001001010
100001001
01010101
00100101
00101001
100101001
100100100
00101010010
10101010
01001001
01100101
101001001
101001001
0101001010
010101010
10010101
010100100
0101010010
101001010
100101001
10100101
0010101
01101001
010101010
10100110
100001010101
1010101
001001001010
10001010010
1010010010
00101010
010101
1010101
010010101
1000101001
1001101
010010101
10101001
1010010001
1001000001
010010101
10101010
001010010010
10101011
0101010101
001010101
01010101
00100001010000
100101001
1000100101
1010101010
0010101010
0101010010
001010101
01010101
10101010
1001010010
001001001
010101001
010100101
010100101
0010010010
1000101010
0010101001
0010101001
00101010
01010101
101000100101
01010101
10100101
010010101
01001101
0100010101
010010010
0101001010
010100101
010100101
1010000
01010101
0010010101
101010010101
00101001010
0101001010
1000101010
0101001010
01010101
100010101
100000101010
000010101010
0101001010
0100101010
10101010
101101010
1001001010
0101010010
10010010
10010101
01011000101
001010101
10100101
0101101
010110001
01010101
010101010
01001010
1100101
100010101
1000100110
01010101010
10100101
100101101
00010101001
01011001
01010100
00101001
1001011001
1001001001
01001101
0101000101
10100101010
0101000101010
010010101
010010101
01010110
010101010
0101010
100010010
011010101
01010101
10010100010
10100110
100001001010
0010010010
1001001010
010011010
00101001001
1001010001
100101001
01010101
10010101
100101001
01010101
00101001001
100101010
001001010
01010101
00110101
00100101
00101101
101000101
0100101
01100011
000101000101
00101010
00010101010
1010001
1010011
10001010
001000010010
0010010100
001010101
0101100101
0101001001
10010010010
100101010
000101010
0110011010
01010101
1010001001
01010101
0010100101
1001010101
010010101
010110010
001010010
010101010
10101010
01001010010
0101010010
100001001
101010101
01010101
0101010101
0101010
100101010
010101001
0000100101
001001000010
0101010010
1001000010
101001010
10100010010
10001010010
010101010
100101010
10000101010
0010101010
1001000100
101000101
1001010101
00101010101
10010101010
001010001010
1000101001
10100101
1001001001
0101010101
010101001
01010101
01010101010
01001010
0100100101
01001001
0101001010
011110010
0101001010
01010101010
01010101
100101010
010101001
100101
00100101010
01010101
101001010
001010010
10010010
1010010
1000101010
10101001010
001010101
001000001
010101001
10001001
1001010010
101010010
00101001010
00010100010
101001010010
0001001010
0101001010
010101010
10010101
01010010
100010100101
10000001
0100101010
100101010
010101001
01011001
0100101010
0101001010
100101010
1010000010
0101010101
0100100101
00101010001
10101010101
00001010
100101010
01010101
0010101
10001101
100010101001
00100011
0101001001
0010100101
01010010101
010110010
101001010
010101001
0100101010
100101001
1010001001
100101010
01010110
00100101
100101001
010100101
101010101
0101001010
01010010010
10100101
011001001
100101010
01000101010
0101010010
01010010010
10001001001
01010101
01001010
0010001010
010101010
010011010
10101010
01011010
010101010
100100101
101000100
100010001010
001010010
0101010
1001010001
001000101
0101010001
10010101
10001010010
0101001010
010010101
10100101
101010101
101010000
0101010010
010101010
100101010
1001001010
010101010
0010001010
01001010010
00100110
10100101
001010101
0101001100010
0100101010
1010101
010101001
010101001
00100100101
1001001010
100101010
00100110
1000101010
010100101
0101010101
01001001
00101010
10001010010
100101010
0101010
100101010
010100101
0100101
01010101010
0100110010
10010100100
001010010
10010101
000010101001
001001010
101010001010
00101001
0100101
1001000010
1001010010
100101010
1000101010
01010101010
1010001010
001001010
01001101010
010101001
10100101001
010101010
01010010
010101010
1000101010
10000100101
01001001
100010001010
10101010
1000100010010
00001001010
1001001001
010101001
010101001
0100101
00100010010
1010101010
100001010010
010101010
00010101
10101001
010101010
1010101
1000000000010
0010010010
0100100101
1010101
10101100
00100101
010010101010
00100101010
1001001010
0101010010
100010101
010101001
10101010
0001010010
0000100010
10001010010
1001001010
1001001010
1010101
010010101
01010101
1001000001
00101000010
0101010010
010100101
00010001
100101010
0101010010
0010100010
101001010
010101001
010110101
0100101010
0101001010
0100101001
01010101
101010101
10000010100
10010101
0101010
100101010
001010101
0010010010010
010101010
01010101
01010101
010101
1000100101
0101010101
01010101
001010101
0010000100101
010010010010
1001001010
00101010101
1010101
0010010101
0100100101
101010001
10010101
100100101
01001011
0001011
010100101
01010101
001010100101
10010100
0101001000
100101010
000101010
1000101001
010010101
010101010
0101000010
001001010
1001101000010
01010101
100100101
010101010
01011010
0101010010
000101001010
00101001010
1001010010
1001001001
010100101
00100000101
10101001
010010101
100101001
01010101
01001000101
01001010
010101010
10001010010
0010010010
010101010
101001010
1010101
0101001001
01010101
1010010101
01010101
010100101
10101010
1001001010
01001101
010010101
000110101
0010100101
10001010
0101010010
0101001010
10101010
010100101
0101010101
10100001
001010101
010110010
0101001010
01010001010
01010110010
00010101010
001001010
1010001001
01010101
10101010
00101010010
010101010
10101010
1000101010
0100101010
0101001010
010101010
1010100010
10101010
010101010
010101010
1010000100
001000101
0100100
10101010
100101010
00101010
001010010
01001010
10001010101
1010101
011001010
010010010
01010001
01001010101
001010101
10010010101
1010110
010101
10010010
01010100010
10011010
0101001010
00101001
01010101
10010101
010010101
01001010010
01010010010
10100101
1011101
0110101
100100101000
01010101
10010101
010100100101
1001001001
01001010001
010010101
0110010010
000101010
01010010010
1000101010
0010101
01100101
01010101
10100101
0010000101
1010100001
0100101010
1001001010
0101010010
101001010
100010101
01010101
010010101
0010001010
0101001010
010010010010
00100101
1000100010
100001001
0101010001
01010101
0101010101
1000101
010010101
0010101001
10010101
100001010
101010010
010101010
00101001010
010100010
0101001010
010101010
0101001010
01010101
010101010101
01010101
01010010
10101010
0101001010
010101010
010101010
010100101
0010101
010010010
01001001010
0010101010
010010010
0010010100
1001010100
100010101
010010010
10001000101
10101001
10100101001
00101001
010101001
101010001
1001001010
0101010
010101001
10101001
100010001010
101010010010
010101010
010101010
01010101
0010010101
11001
010100101
001010101
10001001001
0100101010
1000101010
10101000
1010000101
101010
1001000101
0101010010
0100101010
010101010
00101010010
01010101
1010101
0100100001010
10101010
1100101
1001010100
10011010
010101010
001010101
01010101
00100100101
001100101
01001101
10010101
0010101010
01101010
0100101
01010101
0100101
0010100101
100010101
10101010
0010100101
001010001
10100101
101010101
100101001
101010101
1001001
00101001
00110101
100010101
000101001010
10010010
0101000100
0100101010
011001010
100101010
010101010
10101010
01001000010
1001001010
0110010011
100100101
100010101
0001010101
010101
0100101001
101011
01010101
1010101
10100101
010101010
010101010
101001001
001010101
0010101010
101001010
101001
001001001
100010101
1001000101
0010100010
011001010
010010110
10101001010
01001010010
01010100010
00101010
101001010
011010010
0101001010
1010101
01010101
100101010
10000101001
1100101
0010101001
0001010010
001001010
0100101
0110101
1010101001
10001000101
1000101
011100101
0001010010
010011010
010010010
10001010
01010010010
001001010
01010110
0010001010
1010101
10010010001
10010101
01010101
1010101
01010101
01010010010
0101001010
101001010
0100101010
0101001010
0101010010
01010101
0100101000
00100010010
01010100010
101010010
00101010010
001010101
001010101
01010101
100101001
10100101
00101010
10101010
10101010
001010010
0010101010
001001001
01100101
010001001010
001010010
001000101001
10100101
0101010
01010101
01010101
0100101
010010101
1011001
010100110
00100101010
10101010
010101010
01010101
0100101
1001000001
0101001001
010010101
1010010101
0101001010
01101010
10000101010
0000100010
10000010101
010010101
001010010
100101010
1001010010
01011010
0010100101
101001
010101010
0010101010
0010010101
0101010101
10010101
01101001
1001001010
0100101010
1001010010
10100001010
10010101
0010101000
0000101010
0100010010
1001011
10010010101
010101010
10101010
0101010010
01001010
1010001010
0010001010
0010101010
00101010
100101010
10101010
0010101001
010010101
10010101
010100101
0101001001
10010101
01010101
010101010
010101010
010101010
100010101
101000101
01010101
0100101001
100010101
10010101001
001011010
10101010
001010101
10100101
0101101010
1000101010
010101010
101001010
0010100101
1010101
01010101
0100101
0101001010
10101010
0101001001
010010101
01010101
0100101
01010110
001010101
01001001010
000101010
0101001010
10001010
01011101
01011001
10100010
0100101010
010011010
001001010
1010101
1000101010
00100100010
01010010010
010100010
001010010
101001000
1010101
100101001
100101001
0010101001
01001010
10101010
01010010010
101010010
0100101010
101010
0101000010
1010101
100100100
0100101
01001001001
10101001
10010101
1000001000101
001011001
10001101
01010101
10101010
10101010
00101010
0101010010
10010101
1010001001
101010101
101000101
010101010
1001010
0101001001
01010101
10101010
010101010
1010010
0001001010
10010010
1000010010
1010101
1001010100
0101001010
010101010
01010101
010101001
010101010
10010100
001010001
000100101
100101010
010101010
0100100101
0101001001
01010110
010100101
0101011
100100101
01010101
0101010101
101001010
0101010
10101001
010100101
010101010
010101010
101010
1000110101
00101010010
0010100010
01010010
00101010010
0010101101
01010101
1000100101
10100101
101001010
101010010
101001001010
10101001
10010101
01010101
1001001001
100101001
101000101
01010011
01101001
1010101
01101010
010101010
0010110010
100101010
01010101
0101010101
10101001
00001010101
00100010010
101000100
1000100110
0101001010
0101001010
10101010
01000000010
0101010010
01010101
00010101
10100101
101100100
10101010
01001010010
0100101010
001001010
10010010
1001000101
0101001010
101010010
1010001010
000100010010
10101010
001001010
101000000
00101010
101001010
001001010010
01011001
001101
100010101
01010101
10010101
01010101
0010101001
0110101
100001001
0101010001
101110
010101001
1001101
0101001001
010101010
00101010
001010101
1010100101
01010001
1001010101
010010010010
000010101010
10101010
1010101
10010001010
001001001010
10101001
00101001
0010010101
00101010001
100101010
1001010010
001001001010
01010010
0010100010
00101010
01001010100
010100101
0100100101
0100100100
101001011
010100101
0101010010
000010101010
010100010
0101001010
00010101010
0101010010
0110101
100010101
0010100001
010101001
010101010
0101001010
10101010
0101010010
01010101
01100101
01010101
10010101
011010010
010100010
100101001
0010100101
101000101
01010101
100010010
010010010
1010101
0100101001
0010100010
01010010
100100101
1000001
10001000010
01010110
01010101
00100100101
001000001010
1010001010
1010010001
0100100101
1010101
010010101
1000101
001010100
0100101
011000101
001000100101
01010101
10101001
01010101
010101010
10010101010
00000101010
010101010
0101010010
010101010
100100101
10101001
0101001
1000110001
0101001
01010101
010101010
010101010
0101001010
0100101010
001010101
010010101
101001010
010100010
10010101
10101001
01001011
1010101
0010101
010101010
0010101010
1000101010
010100101
0101001
1010110010
001101010
01010101
100101001
100001010
10010000001010
01010101
000101001
0101010001
1011001
10100101
101001
100100101
010010101
010101001
0010100101
0101010010
0010100010
01010101
0100101
1010110
01001000101
010101010
010101010
1010101
101000101
0100101010
101001010
0100101010
101001010
1010101
01010101
010000101
01100101
010010101
0100100101
00101010
0101001010
1101001001
010101001
010100101
1000101001
01010101
1010101
10100101
001010101
01001010
0101000010
100010101
001001001001
00100101
0100010101
0101010
0100010010
010100101
10001010001
01010101
00100101
0101001010
100010010
010100101
01010101
01010101
1010101
01010101
010100110
01010000010
01101010
01010101
00101000101
010101001
01010101
100010101
100011001
01011001
1000101001
11000010010
100010010010
101010010
01010010
10101001
1010101
10101010
010101010
00101000101
001010101
101010101
100100101
101001001
1010101
010101010
010101010
1010101
010100101
01010010
010101010
0010010010
01101010
1000101010
1010001010
0010010010
001101010
0011001010
1010010010
00101010010
010110010
01011001
10000101
1010101
0101001001
1000010101
10010101
00100101
0101101
10101010
1000001010
10101010
10100110
101010001
100010110
1010101
1010101
01010101
00101001
010011010
0101001010
1010010001
1000010101
101001001
010101001
1010101
101001010
0100101010
101001010
1010001
0100101
10100101
0101101
010101010
10101010
10000101
01001001
1010011
00100100
0101101
010100101
100101010
01010010
01010101
001001001
0101001010
10100010010
0101011
001100101
01010010
010101010
10101010
0110010010
010100101
1001001010
10010010010
010110010
0101010
0010100010
0010101
110100100
0100010101
00101001001
0101010010
0101010010
00101010100
01010101001
10101010
01001001010
0100100101
1010101
100100010
10010010
100101010
010101010
00010101
001001001
01010101
10101001
010100101
0010100101
1000101001
100010101
0100101
10001010101
10101010
001010010
0011010
0010101
1000001010
001001010
01010101
100100101
1001001
1010101
01010101
0100111
100100101
0011001
01001010
11001010
10101010
0100100010
001001001000
0011000101
01000101
001010101
0011001
10101001
0101001010
10010010010
10000101010
10101010
10011010
011001010
100101010010
001001010
01011010
010101010
010101001
101010001
00100001010
0010100010
10101001
10010101
01010101
001101
101001010
101010010
01010101
01010101
100101010
001000101010
10101010
10101010010
1010101
01010101
001010010
10001010010
0100101001
10100101
01010101
10010101
0010110
0101010010
101010101
10100101
101001010
10010001010
0101010010
10101010
01010101
0010000101
0101010101
1010100101
0100101010
100101010
100001010
0101001010
010100001
1001010001
01010101
01010101
10100101
010010101
01001010010
0100001010
01000101010
001001010
00101001
0010010001
1010101
01010001
001010010
10101010
0101010101
0010010101
001010010010
00010101010
10010101
1010101
0101011
010101001
010100101
0100101
1010100101000
0101001001
0000100101
00101001
1010100010
010101010
10010001001
101010001
101001010
010101010
000101010
10001010
1010001010
101001010
1010001001
010101001
01001010
01010010
01010101
0010101001
10101010
101001010
010001010
01001001010
001001010
10101010010
101001000010
10101010
101010011
0010101001
10100101
010100101
010101010
1000010010
1010101010
1000001010
1010101
0100101001
01011001
1000101
01010101
01001001
00100110
101010101
0100101
10010101
000101001010
101010010
10100110010
010101010
100101001
100101001
0110101
100101001
010010101
0101010010
0101010101
00101001
101001010
1000010010
0100010101
100101001
010101010
0101001010
1010101
010100101
0101001
1001010101
101000010010
0100101010
00101010010
101101010
01101000
01010101
100001010
10101010
00100010101
100100101
01001001
1010101
100011010
0101001010
0101010001
0101101
0101001010
01010101010
0010010010
101001010
01001010
010101010
1010101
010100100
01010101
1001010001
0010001010
001001010
00100101010
1010010010
10001001010
01010010
001001010
010101010
010010010
0010101010
00100101
101010101
01001001010
0010101010
10010101
1010010010
1010101
100101001
010100101
010010101
0101010010
01001010
10101010
101001010
01001101
01010101
1000101010
100010010
01010101
10100101
00100100
01010001
001000101
0100100101
01010101010
10101010
1000010101
1001010
01001001
01001001001
010110010
101000010
0101001010
10100101010
01010001010
010010101
10101010
0010010010
10101010
1001001010
101001010
01001010010
0100101010
10101010
0101000101
01001101
00101010010
01010010
101000010
000101010
1010101
10100101
0010100010
0101001010
00101101
0100101
10000010010
0101010
1010101
0100101
100101010
010101010
1010001000
010101001
10100101
100110
010101010
101010101010
0010101001
10010010
10100010001
010101001
010101010
10001001010
00101010100
01010101
0110010
01001001
101010101
001010101
01010110
0101010101
001010101
00100101
0101001010
00101001010
010100101
0100010101
0100100110
0101010010
01010101
100011001
001000101
01010101
001001010010
0101001010
100101010
01001010100
100010101
10100101
1001001010
001001010
010100101
0101011
010101001
00110101
01010101010
1010101010
1010100101
0010100101
01010010010
10001001010
10000101010
00101010
0010101001
10100000101
1010110
100100101
10001010
001001010
100100101
010101
010011010
10010000010
010101001
01001001
10101010
0000101010
10101001
1010101
010101010
10101010
10101010
00010101010
0010101010
10101010
010100101
0010100101
00110100
1000100100
1010100010
1000101010
100001010
101001010
01010101
001001001
010110010
001001010
00101101
010101010
0010010010
0101010010
10010010100
1010101
00110101
100101001
0001001010
01001010010
010101001
001010001
1010101
10100101
001001010
01001010010
01010101
001010100001
00100101010
0100101010
010101001
0100110101
1001001010
0100101010
010101001
00010010101
0010101
1010101
10000101010
0100101010
001101010
1010001010
01010101
0010010101
0101001001
010001000
001010100010
0010010010
1001010
0101010010
1001000101
00101001
01010101
01010101
10110010
001001001
010101010
00001010010
010001010
010101010
00101010
10101010
101001010
01101010
1010101
101001
0010101
01010101
010101010
0100010010
010101010
10000110
100101010
0101010
010011010
00100101010
101000101
010101001
001010001
100101001
01010010
10000101010
1010101
10010101
0101010101
01010101
10101010
10101001
01001010
001010010
01010101
100100101
100101001
0100101
01010101
10100010100
1010101
01010110
10010001
00010101
100110010
01010101010
01011010
1010001010
001010010
010101010
01010101
1001010100
1010101
01010101
1010101
0101001001
01010101
010010001
010101010010
010101010
0010000101
01001010
1010001010
00101010
1000101010
0100101010
0100010101
1001010011
01001101
01010100101
100010101
01010101
10100010
10010101
1010101
001001010100
10010101
01010101
0100101010
010101010
01001010001
0101010001
01010101
100100101
10101010
1001010010
010010101
01010101
010010101
1001011
010101010
1010101
0100101010
10101010
00010010100
10010001
1010110
01010101010
1010100
101010101
0100110
001010010
100000001010
01001010
100101010
001010010
01010101
01010101
00101001010
00101010
00100101010
1010100010
10101010
010101010
10101001
0110101
0010001001010
1001001010
0100101000
0000100101
0010101010
1010100010
010010001010
101001010
101010010
00100101010
010001010
01001001010
001001010
010101010
010101010
1001010010
00101010
001101010
0100101
0010010001
010010101
010010101000
101010010
010101010
010100101
10010101
01010110
00100100010
0100010101
100010101
01001001
101000101
0010010010
00101001001010
10010101
101010101
010101010
0100010001010
010101001
1010101
0101010010
001001010
001010010
1010100010
00101001
00101001
001010100
1010101
1000010010
10000101010
0100101010
010101010
10010001
0101001001
0101001010
0100101010
010101010
00100010101
010010101
0010101001
010101010
10000100010
0001010010
0100101010
100100101
1000101
00101010010
100101010
0101010010
1011010
010010101
100100001
000110110
010101010
10000001010
010101010
10101010
010101010
1010101
00100101
010101010
100010010
00100001001
01001001
001010010
10101010
010100101
0001010101
0010000101
10000101001
10100100010
10101010
10010110010
1010110
01001010
01100101
1000001010
101001000010
01010001
010101001
101000101
010101001
0010101010
010001010
10100010
01001001010
1010010010
010101010010
101001010
01010101010
010101010
010010001010
0010100010
010001010
01001010010
0101010010
10101010
00100100100
010101010
010001010
010100101
0100101010
001001010
0101010010
10100101
101001001
1010001010
010101010
01001001001
100010101
0101110010
010101010
010101010
0101001010
0100010010
010101010
01010101
010110010
1010101
100010101
001001010
010101010
010010010
001001010
0010101010
10001001010
010100010
1011010
10101010
10101010
010110010
0010101010
001001001
100100101
101001001
010110010
10101010
1001010010
101011010
0100101010
0010101010
010101010
0100101010
0100101010
010101010
10101010
001010010
100011010
100010101
01010101
01010101
101000101
01010010
0100101010
010101010
101001010
001001010
101001010
01001001
10101001
010101010
1010001010
01010101
1001101
010101010
1010101010
10010101
1010101
01010101
1010101001
0010001001
01010101
010101010
0001001010
00100100010
0101010
001100101
010010101
00101001
100000101
10101010
001001010
100101010
0101001010
00101001
001010101
01000110
01101010
010011010
010101010
00100101
01010101
01010101
0010101010
00101010
010101010
1010100101
010101011
00101010
1000101010
0100100101
01010101
1001010011
01010101
0100101
010010101
010101010
01011010
0101010010
0010100010
010010001010
01010101010
010100101
00101010101
00101010
000101010
0010101
100101010
00101010
0100100101
011001010
01011010
010101010
00101010010
01010101010
0000101010
01010101
00110101
10101010
0100001010
100010101
10100101
01010010010
100101010
10100101
00101010
010101010
10101001
101001010
100101010
100010010
0100101010
100100110
010101010
1010101
00100100101
01010101001
010101001
1010101
010101001
0100101010
10000101010
10101001
0010010100
010101010
1001010010
001010101
01010101
1000101010
1000101010
10010101
00101010101
100101010
0101010010
010101010
0010101010
0101010000
10101010
0101010010
1000101010
10010101
100010101
1010010101
010101000
0010010101
0101010010101
1010001010
00100110010
100101010
010010010
1010101
01010101
010101010
01010010
010101010
0010010010
10101010
01010010
10100101
100010101
000101010
0100101010
010010101
0101010101
010101010
010101010
011010010
10101010
10100101010
001001010
010101010010
01011010
1010101
0101010101
10101010
0100100010
010101010
101010010
00100101
0100101
0101001010
01001001010
10100101
101001001
0010101
01010101
10100101
01010101
01101001
010101001
0100101010
010101010
1001010101
010010101
00101010
0101001010
10100101
00010101
01010101
100010101
00010101
00100101001
10100101
0100101
00100010101
1001010101
01010101
1010101
0100101
0101001
0101001
101001
010101010
000101010
10101010
00100110
1000101010
10101010010
01001001010
100101010
00100110
0101001010
1010101
0010101
101001010
0010001010
001010010
1010010010
01010010
101010101010
010101010
001010101010
010010101
01010010
1001010101
001010001
10101010
001000101010
101010010
00101010
01001010
001001010
0100101010
10010100010
00010101010
01011001010
100010010
00100101010
0101001010
0101001010
010101010
01001010
0010010010
0010100101
01010101
01010101
001010010
010101010
10101010
1001001010
1001010101
01010101
100101001
01010101
010100101
01010101
010001001
0100101
0001001010
100101010
010100101
010101001
0000101
010010001
010101010
0101001010
0101010010
01001010
00010101001
01010001
1010101
1010101
0101001010
10001001010
1010101
100010001
0001001010
0011010010
1010100010
0100101010
010101010
010110010
01001010
01101010
0100110001
01010101
01001011010
100101010
10101010
10001010
010101010
1010010
1001001001
01001010011
10001001
01010101
010101010
101001010
001001001
010101001
101010010
100101010
10101010
010101010
010010101
010101000001
01001001010
010101010
1001010010
1010100010
010010101010
010101010
100101010
00101010
010101001
10010101
1000101010
10000010
01010101
0010100101
0101010101
010010101
010101010
1001010010
010011010
10000010010
10101010
10010010
0010101
0010010101
01010001010
010101010
01101010
010101010
10010010010
0101010010
10101001
0110101
010101100
010101010
001101010
100101010
0010001010
101001010
1001001001
0100100101
0010101010
0100100010
00101010
1001010010
11001001
1010101
010101010
1001001010
100101010
100101010
10101010
01010010
00010101010
1010100010
0010010101
00101001
0010001010
00101001010
00100101001
01010101001
101001001
101001001
010101010
00101010010
010010010010
01000101010
10101001
0100100101
00101001
00110101
101010010
00010101010
010101001
1010010100
100011001010
0101010010
01010101
010101001
0110001010
10001010
00100101
0100101001
100001010
0101000010
00100101010
10101010
01010101
0101010
010100001
1010101
010101010
010101010
101001010
010101010
10100101
010010101
10010101010
1000101010
10101010
0101010010
10101
011001
10100101
000101010001
0101001
0101101
01001000010
0101001010
11001001010
101001010
1010101
1010010
010110010
00101010
01100100010
001010010
00101010010
01010010
010110010
010101010
10101010
010101010
000100010
01011010
0100110010
100101010
0100101010
010101010
01101010
001010010
1010101010
0101010010
001010101
01010101
1010101
10010101
010010101010
001010001010
100101010
001010010
001001001
0101001001
1000101010
0001001010
00101010
010101010
