01010101
100010100
1001010010
00101010010
100001010
01001010
0010101001
01010010
001001010
0101010010
00101001
10100101
01010101
01010101
1001010010
0001010010
00100101
100000101
10100101010
0101010010
0100101010
00101010
001011010
00101010
0110101
001010101
0101010101
010100101
110101001
010010011
01010100010
10001001010
1001001010
10101010
000101001
010100011
100101010
1010101010
010010010
100101010
00010010010
101010010
0010010101
01010101
100001010
010101010
1010100101
010010101
00100100101
100101001
010101010
10101010
010101001
100101001
00101010010
010101010
000101010
0100010010
01010101
01010101
1000100101
100100101
1001001010
101001010
1001010010
0100101010
01100101
001010101
010010101
1000010101
010101010
0110101
10100101
100010101
0101101
010100001
010010010010
1010101010
010100101
01010101
1000101001
10000101
101010100
01001101
01010101
01010101
0100100101
010010101
100101010
10101010
010101010
0100101010
100010010
0101101010
01011001
1000101
001010010
0010101010
010101010
1000101010
0101001010
00100101010
10001010
010101010
001011010
0101001010
0100100101
0000010101
010010101
010101010
00010100010
01010110
0101010010
010011010
00110010
101001010
01010101
01010101
10101001
01010101
010101
010100101
1010101
10100101
01010101
01010101
101001001
10100101
1010101
0001010101
100010101
1000100001
