1100101
01010101
00101010
010101010
0010100001
10100101
01001010
001010010
100101
010101
100101010
0101010
0000101010
0101010
0101010
1010010
01001010
010010101
100101001
010101
010100101
0101010101
100100101
01010101
10010101
01010101
101010
0010110
01010010
010101010
0101010101
0010101
100100101
101001001
010101010
100001010010
10010101
01010101
01001010
010010010
00100101010
0101010010
011010010
10101010
1010010
0101010
100100010
010101010
0101010101
1010101
0010010101
010010101
10100101
010101001
1010101
01010101
001010101
0010101
10010101
01010101
100100010
010101010
01010101
10010011
010101
10100101
100100101
010010101
010101010
001001110
10010101
010101010
010101001
11010001
0101001010
100100110
1010010
010101010
100010010
00101010
100101
10100101
010100101
1001001
01010101
01101001
0010010101
00101001010
01001001010
10010101
0010100101
001000101
010010101
101010010
0101010
01001010
10010011
0110101
10010101
01010101
0101010
0101010
010110
1001010
01010010
0101010
101000010
10010
01010
0101010
1000101
01010101
01010101
01010101
01010101
01010101
01010101
01010101
010010010
0101010
1010101
101010001
01010101
010100101
010101001
10010101
1010101
10010101
101010
101010
010110101
001010101
1010101
1010101
0001010010
00101001010
100100101
01010101
01010101
10100101
0101010
01010101
10101010
100101010
01010101
101001
1010010
01001010
010101
10100101
1010101
101000001
10010101
100001001
1011010
100010010
001010001
1010101
01010101
01010101
010100101
10010101
01100110
1010011
1010101
1010101
1100101
01001001
010101010
0010100010
10101010
101010
0100101
001010101
0101010
101001010
101010
00101010
1001001
10010101
1011001
0101010101
010100110
0100110
100100101
01010101
0010101
01100101
010101001
1010101
1000110
10010010
0100010101
0110101
0001010010
00100101010
0101001
1010101
010101010
100101010
0010101
00010101
1000100101
100010101
01010101
01010101
010100101
100100101
001011010
101001010
10100101
1010101
10010101
1010101
01010101
01010101
0010010010
000101010
1010101
01010101
0010101
01010101
100010101
010100101
010100101
010100101
01010101
010010101
100100101
10100101
1010101
1010101
000010101
100010101
00100101001
001001010
101010010
01001001010
01010101
10001001
1010101
10010101
1010101
010010101
10100101
0010010100
0010101
01010101
001010010
100100010
00101010
1101010
00101001
00110101
0010101001
01010101
10101010
01001010
010101
1010101
00101010
01010101
101010
100101010
01001010
01011010
10100101
01010101
01001010
10101010
1001010
010110
01010010
1010011
1010101
0110100
01001010
01010101
010100101
010101
10010101
101001
001001010
010110010
001010101
1010101
0110101
0100101
001010101
010100101
010101
100010101
001001010
10010010
010100101
01101001
101001
00110101
010101010
100101010
01001101
100010101
010101010
010010010
100011001
1010101
0101001
010010101
010100101
100101001
010101010
010101010
00100101010
010001010010
001010001
1010101
010110101
010101010
001010010
101001010
0010010010
01001010010
1010010
10010011
0110101
01010101
0100001001
01010101
0101101
010010101
0100101
01010101
100101010
10010010
01001010010
10010010
010010101
00101001001
10101001
10101010
100101
10010101
10100101
010100101
1001010010
10101010
00101010
010101001010
010101010
01010101
01100101
010101001
01010101
0001010101
1010101
0010101
100010010
10101010
1001010101
01001001
10010101
010100101
1000100101
010101010
1010101
010010110
111010
010010010
01010101
0101001001
01010101
01010101
0100010
010101010
0010101
0100101
10101010
01010010
10010101
0101010001
10010101
10100101
01010101
10100101
10100101
010101001
010100101
01010101
010010101
01010101
10010101
0010101
1010101
01001010
101001
010100101
0101101
01010101
101010101
0101011
001100101
01010101
0101001010
01010110
01001010
10101010
010100101
1000101001
10101001
01101001
010010010
10101010
100010010010
01110010
0100101
010010101
00010101010
0100100010
0101010
10001010
0110101
1010101
10101010
01010010
10010101
101001001
0100100101
010010101
10101010
101001010
01101010
0101010010
001010101
01010101
1010101
1000100101
1010101
010100101
01010101
01010100001
01010101
1010101
01010100101
01010101
01010101
01101101
000101010
0101010
010101
010010101
10101010
0101010
010100101
010100101
100100101
01010101
010010001
01010101
100010100
1010101
0010101
010010001
010101010
011001010
1001010
101010
010010101
01010101
0100001010
0000101010
0101010
101010
0101010101
10010001001
1001000101
1010101
100100101
0101001001
101010
01101010
010100101
01010101
10010110
1010101
01010010
00001001010
010000101
10100101
10010101
10000101
001010101
010100101
10100101
01000101
00100101
01010101
1010010
010101010
0010101
0010010101
001010101
01010101
10100101
100101
01010101
100010101
1001010
00101010
01010101
010101001
0101010010
10010101
010101010
01001010
1010101
100010101
01010101
10001001
0101010
1001010
1010001
100101001
0100101
01010101
0101110
10010101
101001
001010101
10101010
0101001
010010101
010100101
010101010
10010010010
0101010001
001000101
10010101010
0100010010
01010010010
100010010
1010001010
0100101010
0010101
1010101
1010010
0101010
100010101
0010101
010100101
0010101
01000011
0100101001
001001010101
010010101
0110101
01010101
001010101
01010101
0010001010
100101010
10010101
001010101
1001010010
10001010
1010101
0101010
0010100101
01001101
10001001001
0100101001
0001010101
0101101
1010101
0010101
0010010
1010010
011010
101010
101001
101001
0100101
0101001010
0010110
0101001010
01010101
01010101
1010101
1010101
0100101
1010010
0101010
1001010
01010010
10001010
0110101
010010101
010100101
10010101001
01010101
010101010
01001010
010101010
0100101010
100101010
01010101
1010001001
0101001010
10101010
100101010
100101010
0110101
010101001
01010101
01010101
10101010
0100101010
0001001010
010101010
01010101010
101010010
100001010
01010101
0100110001
100001101
01010101
01010101
10010111
01010101
10100101010
0100010010
0100001001
010101010
01010101
001010101
100010010
010101010
01010101
010010101
1001010101
1010001001
1001010001
101010101
0101010010
001010001001
101010010001
10100101
01010101
01010011
0101010101
01010101
100101001
01001010101
10101010100
01010010
0101010100
10010101
010010101
10010101
0101010101000
01011001
0101011
01010101
10011001
01010101
010101001
010101001
1000100101
10100101
01011010
10001000101
100010010
01001010
01010101
01010101
1010101
01010101
0101101
100101
101010010
010101010
10010101
0100101
101010
101001001
01010101
01010100101
01010101
0100100101
101010
010011001
10101010
100101010
10010101
010110101
010100101
10101001
010001010
0000010101010
010101010
100001010
0101010
01010011
100100101
010011001
0101110
1000101
00101001001
010101001
01010101
01010101
0010000110
1001001010
0010101010
10101010
01010101
010010101
0101000110
10001010
1010101
01000010101
100100101
1010100101
0010100101
010010101
010101010
010101010
0110101
010100101
1010101
1010101
1000100101
100010101
01011001
1010101
100101010
010101010
10100010
101010
01010101
10010101
0101010
0100101
10100101
010010101
010101010
1010010010
101010101
01010101
0101010101
01010101
001001010
10010110
010010101
0101001
1000010100
0010101
01010101
010100101
010101010
1000101010
0010010100
01100010
0100100101
0101001001
10100101
0101001
0100110
101010
01010101
01001001
01011010
0000101010
010101010
010101010
1010101
01010101
1001001001
01010011
00100101
1001001
110010
00101010
00101010
101010
1000101010
0101001010
010100101
0100101
100010101
0100101001
0101010
01011010
010101001
100101
10010101
0010101
00110101
1010101
001010010
101001010
01010010010
1010101010
010101001
1010101
01010100
0110001
0100101010
010110010
01010101
0100100101
1001010
101010
01010011
10100101
010100101
01010101
10101010
1010010010
001001010
100010101010
0101001010
01001010
100101000
100101000
1001010
01001010010
10101001
01100101
01010101
1010101
010101010
00101010
10000101
0101001
000010101
10010101
1010101
101010001
01010101
10100101
1001010010
010101010
01101001
010100101
010100101
10010101
101000101
0100101001
1010101
0010101
01010101
0010010101
01010101
01010010
010100101
100100101
0101001
100010101
100100101
100101001
1010101
010101
0101001010
01001001010
100010101
10010100101
000010101010
010101010
10101010
00101010
1010010
101010
10101010
1000101010
10001010
0101010
1010101
010010101
0101010
1001010
101010
1010010
01000101
001010101
01010101
01001010
010101010
00110010
010101010
0101010
1001010
101001
1001001
1010011
00101001
01010101
01001101
10010101
01010101
01011
10000101
1001001
01010101
101001
0110110
011010
01100101
1000100001
01011010
010101010
1010101
00110101
0101010
100101010
1000100101
0101001001
10100101
10010101
1001101
010010101
0100101010
010010010
010010101
010100101
010100101
0101101
010010101
001010101
01011001
0101100101
010000101
01010101
01010101
010100101
100100101
0101101
010101010
00101010
1001001010
100100110
01010101
010101001
1010101
0010010101
0100110101
010100101
0100010101
01010101
1001001
001010101
01010101
01010101
011001001
01010101
010010101
010100101
0101011
10010101
1000101010
010101010
0010101010
100101010
010101001
10100101
10101001
010011
10010010
0101010
001010101
10010101
010101010
10101010
10101011
01010101
100010101
01010101
10101001
010100101
010010101
1010101
010101010
101010010
1010101
0010101001
001101
01010101
00100110
10101010
01010101
10010101
10101010
01011010010
10101010
01001010
1001010
1000101010
1010101
100010101
01010010
101001010
10010101
101010
0101010010
010101010
010010101
1000100101
100101010
0101001010
010101001
0101010001
010101001
100101001
0101001010
001010010
001010100
1010101
01001010
101010
10100101
01010101
10001010
101010
100101010
1010010
0101010
0101010
010101
010101
100100101
011101001
100100101
01000101
0101010010010
0101010010
101010
101010
0101010
0101010
1010101
010100101
10100101
01010101
001010101
1010101
010010101
01010101
101010
100101010
01010101
0101001
10101001
010101001
0101010
100101010
10101010
11010101
10010010001
0101010101
000100101
0100101
0100101
010100101
100010101
01010101
01010101
1010101
010101010
10010001000
1001010
0101010
010101
010101
010101010
010101010
0100101010
01001010010
010101
01010101
01010101
100100101
001010101
01010101
10010101
010010101
010101001
10010101
01011001
0010100101
010101010
010101010
11010010
010010010010
100010101
100010101
01010101
100010010
01010101
1010101
010101001
10010101
0101010
10001010
101001010
1010110
10101001
1010101
100010101
10010101
100010101
10100101
101010
01010101
1000100101
100010101
01010101
001010101
1010010
1010010
101001010
0101001010
01010101
00101001
10001001001
0101001
01010101
10000101000
01010101
100010101
10001010
010101010
010101010
100101010
01001010
10101010
1010101
010100101
01010010
0101010
001001010
001010001
01010101
01010101
01010101
101001
00101010
1000101
0101010010
010101010
1010101
10010101
0101010
01001010
100101
01010101
1010010
01010101
010100101
010101010
1010110
01010100
10101001
10011001
01001010010
010101010
001010001
100010101
01001101
1010101
100101
101010101
01010011
100010001
01010101
10010101001
0101001010
1010010010
010010101
01010101
0101001001
1001001
100101010
0100101010
01001011
010101001
100010001
01011001
010010101
100101001
1010101
01010101
100101010
01011010
100011001
10010101
10100101
100010101
100000101
01010101
100101001
0010101
010100101
10101001
100010101
1010101
1000101
010010101
010101001
10100101
010100101
000110101
100101010
010101010
010101010
101010010
0101001010
010101010
10101010
0101010010
010100110
01010010
10010101
001101
010010
01010010
10010010
001001010
1000101001
00101101
001001010
10101010
001000101
0100101
1010101
01010010
010100101
01010101
10101010
010101010
0010101
010100101
010010101
10010101
0100100101
0010010101
100101010
10101010
01001010
0100010010
01010101
10010101
01010010
010101010
01010101
01010101
01010101
01001000101
01010010010
10101010
000101001
01001101
0100101
001010001
1000010011
01010101
01010101
0010100101
0010001010
100101010
10010101
1010101
01010101
01010101
100101010
01010101010
100000101
01010101
0101010
01010001001
010110010
100101010
10101010
1001001010
010101010
10101010
010100101
01010101
01010101
0100101
10010101
001010010
10010101
010010101
010100010
100101010
00010101
01010101
0010101
01001010
1010010
01001001
010110001
011000101
0101010
100101010
1010101
1010101
101010
01010010
001010010010
010110010
01000101
0001010101
0101001
101010100
01001010
101001010
10010101010
0101001010
01001010
01001010
10101010
10101010
10100101
1010101
10101010
010101010
01010101
010101
01010101
01010101
0101001010
100101010
101010
01010010
01010101
10010101
01010101
1010101
010100101
010010101
0100100101
01010101
100100101
10100101
1001001
010100101
000001001010
0101010
10010101
01010101
00100010
010001010
010100001
001010101
0010010101
01010101
010101010
10010101
010101010
010101010
001001010
100101010
1010010
0110101
100100101
10010101
01010101
00101001
010101010
01010101010
1010101
10010101
01010101
0101010
0010101
010100101
010101001
01010101
0001001001
1010101
0110101
0100101
10101010
101001010
101000100010
01010010010
0100101010
0101010010
100101010
10001001010
10010101
0101010101
100001010001
01010001000
100100100
1000101010
1010110
0101010
01101001
1000100
00101010
1010101
01010101
01010010
01001001
1010101
0101001
10010101
1001010
001010010
001010010
010010101
011010
010010001
00100100101
10010011
010101010
010101010
01010101
01010101
0101001
101000
01010101
01010101
01010001001
00010001001
1010101
0110101
00101010
010101010
01010101
10101001
1010011
010100101
00101010
0101010
00101001
0101011
1010101010
1001010010
0101010
10101010
0101101
100010101
01010101
10010101
01010101
010100101
010100101
10010101
10010101
01010010
0101010101
0101101
10101001
0100100101
01010101
01001010100
010101010
00010101010
101100101
1010101
010100101
1010101
0010101
1010101
10001001
001010
10010101
100010101
010100001
010010101
0110101
01011001
010101010
01001010
01010101
1010101
0100101010
00101010010
001000101
0101100101
01010010
1010101
010101010
0101010
101010101
100101010
1010101
10001010001
100100101
01010101
1001010101
01010101
1010101
01010101
100100101
010101001
010010101
0101000101
1010101
001010101
001000101
01010101
1010101
01010101
010101001
01010101
01010101
01010101
01001010010
0010101010
01010101
100101001
010100010
00101010
10110010
101010010
10001010010
010101010
0100010101
0100101
0110101
01010100100
0101010
0101010
01010001
100101001
101000101
010100101
0101010
01001010
001010101
101001
010101001
0101001
1010010
0101001010
0100010101
100101
01011001
00101001
101010110
100101001
01010101
1000001
010100101
00101001
10100101
010100001
0110101
100010001
01010101
01010011
0101010
010101010
101010
1001001
100010101
1010101
10101010
010101010
010010101
0100001001
101100
010101001
0010101
1010101
100101010
1000101010
00010101
01010101
10010101
010101001
1000101
1010101
0010101
01010101
10001011
010010101
010100101
1010101
100001001
010100101
0010100101
0001010101
1010101
0101010
010101010
0010101010
0000101010
101010010
101001001
101000
0101000010
01010010
0010101000
010101001
0010101
01010101
001000101
101010100
0101010
010010001010
010100101
10100101
101010101
0010101
101010
01010010
100010101
10101000
100010101
0101101
01010101
01001101
0101010
100101
01001010
1001010
010010101
01011001
00101010
010100101
0100101010
01011001010
000101010
010101010
00100101
101010101
0010100010
001010010
010010101
1010101
0101010
010101001
01010101
0101010101
00100101
10011001
010101010
00101010
01001010
01001010
101001001
010110101
01010101
01010101
010100001
0010001001
001101011
10101001
0010011010
101101010
0110111
001000101
100110001
01010101
010101010
10001001010
010010101010
01010110
1001001010
00101010
1010101
1001001
100010100101
10010101
10100101
01010101
0100101001
0101001
10010101
00101001
101001010
01001010
001010101
010100101001
010010010
001010100
01010101
01010101
101001
01010101
010100101
00001000101
01010010
1010010010
010010101
1011001
0110101
00101001
1010101
1010101
01001010
101010
10010101
01010101
01010011
01010101
01010101
1010101001
10101010
001101010
001000101
1010101
010101010
100010101
01010101
010010001
01001010
1010010
01001010
01010101
010101010
10101010
00100100101
1010101
010010101
0100100101
011010101
00100101
01010110
0101001010
10010101
1011001
01010101
01010101
101010
01001010
0110100101
01010101
1000100101
000010101
0010101
01011001
01010101
1010101
011010010
1001010010
01010101
1010101
1010101
010101001
0010101
000011001
0101011
0100110101
1001001010
110010
1010001
001010001
10101001
01010011
0110101
01010010
100010101
010101001
10100101
01010101
0101010
101010010
010101001
10100101
01010101
10010101
010100101
1100101
1010010
0101001010
10010101
01010101
1001010
01010010
0010101
010010101
010110
01010010
01010101
01000010101
0100101010
11010010
01010101
1001110
01010010
101010
1010001
01100101
010100101
0100010001
00100001010
1010100
10100101
01000101001
100010010010
010001010
01010101
01010101
01010101
01011000101
10101010
0101010
010101001
01000101001
01000101010
100101010
01010101
01010101
00101010
101001010
101000101
101000
010010010
01010101
10101010
10101010
1000101010
00101010
0101000101
10010101
010011011
01010110
10010101
0101001
10010010101
1001001010
1001010010
010101010
101001
01100101
01010101
010010101
101010
0101010
1010010
0101010
01001001010
0010101010
010000101
1010101
001010
01001001010
10101010
01001010
01000100101
10010101
101010
0101010
001001001
1010101
01010101
010000011
100010101
101011
101010
101010
10010101
0010101
010100101
0110101
1010000110
01100101
01010101
10010101
1000101
01101001
001010
101010
10101010
100010010
00101010
0010101
0101010001
1000101
1010010
100100010
1001101
100101
0101010
101010010
0101010
1001010
100101001
101001101
0101010
10101010
101010
101010
001010101
10001010
010010101
01010101
0101010
101010
0101101
01010101
01001010
10101010
01000110
0101010
010101010
010100101
01010101
010000101
101010
0101010
1000010101
1010101
1010101
01010101
00101010101
10101010
1001001
10010101
01010010
10101010
0110101
1010001
0101001010
001010010
010001
1010101
10010010
01010101
1001101
01010101
01010011
01010101
10101010
10001010
100010101
01010101
10100100
010100101
010011001
10001001
10101010
011001010
0100101
1011001001
01010101
0101010
01010010
100101010
001100101
01100101
101001010
1011010
0100100101
10101001
1010011
01010101
01010000010
100101010
101010
1001010
100100101001
10100101
100100101
01001001
100101001
1001011
1010101
1010101
01010101
0101011
01010101
010101001
1010101
001010101
01010101
0101011
01001010
01001001001010
10001000101
01010101
010010010
0100100010
0100100101
010101001
1001010
1001010
1101010
1001010
010011010
10100101
01010010
101001010
010010100101
01010101
110010
001001010
1010011
01100101
010100101
0100101
10010101
1010101
01101001
1010101
01001010
100010010
0010101
00101101
10010101
01001010
100100101
01010101
0101010
001010101
1000101010
1010010
10010101
0010101
10010101
10010101
0100100101
0101101
01010101
0100100101
0101010010
0101010
01010101
01010101
1010101
0110101
010101001
1010001001
10101101
01010101
0101010001
10010101
100001010
0101010
001010101
01010101
100101
1010101
01010010
1001010
101010
0101010
010100101
010010101
0010001
0100101
0010101
010100101
010111001
010101001
101001001
010101
001010101
01010101
01010110
01100101
01010101
010010101
0010101
011001001
01001010101
0101101
0101001
01010101
0101001011
01010101
0110010001
10101010
01100101
010010101
0010101010
001010010
01010101
10010101
1000101010
010101010
1010101
0010101
01010101
01010101
10101010
010101010
10101010
01001001010
100101
10010001
10010101
00100011
01010101
0010101
0101010
1001010
0010101
01010101
00100101
101010101
1001010001
01010101
010010001
01010101
110010101
010100101
0100101010
1010101000010
010101
100110100
01010100101
1010101
010101001
10100101
0110101
101001
011001010
10101010
1010101
01010101
10101
0101001
00100101
101010
1001101
00101001
0101010
0100110
0101010010
0101001010
10010101
101010101
1010101010
1010100010
010101010
101010
00100100101
0101001
1001001
0100101001
01010
10101010
00101010
01001010
0010110
0100110100
01010101
1010101
010100101
10100101
01010101
0100100101
001010101
10010101
010100101
01010101
01010101
010010101
010101010
000101010
010100101
010100101
010110010
100110
01001010
1001010010
10101010
0010101100
010100101
1010101
1010000010
01010001010
00100101001
100010101
001001010
01010010
101010101
011010101
10010101
1010101
01010101
010101
01010101
10010101
10010101
01010011
10010101
01001001
0011010101
01010101
10010101
1010101
0010011
10011001
001101
1010101
1010010
0010010100101
1000010010
01010100
001010001
0101010010
01001010
0101001001
101001
00100101
100101010
0100101010
1010101
010010101
01010010
00110010
001001001
01010101
00100110010
010101010
100100101
010100101
101010
01010010
1000101001
00100101
0010101
0011001
1001010
0011010
0010101
0100101001
100101010
01010010
1010101
101010101
01010010
10101010
01010101
010100101
010010001
01010101
00101010
10001010
0110101
10010101
0101010010
0101001010
01001001001
01010011
1010101
01010101
10010101
1010101
1010101
10101001
0100100101
010010101
01010101
01001011
01010101
01010101
10001010
01010010
0010010101
0010101
0100101010
1001010
10101010
0010101010
01010101
010100101
01010010
01010010
100101010
100101010
1010101
10100101
0101010010
10001010
101010101
101010101
0101001001
0101001
1001010100
0101010
1001010
01010100010
1001010
100010010
010101010
00101010
101010101
01010101
10101010
1010010010
010100101
1010101
0001001001
010010101
010100101
01010101
01010101
100100101
010101010
010001010
0100110
0101010
101001010
010100010
010100101
10100101
0010101
0010101
100000100101
0010101
10100101
1011001
1010101
0100101
01010101
10100101001
111001010
0101010
10100010100
01010101
100101001
10010100100
01010101
100001010
100010101
1010101
001010010
100010010
01010101
0100101
100101010
1001001010
100101010
10110010
1010101
000010101
010100101
0010101
010101010
010010010
10000101
01000101
00101001
00010101
100001010
01010010
1001010010
01001010
10101010
0101010
101010
101010010
1001010
101010
01010101
0101001
0100101
0100101
010101010
01010101
010010101
0101001
1001010
1001010
01010011
0010101
101010
1001010
10010010
0101010
010110101
010011001
01010001
1010101
01010010
0101010010
100101
0101101
0101010
100101010
1010101
1010101
101001001
010010101
00001010
101010
0101010
1001010010
01101001
10100101
010101
10010101
101001010
101010
010100101
100010101
100100101
01010101
01100101
01010101
10010101
101010101
010111
00010101
01010101
1010011
01010010
1000010010
10100101
01010101
1001011
100101011
010101010
0101010
0101010
10110010
0010100101
0101101
0100101001
010010101
001001010
100010101
0010101
1010101
01010101
001000101
