1000010
1010010
0110010
10101010
00101010
011010010
0110001010
0000101010
01001010
11101010
010101010
101001010
1001010010
10101010
10010101
010100101
010101010
01101010
01010101
1010010011
10101010
001101010
001010010
1001010010
001001101
01010101
001010101
00110101
10101010
1010100
1010110
010101010
01010010
10101010
1001010010
010101010
01010010
001000100
10100010
100101010
010101010
001101010
001010101
01010101
01010101
001010101
00010101
001010101
01001010010
01010010010
10100101
100100101
1001001010
1010010
010010101
010100101
0101001010
010101010
10100101
1011001
01010101
010100101
10101001
01010101
01101001
01010101
01010101
01010101
0010101010
01010101
01001010
10010010
1010101
1010101
100010101
0010110001
1000101010
01101010
1010101
1010101
1010101
010100101
01010101
10010101
0010101010
10101010
10001001
01100101
01110010
100101010
0000101001
00110010
0010010101
01010101
100101010
10101010
001010101
10100101
0101010
00101010
1010101
01010110
010101010
010101010
01010
0101010
0100101010
01010001010
01010010001
0010010101
01010101
101010101
010100101
1010101
100100101
01010110
010100101
001010010
01010101
001010101
00101000
1010101
01010101
010010101
010101010
01001010
010101010
01001010
10100101
010010
001010101
01010101
01010101
10010101
010101001
01010101
100101001
00010011
010010101
0010000101
01001010
010101010
11001010
0100101010
0010101
10101001
011001010
0101001010
0010010010
0100101010
010100101
10100101
001001001
10100101
0101001010
001010101010
0000101010
101001010
010010101
010100101
01010101
00101010
00101010
00001001010
0010010101
01010101
0101010010
010101010
0101001010
010101010
101010
01010110
10101010
001001010
0010101010
00010100010
0010101
10010101
0101001
01010101
0100101010
010101010
01001010101
1010101
0101010
0101010
10001010010
0101001010
01010110
00110101
01010101
010100101
01010101
010100101
100001001
101000101
01001000
10100100
010011010
001000001010
1101101
01010101
1000101010
0010101010
001001010
1000101010
0110100110
010101010
010101010
010101010
01100101010
0010010010
010101010
101010010
10010010001
00101010
01010101
10010101
100101
01010101
1001100101
110100101
010011101
01010101
10010101
100010101
1010100
1010101
01010101
10101001
0101010
01010001
1010101
010010010
10010101
000110101
0100100101
101000101
01010101
01010101
100101001
010011
1010101
010100101
0111010
101001010
10100110
10101010
0101010101010
0101001010
0101001010
010101010
01010101
10010001
01010010
010100010
1010101
1010101
1010101
01011001
10100101010
001010101
100101010
0101001010
0100101
01010101
010101010
0010101010
10001001
01010101
10101010
10101010
01010101
0101101
01010101
1010110
0101001001
0100100101
010101010
0000101010
001010101
01001101
0101000010
010101010
010101010
010101010
10010101
010101001
100011010
1000001010
0101010
101010010
101000010101
001010101
100010101
010100001
10010101
0101001
01010101
01001010101
10100010
001100010
0101011
100101001
01010101
1010101
0101001010
10100101010
1001010
10101010
010101010
100101010
10010010
001001010
0101010010
01001010
011001010
01001010
10101010
010010010
0000101010
1001001010
1010101
010100101
10100101
01010101
010110
010101
101010010
1001001010
0101010
010010101
01010101
00100101
01010101
0101010100
1000101001
01010101
0101010010
01010010
1010010
0110010010
1010101
001010010
10101010
1001001010
1010101
1010100001
101010010
0101010
1010101
010010101
0101011
010010101
01010010
0100101010
10010010
01010010
01010010
10101010
0100101
1010010101
0101001010
010101010
10101010
0100101010
010010101
101001010
001110010
10100001010
10010010
10001010
001001010
1000101010
100010101
100100101
010101010
010101010
001010101
0101011
01010101
010101001
010100101
01010101
10011001
10100101
01010110
0101010
01011010
010101010
100110
10001010
001001010
0001010010
01010101
00100101
1010101
00100101001
010100101
0100101001
00100101
0010100101
01010101
0100101
00101010
00101010
1000101
0011001
001010010
100101010
1010101
0100101
10000101010
100101010
10010010
0001001010
001010101
1000101001
100001010
001001010
100110010
0101001010
010101010
10001001010
1000010101
010101001
010110010
010011010
10101010
01010010
010010101
0101001
10101010
010101010
1010010
1001010010
10010010
010011010
101001
0010101
1010101
1010101
100101010
0010101010
01001010010
10101010
010010101
01010101
010010110
11001010
10110010
01010101010
010101
1010101
01001010
01010101010
01010001010
01011010010
10010101010
10101010
01001010
010101010
010100010
010101010
0100101
01010101
010101010
001011010
1010101
010101
0100101
10010101
10001001010
01101010
101001010
1001010010
00101010101
100010101
01010101
0010101
0010101010
10101010
00101010
0101010
101010010
001010010
010101010
0010101010
100101010
0100100101
0101011010
010101010
01001100010
0010101010
01001001
01100101
0101001010
10101010
010101010
0101010010
001010010
010101010
010101010
1000101010
10101001
100100001
1010101
01011001
01010101
100010101
010101010
00001010
001010010
01010010
0110101
10100101
0010101010
010101010
0101010101
01010101
011011
001010101
00101010
10101010
0101001011
0100101
010100101
01010101
010101
010101
0101010
1000101010
1010101
01010101
101001010
0100101010
00100101
0010101
010101010
1000101010
0101101
01010101
10100101
100100010
01001010
00101001010
010110010
010101010
10101010
100101010
01000101010001
1001001
0010101
1010110
01010101
00100101
00101010
01011010
01010110
100101010
01010101
0101001
10101
00101010
0010001001
01010101
010100110
0101010010
00100101
001010101
0010101010
001010010
100010101
10000100101
0101001001
10100101
01010101
001010101
10101010
001001010
010010011
01000101
101010010
010110010
010000101
01010101
01010101
00010101
100010101
011001
101010001
001010101
0101001
1000100101
010101010
10101010
0010101
010101001
01010101
100010101
100001000
01010101
010010010010
010100101010
01010101
010101001
00101001
101101
010100101
001010110
01010101
01010101
010101010
010101001
101010
01101010
01001010
0101001010
1001001010
10101010
01010101
001010101
0100101010
0101010
010110
00010101
10101010
0101001010
000101010
10100001010
100101010
01100010
01010101
010010101
10010101
000100101
010101010
0101010
010101010
10000110
001101010
010101010
101001010
100101010
1000101001
1010101
10010101
1100101
1001010
01010101
10101010
0010101
010100101
100100101
1010100101
0100101001
101010101
100010100
010100101
010010101
0100101010
01010010
1010010101
101000101
010101010
1010101010
01001010
10101010
0100101010
10101010
1001010101
01010101
01010010
101001010
010101010
00010101010
100101010
0100101010
0010011
001010101
100000101
001010101
0010101010
0101001010
0100101
010110101
0100110
010011010
00101010
0110010010
010101001
10101001
01100101
010100101
010010010
01011001
010101010
000101010
01011010
000100101010
1001010001010
010101010
100000110
10101010
01010101
010010101
01010101
01010101
01010101
1010101
100101010
011001010
0100101010
101001010
010101001
00101001
01010101
1010010
1010101
01010101
111010
1010101
010000101
1010101
100001010
001010010
1001001001
10100101
0100101010
001010010
01010101
011001001
0101001010
010101010
1010101
010100101
01010101
1010101
10101010
010101010
0010101010
10000001010
10100101
01010101
10001001010
1010001010
0101000
010101
100100101
010100101
01010101
001010101
10010101
10101000
1010101
101010101
0010100101
01000101
1010010101
0101001010
01010110
10010010
001010101
01010101
01010101
10001101
00100101
1000101
01010101
100010101
10100101
1010101
0101010
01010111
101010101
1001101
0101011
01010101
10010101
01011001
01011010
1010110
100101010
0101010010
010101010
01001010
0010101
01010101
01010010
10001010
01010101
01010101
010010001001
10010101
010100101
0100101
0101001010
1010010010
100101010
100101010
0101000101
001010001
10000101001
101000101
100101010
0011001010
0010100101
1010101
001010101
10001010
010101
010010101
010101
1010101
1001001010
10101010
010100101
01001001
0101100100
1001010010
001010101
10101001
100101010
010101010
0010001010
0000001010
10110010
1001010010
10101001
101010101
1010101010
010101010
1001001
011011
1010101
010100001
1010001010
010101010
00101001010
0010001010
101010010
10101010
01010101
1010101
010101001
1010101
0010010010
00100110
100010101
01010101
1001001010
1000101010
10101010
0010001010
0101101
01010101
0100101
01010101
01010101
1010101
1010101
1010101
1001010
1001010010
0101101
0100101
01010101
01010101
100101
1010101
10010101
001000101
0101010
1010010
0101011010
00101010
0100101010
10101010
00100101
01010101
0100101010
01010101010
01010101
0100101
0100101010
01101010
10100101
010010101
010100101
01010101
00101010
10101010
001010010
001101010
00101010
010101010
0001010001
0010101
00010101010
00101010
0100101
010100101
0101101
010010100
1010101
01010101
01010101
0010101
00101001
100010101
10101010
010101010
1010101
1010101
01010101
01101001
01001001
010100101
10100101
01010101
010100101010
010101010
010101010
010101010
001001010
010101010
1010110
1000101
10100101
001000101
01010101
01010101
010010101
010100101
011101
01010110
100101011
01001010
10101001
01010101
10110101
01010101
1001001010
01001001010
010101010
10101010
01010101
01010101
1011010
010010101
100100101
1010001
01010101
0100101
100101010
00101010
10010101
010101001
01010101
01010101
010010101
1000101
10101001
00101001
010100101
0010101001
010101010
10101010
101010101
0100101
0101101010
0100101010
0101001010
0101010
100100101
0010010101
10100101
1010101
10110101
010010101
01010101
1010101
000101010
1001010010
010100101
0101001
100010101
01010101
1010010
100101010
010010101
10010101
0010101010
010001010
010010101
10101001
010101010
010101010
01010101
0100101001
10000101
10010101
01010101
01010101
010100101
01011101
0010101
010010101
01010101
10100101
001001001010
1001010010
0101001010
010101010
010101010
1010101
10010101
0100101
10000101
010101
010101001
0010101
100101
101010101
001001010
000101010
010101001010
100001001010
0100101
10010101
10100101
0100101
010101
1010101
010100101
0010101
100101001
01010101
1001010010
01010010
001001001010
001001010
01001010
010101010
01010101
01010101
001101
1010101
010101010
010101010
010101
01010101
10100101
001010101
1010101
01010101
101001
010010101
010101010
001001010
10001010
0101010
010101001
01010101
010011010
0101010
1000101010
0100101010
01010101
100010101
01011101
100101001
0101001010
01001010
100100101
0010101
0110010101
0010010101
010101
01010101
1010101
10010101
011001010
01011010
00101010
010100010
0100101
1010100
001001010
001010010
1001001
01010101
010101
01010101
010101010
1001010010
100100101
01010101
0100101010
00010101010
010101010
01010100
10101
01010101
1001001
0100101
01010101
010010101
1010101
1010101
011001001
10100101
010010010
10101010
0110101
0101001
1010101
01010010
10101010
010010010
01010101
00100101
0110101
011101
1000010
1001010
001010101
01010011
00101010
01001010
011011001
01100101
1010101
1010101
01010101
0101010
1001111
0001101
0100101
010101
0011010010
10010010
000101010
010101010
10010101
1011001
101001010
10101010
0010101010
01001010
1010001
00101001
01010101
10100101
000101010
010101010
1010101
000100101
1000101
010010101
01010001
01010101
00110101
01010010
001010101
01100101
010100101
001000101
10100010
101001010
0001010101
00010101
101010
01010010
001010010
00101010
1010101
1010101
011001010
01001010
101001010
0011010
1010101
01010101
0101010
10010101
01011001
00100101
0101010101
0010101001
010101
1000101
0101001010
010010010
0101011
1010010101
0010101010
101010010
01001000101
0110101
010101010
0101001010
10010101
01010101
1010001
010100001
00101010
101000110
01010101
01100101
01010101
01010101
0110101
01010101
001101
01010101
0110101
010101
10010101
0101010010
010101001
01010101
0101010
10000001
010100101
101010
10010101
010011001
01010010
010101010
0101010
010010101
01011001
01010101
01011001
0101001
100101001
01010101
1010101
1010101
100100101
1010101
01010101
01010101
01010101
0101010101
001001010
100101010
010101010
000101010
0100101
01010101
100101010
100101010
00100101
100100101
0011010001
010101
1001010
010101010
01010101
01001101
100010101
0101101
101001010
01001010
000010101
010010101
100010101
1010101
00101010
100011010
00101010
1001010010
01011001
1010001
1010101
010110
00100101
1001010
01010101
001010101
1010010
010101010010
010100101
100010101
0101010010
01010010
1010101
0101101
001010010
010101010
001001010
101001010
01010101
10010101
001010110
00101010
0010101010
010101010
101001010
010101010
0100101001
0010101
01010010
010010010
10101010
010101010
1010101
01010101
1010101
0100101001
0101010
100100101
100010101
01010101
001000101
1001001
0101001010
010101010
01010101
0010010101
01010101
1010000101
0101010
01010101
100101010
0101010
10101010
010101010
010101010
010101010
0101010101
10100101
10101001
010101001
01010110
01010101
00010101001
00101001
101001010
00100110
0101001
01010101
0100010101
0101001
100101010
010101010
10010101
10000101
01010101
10010010
0100101
01010101
0010101
1010101
00100101
01010101
001010101
1010101
010101001
101001001
0101011
1010101
1011001
10010101
00110101
100100
01010101
10010101
10011001
00101101
0100101010
0101010
1001010010
101010
0010011001
01010101
001001010
0010010010
010010101
0110101001
1001001001
01000101
0101001
0100101
01010101
100010101
010011001
010101
100101
10100101
0010010001
01010101
01010101
0100101
0010101
0100101
001010010
010101010
10001001010
00101010
101011
01010101
0010101010
0100101010
010100101
100101001
0100101
010010101
0010101
01010101
001010101
01010101
1010101
10100101
01001010010
10011010
001001010
0101001010
01010010
01101010
010010101
01010101
010101
01010101
010101010
010100001010
010001010
0010001010
010010101
0101010101
010101010
0010001010
01010101
01010101
011010
010101010
100010101
001010101
1001001
00100101
01010101
0010010100
10100001
01010101
01010101
01010101
100101001
10100011
1010101
10101001
100010101
01010011
10010010
010101010
0100110
1010101
010101
01010101
010100101
1000101101
0110101
1000001001
10101010010
010011010
0101010
010101010
010100101
10001010001
01010101
10100101
010100
10101010
010101001
10100101
01001010
10110010
1100101
0100101
10100101
1000101001
0100110
10001010
100001010
0101010010
001010001
01010101
1001
10100101
01001001
1000101
1010100010
01001010
10001010
01010101
100110101
0100101
010101010
010100110
100100100
100101010
10101001
01101001
010010101
01010101
00100001010
10101010
010110101
0100110
1001010
10101010
010100101
101010101
010101010
001001010
0101010
010001010
00101010
01010010
00101010
0101001010
001001010
0100101010
010100101
101000101
010001010
10001001010
010101010
010101010
01010101
01001001
01010101
01010101
10100101
01010101
00100100101
01010101
01001010
10101010
0100101
0101010101
00101001
10011001
100101010
01010010
101010011
01010101
010110010
00101010
01010101
01010101
01010101
00101001
01010101
001010101
010101010
10101010
010011
10010100
100010101
0010101
1010101
011001
100101010
010011010
100100101
00100101
010100101
101010101
010011001
0100101
100010101
01010101
01010101
001010101
1001101
01010101
1000100101
1010101
01010101
010101
1010101
1010101
01000110
1000101010
10101010
1000101010
010101010
0100101010
1010101
101011
1010101
01010101
101010
010101010
00100101
010101101
0010010101
01010101
0101000001
010100101
00110101
010100101
0010010010
10010101
1001101
0101001
00110101
100010101
10100101
01010101
0010101
010100101
1010101
0101001
0101010100
101010
00101010
10010011
1010101
10101010
01001001010
0010101
01010101
01010101
01010101
0100101
10010101
10100101
01011001
01010011
010101
101010
01010101
0100001010
010101010
0101001010
010101010
01010101
01010101
1010101
010010101
1001001010
010101010
10100101
010100101
010100101
01010101
010101001
010010101
0100100001
0101010
01001010
11001010
01010110
0100101010
1001000010
10100010
010101010
01010101
001100101
1010101
0010101
010101010
01010010
0010100101
01010101
000100101
010101001
010101
010101001
0101001010
010101010
10010101
10010101
01010101
1010000100
100000101
10010101
1000101010
100001010
00101010
0010101010
1000101001
101000101
0000100101
010100101
10010001
010100101
01001010
0010101010
010100101
100100101
1010000101
1010101
101001010
0010101010
0101010010
1000101010
0101010
1001001010
101010010
010101010
10101010
01010101
010101010
101001010
0100101
1010001001
0100101010
0100101010
100101
00101001
1010101
100111001
100010010
00101010
10100101
01011001
0100100101
10010101
1000101
01010101
01101010
10101010
01010101
1010101
010010101
10010101
0101010
10101010
0101001010
10001010
0010101
010010101
00101010
0101001010
10101010
00100101010
0010101010
010101010
010101010
011001010
1010101
100010101
010010101
10010101
00010101001
101001001
001001010010
0010101010
10101010
10101010
0101010
0101001010
1011010
00110101
101001010
0101010010
01010101
1101011
0101001010
001010010
010010010
01001010
010101000
010101001
01001010
00101010
001001010
0110000101
10010001
10010101001
101010101
0110101
0101010
10000101
10100101
010010101
1010101
1010011010
01010101
00110101
1010101
001001001
1001001
0101001
100001010
010101010
010101010
010101010
010101010
010101010
01101010
0100101010
10101010
010110010
10001010
001001010
010101010
0101001010
010101010
100101010
0101001
0101010
01001101
0010101
1010101
010101
001010101
00101101
010101010
010101010
0101001010
01010010
0101001
01010101
01010010
001101010
1010101
10010101
01010101
100100101
01100101
01010101
0001010
00101010
0101010
00101010
0101010
00101010
01010101
1010101
100001010
10101010
010101010
10101010
0101010
10100010
0010010101
100010101
00100101
10001101
010101010
010101010
01011001
1010101
10010101
01010101
010101010
100101010
10101010
00101010
0000101
01010010
01010101
1001001
0101010
00101010
010101
10010101
010101
0101100
0101010
1010101010
10001010
00101010
01000101
101000101
0101010101
010101001
100010101
0100101001
0010010010
01001010
00100101
010100101
0100100101
01010101
01010101
10100101
01010101
0100101001
10101010
0100101010
01010011
1010110
1001001010
100101010
10101010
010101001010
01010101
0010010101
0101001
0001010101
10010101
00010101001
1010101
010010010
01001001001
01101010
010101010
010101010
0010101010
010101010
0010101010
00001010
01001010
10101010
1000101010
010011010
00101001
01010101001
00100101
010010101
010100101
01001101
01001010
010101010
00100101
01100101
01010101
01101001
01011010
101001
10010101
0101010
100010101
0100101
100000101
001010101
10100101
10100101
010101
10000101
100010101
10010100100
01000101
100010101
010101010
010110010
100010101
10100101
1001010
010101010
10010101
001010101
10100101
01010101
10010101
1010101
0101010
100101010
0101001
0110101
0101010
001010001
01010101
010100101
0100100101
01010101
100101010
01010101010
001010101
10100101
1001010
0110101
10010101
01010101
0100100101
001010101
010101010
10101010
1001010010
01010101
0010101010
00101010
00010101010
1000101010
010101010
101001010
010010101
010101010
10101010
01010010
0101010010
0101001010
01100101
01100101
010101010
10100001001
01011001
010101001
010101010
01010010
1001010101
010100101
1010101
001010101
0100001010
001001010
10101010
01001010
010101010
00101010
01010101
0110101
1000100101
01010101
101001
0010100101
0101010
010101010
010100001
00101101
11001010
0010101010
1010100101
010101001
00100101010
10101010
0100101
1010101
10100101
0010101
0101010
100101010
10011001
010010101
10010101
010100101
00101100
0100101010
010010101
1010101
01010101
10100101
01010101
01010101
010100101
010010101
010101010
010101010
001000101
010010101
1010101
0010101
10010101
001010101
0100001010
01010001010
01101001
0101010101
01010101
001010101
0010101
100010101
01010101
1010101
0100100101
010101
10101010
100111010
01010101
001101001
0010101
0101010001
01010010
00101010
01010010
10001001010
100100101
01010101
0100101001
1000000101
0101001010
010101010
10010101
0010100101
1001010010
011001010
1010000010
00100101010
010010110
10010101
10101010
010011010
010101010
01010101
101001010
010101010
010010101
101001
0100101010
010101010
1010101
010100101
01010101
01010101
010101010
010101010
101101
01001001
1000101010
10000101010
00100101
01010101
010101001
0100101
0100101010
101010010
01010101
01010101
001010101
1010010101
0100101010
010101010
10101010
10101010
101001001
0010100101
010010001
10100101
10010101
0010101
01010101
0101001
1010101
0100101001
010100101
10001011
01010101
010100101
0100101
010100101
001001010
000101010
0101010
011001010
100101010
101001010
010100101
01010101
1001010010
100101010
010101010
0100101010
0101001010
1001001010
10010101
1010101
010101001
10101
11101010
10101010
1001000101
0110101
010101
010101001
1010001
10101010
10100101
1010010
101010
1010101
010101
10010101
0010101
01010101
010101001
100010101
010101010
010101010
010101010
100010010
100101010
00101010
01010101
010010101
1000100010
1010001010
01010010
0100101010
10010101
010010101
010010101
010010101
0010010101
0000101
00100101
010101
1010101
001010101
010101010
10101010
010101010
0101001010
01001010
010101010
010101010
010101010
01000101010
10110010
10100101
10010101
010010101
1001001
01010101
01001101
0100101
010100101
10011010
10101010
001010101
01010011
000101001
01010101
0100101010
01010100010
1000101010
10101010
010010010
001010010
0101001
010010101
01001010010
100101010
10101010
100101010
010100101
01010101
010101001
01010101
001010101
0010101
10100101
0101011
01010101
01010101
0010101010
1000101010
101001
010100011
0100011
10101001
010101010
100001010
0101001010
0101101010
0010101010
10101010
01010101
010010101
100010101
01010101
0101010010
10100010
0101001010
0100001010
01000101
101010
0011010
100001001010
1000101010
01010010
01010101
00010101001
0010101
0101101
100010010
100101010
100001001010
1010001010
1010100
1010101
010100101
1000010
10010010
0101010
10010101
1010101
01001010
1010101
101001010
0010010010
10101010
0000101010
0010101010
010101010
0100101010
0010101010
010010101
001010101
00101001
0101101
01011010
001010010
1001001010
1000101010
10101010
001001010
0010010010
00110010010
0101001010
010101010
1010101
00100101
0101011
10010101
101101010
1010010010
010001101
0101001
10100101
01010101
10010101
100101000
010001101
100101001
10101010
001001001010
01010101
100100101
10100101
0010101
100010101
10100101
0100101010
00110010010
010100101
1010101
010101010
010010010
0101001001
01010101
10001001010
010101010
001010100
00101010010
010110010
0101010
0101010
01010010
101000
10010101
1010101
100010101
0101001
10100101
001010010
1000101010
100101010
000101010
0101010
100101010
010101010
010101010
100101010
101001010
0101010010
000101010
010101
0101010100
101001010
0100100010
01010101
01011001
010100011
01001001
01001010010
00101010
001010010
00101010010
1010101
1010001
010101010
010101010
0101001010
01010101010
10101
1010101
10101010
10101010
1010001010
0010001010
0101010
0101010
01001010
010101010
010110010
01001010
0001001
010010101
1010101
0010101
0110101
010101
1000101001
01000101
10100110010
00001001010
01010101
010100101
010101001
10101001
001001001010
01001010
010101010
0101001010
010101010
0110101
101010001010
010101010
00010101010
010101010
01010101
0010101
0101010001
1100101
0101010
0101001
10010101
10100101
010101010
1010001010
01010101
0100101
1010101
1010101
0101010010
010101010
001001001
101010101
0101010010
0100101010
010100101
01010101
0100101010
010101010
100010010
1001001010
010100101
010100101
10010010
010101010
010110010
10101010
0100001010
0010101010
10100101
10010101
10010101
1010101
101001010
0100101010
1010101
010010101
10100101
100100101
1001010010
10101010
010101010
10101010
010101010
010101010
01010100010
00101010
10100001010
10101010
0101101010
0101001010
1001010010
010101010
100101010
10001010010
1010010010
011001010
0110010
0101001010
010101010
0010101010
010101010
001001010
10101010
01001010
01010010
1001010101
100101010
01000010010
01010101
1010101
01001010
0010101
1001010101
10010101
00100101
10100101
1001010010
00100010010
010101010
010101001010
0101001010
010101010
10101010
010101010
10010101
1100101
10101001
01010101
00010101010
01010010010
01010101
01010101
010010010
100101010
010101001
100010101
10001001010
101001010
0101010101
01010100
11001010
001010001010
0010000010
0001001010
0100101
00101001
0101010101
01010101
01001010010
010101010
1001001001
0101001
01010101
010010101
0010101
01010101
0010100010
01010101010
0101010
10101010
1010101
01010101
1000001010
010101010
0100101001
01010101
1001010101
001010101
010101010
100101010
01010010
101010010
010100101
1010101
10010101
010100101
1001001010
001101010
01010101
0110010101
001101010
010101010
10101
01010101
010101001
100110101
100010101
001010100101
0101010010
0101010
01001010
0100101010
10000101
0100101
1001001001
10100101
01000101
0100101001
01001101
001010101
01010101
101001010
01010101
1010101
100010101
1001001
0110101
0101101
1100101
0100101
01101011
000101
10010101
01010100
1010101
1010101
01010101
0010101
010101001
001010011
00101010
010101010
010101001
10110
1001001010
01001010
0101011
001101
010010010
010101010
01010110
0101010010
010101100
01010101
0101001010
010110010
01001001
010100101
10010101
01010101
01010101
10100101
10100101
1010101
1010101
01010101
10100101
0010110
010101010
00101010
10010010
01011010
01101010
1010101
010101001
01011001
0010101
1010101
010010101
010110011
10101010
10001010
101000101
01010101
01010101
100010001
01010101
01010101
0100101010
100101010
01010101
001010101
01001010
00100101010
10101010
01001010
0101001010
001010110
1010101
1001000101
0100101
01010110
1010101
010100101
1000101
01010101
01010011
0100101001
000010101
10100101
001010010
0010101010
01010101
1100101
1010101
01001101
001000101
0101001
1010101
0101010101
0100101
100100101
1001001
010010101
101010100
010100101
10101010
100101010
10001101
0101001
010100100
010101010
1010101
01010101
01011001
10001001
01010101
01010101
0010101
100101
0110101
010101
101010
10010110
100010101
1010101
010010010
01101010
100001010
0101010
0010001010
010100010
001001010
100101010
001000101010
0101001010
010011010
0101010
0010101
010101
01010101
101010101
1010101
01010101
01010101
100010101
1010101
010100101
1010101
001010101
001001010
0100101010
01010101
01010101
1000010100
101010100
1010101
10010010
0101010
1010101
010100101
010101
01010101
1000101
10101010
00101010
10101001
0100101
10101001
100010101
1010101001
100010101
100101010
010101010
010101001
010100101
100101
1010101
10101010
00101010
00101010
01001010
01010010
100101010
10101001
01010101
100010101
100100101
1001010
00110101010
100100100010
0010001010
101010010
010100101
10101010
00101010
0101010
11101010
0101000101
1010101
1010101
1000100101
01010101
1000101
1010101
01010101
100100101
10000101
0101010
10101001010
01010101
10010101
00101001010
010101010
1001010010
1000101010
10000101
010010101
000101010
01010010
001010101
00010101
0001001010
0101010
0101001
00101011
0101010
0010101
010101010
00101010
1010101
0010101
100001010
1000101010
0100110
1010010
010101001
001010010
10001010010
0001001010
0101010010
01001010
010100101
010100101
0010101010
1010010
1010101
101101
0101101
10010101
011011
1010101
001101
1010101
1010010
00001010
10100101
01010101
010101
1010101
0101101
010101011
010101010
10110010
0100101010
10001010010
10010101
01010101
01010101
01010101
1000101010
010101010
1011001
10100101
010100101
101010101
1010101
001010101
01011001
0100101
101001010
0101001001
01010101
0100101
010101010
01001010
010101010
0010010010
0101010
010101010
101010
0101001010
0101010
01010101
10101010
01001010
1010101
10010010
1001010
10101010
1010101
10100101
10001010
11010010
1001010010
010101010
01010101
0110101
101001010
01001010
010010101
1010101
1010101
0100011
10101010
01001010
10000101
1010101
10101101
01010101
001001001
01010101
010101010
010101010
01010101
01010101
0010101
01001001001
101001010
010101010
0010100010
1001010
1010101
111010
100101010
10001010
1010101
100010001
1010101
001010101
01010010001
010010101
0010101
100010101
00100101
1010101
10000101
01010101
1010101
010100101
01010101
01010101
10010101
01010101
001001010
10000110010
001010101
0010100101
1001001010
001001010
0010101010
0101001010
0100101
00010101
0010010101
01010101
01010101
100010101
0010101010
00100010
0010011
01010101
101010101
1010101
0010101
0010101
0010101
10010101
010101010
0101010
100101010
010011010
1010101
0101001
10101010
10101010
010101
0101001
0101001001
0100101001
01010101
0010101
100001010010
0101001010
0101001010
010101010
01010101
010100101
0010100101
0010010101
0100101010
0100101010
10101010
010101010
00101010
0101001010
0010101
01010101
010010101
0010010101
01010101
100101
1010101
010101
00100110
10101010
01011010
001010101
010100101
10101001
10010101
01001011
1010101
0010101
0010101
1010101
010101001
1000101010
01010101
1001101
0101010
101010
0110101
1010101
00101010
10101010
010101001
1000100101
10101010
010010100
010101010
101010
01010101
001010101
0101001010
010101010
010010101
000100101
00110101
10101001
10100010
00100100101010
00101010
0101010
101001010
010101010
0010010010
0101010
0010101
010100101
010101010
001010010
0110100010
101001010
10010101
01010101
010101010
010101010
1010101010
0000101010
1011001010
00101010
001010
1010101
001010101
011101
10101010
11100010
01010101
0010101
01010101
01010101
0101011
00100101
0101101
10101
1010101
010110001
01010101
0101001001
01010101
0100101
01010101
00100101
010101010
011010010
1011001
010010101
100101010
010101010
10010101
01010101
010101010
0100110010
00101001
100011
1001010100
0010101
01010101
0010101
101010
10010101
01001001
0100101
100100101
10101001
010010101
1000101
0101101
0010100010
1010001
100100101
010111
1100101
010100101
1010101
01010101
0010101
10101010
010101010
101010
101001
10100101
0100101
0101010
01001010
10101010
0101010010
0010101010
0101010
1010101
100101
010101
01010101
01010101
1000101
010101010
101010010
01100101
0101001
10010101
0010101001
100101010
010101010
1000101
1010101
1010101
000101101
10001001010
010101010
0101001
010010101
10010101
1010101
010101010
101010010
10010101
101001
01010101
01010101
1010010001
10010101
010101010
00100101010
00100101
0010101
100100101
01010101
0100101
01010101
10101010
0101000110
1011001
001000101
0001101
0010101
01010101
1010101
0010101010
0101010010
01010101
01010101
0010010101
010101011
00010101010
010101010
10001010010
000101010
0101010001
01001010101
10100101
0100100101
100101001
1010101
001010010
00100101010
010000101
1010101
010101010
01001010
10010101
100010101
0100101
01001101
0101001010
010010010
0100001001
0010100101
1010101
010010101
010100101
010010010
00101001
001010101
1001010010
010101010
0111010010
001001010
010101010
10101010
01010101
010101001
1000101010
101001010
01010101010
010101010
010010101
0100101
010101
10000101
0100101110
00110101
0010101010
0100101010
1010101
01010101
0101010101
010100101
010101001
00010101
101010010
01001010
01010101
010110
1001001
0010101
0101011
101010
01011010
010101010
0101010
001010001
001010101
0101101
1010011
1001001
010101
101001
0101000101
1010101
01010101
01010101
0100101
01010101
10101
10100101
010100001010
010101010
10101001
010100101
01001010
00101010
010101010
0100101010
0001010101
01010101
01001010
0101010
01001010
0010101
1001010
1000101010
10110010
0100101010
101001010
0010001010
01010011
010010101
01011001
01010101
101010
01011001
010101010
010101010
10101010
1000100010
010101010
10101010
1010101
0010100101
0010010101
100100101
001010010
10101010
0010101010
00100101010
01010101
01010101
010101010
100101010
01010101
01010101
1010101
10010101
1001010101
01010101
101011
0010101
01010101
0101010010
0100101
0100101
010101010
01000101010
1010101
10101010
010100101
010101010
1001010
00101010
1010101
1010101
010101010
100010010
0001010101
001001010
01011010
0010101
1010101
010100101
010101010
01011010
0100101
01001010
0101010
10100101
0100101
01011
100010101
0100101
000101010
10001010
010100010
010101010
1010101
01010101
0100101001
1010101
1001100010
1001010010
001010101
01010101
1010101
010101001
1010101
01010101
01010101
10010101
011001010
10100010
01010101
01010101
10100110
10101010
0101001001
1010101
0101010
10101001
1001001
0100101
0101110
01001010
010100110
010101010
010001010
010101010
1000110
10101010
100100101
10101001
10010011
10101001
1011101
010010101
01010101
10010100101
1010100101
00101001
0010101
01010101
100010101
10010101
001010101
01010101
010101
010101001
1010101
01010101
010010101
01010101
0101010
010101001
10010010
1000101010
01010010
010101010
010101010
000101010
10101010
01010010010
01010010
0100101010
100010010
10010101
0010010100
100101
0010101
00110101
010101010
101001010
010101010
100010010
1010010101
0101010101
01101010
1010101
0000101
010101
010101010
10101010
10010101
01010100
01010101
10001001
10100101
010100101
1000101010
01010110
1010101
01010101
01001100
01001010
001010001
1010101
10010010
00101010
101100
000101010
01010101
1000010101
01001010
000101010
10001101
0100101
01010101
0100101
0101010
0100111
1010010
001010110
0101001010
0011001010
001001010
01001010
0101010010
010100010
101001001
10100101
01010101
010100101
010100101
001010101
001010101
1010101
10101010
0100101010
010101010
010101010
0101010010
01010101
001010101
1000100101
010101010
100101010
0101010
1010101
010101001
010101001
0101010110
010011010
01010010110
1010101010
101001001
0101101
001010101
010100100
000101001010
00000101010
010100101
0110101
01010101
100100101
01010101
01010101
01010101
01010101
0011101
0100100101
10001010010
01101010
00101010
1000101010
10001010
0101010
01011010
1000001010
01010101
010101001
01010101
01010101
001001010010
00100010010
01010101
01010101
0101010001
01010101
010101001
10101001
10001010
1000101010
0100100101
01010011
100101010
00010101
010101
1010101
1010001010
10101010
01010101
010100101
100101010
0001010010
10101010
010101010
0100101010
010101010
001010010
101001010
10101010
10010010
0101010
10100101
01001010
01010010010
100101010
010100110
010100101
00110101
0101001010
010101010
01010101
01010101
010100101
10111001
010110101
010101011
000101
01010101
10010101
001010101
010101010
0101001010
0101000101
01010101
1010101
0100101001
01010101
1010101
01010101
01010110
010100101
00100101
10101101
001000101
10101001
01001001
1010101
1010101
010101010
0101010010
01001001
1001000101
001001010
1010101010
01010101
010101010
00101001010
01010110
0110101
0010100101
0100101010
01010010010
01010110010
001010010
10100100010
010101010
100100001
010101
10010101
0101001
01010101
10100101
010101010
010001010
0101001010
001011010
0010101010
1001010
0101010101
010100101
010101010
0101010
01000010
010101010
001000101
0100100101
1000101
01010101
001001010
0101010
01010101
0101010
0010101010
10101010
0010101010
00101010010
010010101
1010101
0101010010
01010001010
010100101
100010101
0101010001
01010101
100100101
0010010101
100101001
1010101
0010101010
0101001010
0101001001
01010101
0101010010
010101010
011001
100101010
10101010
0101001010
10101010
10001010
001010010
0000101010
010101010
1000001010
0110101
10110100
0101010101
0010101
0101010010
010101010
010101010
01001010
0010101
010100101
100010010
01010010
10010101
0100101
010101010
10101010
0101010
01010101
1010101
1010101
01010101
1010010101
010101010
010101010
1011001
100010101
0101101
010101001
01001011
001010101
00101010
10101010010
10100101
01010101
01010101
01010101
10001001010
010101010
01001101
1010101
1010101
0010101001
100110101
0100101
10010101
0101001
01010101
101001
11001010
010101010
100001101
01000101
010101010
0010101010
001010101
011101
001010001
01010011
01001010
010101010
001001010
01001010010
00101010
0010101010
0100101010
0101010010
100011010
100110010
101010110
1001010010
1010010101
001010101
01010101
010010001
001010101
011001001
010100101
010100101
0101010
1010101
0010101010
101001010
0010110
10101010
01010101
010100001
010110010
101001010
001001010
01011010
01010010
010101010
001010010
10100101010
010100101
010101001
001000100
101010110
01010101
10010101
010101010
101001010
010100101
0100101
01001010
1010010
101010010
00110001010
100100101
1001010
01010010
0101001010
10001001010
010101010
0100010101
100100101
010010101
0100101
10001010
0101010010
10101010
010010010
010101010
10010010
100010010
0101010
100101010
00101010
1010010
10101010
010110101
010100100
01010101
10100101
0001010101
010010101
0101010
001100101
00101001010
0100100010
01010101
010100100
10010101
01010101
0101010010
001000101010
010101010
010101010
01001001
001010101
10101010
01011010
00100100
0010101
10110010
010101010
100101001
01010101
01010100010
011010010
010101010
10101010
01010101
0010101
010101010
00100101010
010011001
1010101
010100101
1010101
010100010
0011001010
100100101
101001
10101001
0010100101
01010101
00100101
001001010
010010010
0100101010
010101010
0110100010
000101010
011001001
1010101
001001001
1000100101
010101010
010101010
1001000010
0100101010
00001010
101001010
10010101
10100101
001010010
01000110
010101010
10010101010
010010101
010100101
00101010
10001010
001000101
1010001
0101001010
0010001010
101010010
0100101010
0101010
0101000110
010101010
0000101010
0010101010
00101010
01010101
0100101
010011010
010101010
10010101
010010010
10100010
000101010
1010101
0101001001
01010101
1010101
100010101
1010101
10101010
10101010
010100101
101001
010010101
10100101
100100101
101001101
0100101
01010101
01010101
10100010101
100100110
1010101
010101001
1010101
10010101
01010101
10011001
01010110
0101001
10010101
01101010
001001010
0101010
1000001010
0100101
0100100101
010011010
01001010
1011010
1010110010
100100101
01010100101
00101010
010101010
10100101
100010101
10101001
001010101
010101010
010101010
10100101
10100100
1010101
00100101
100100101
0101001
101001010
1000101010
01010101
01010100
10011010
010101010
01010101
01010101
100101010
01010010
10011001010
1001000101010
101001010
01001001010
1001010010
10101010
0100010101
1000101
1000101010
000101010
01010101
100010101
0100010101
1010101
10101010
010101010
101001010
0010010010
001001010
001010110010
010010101
1001010101
1010101
01101001
010101010
1010100010
01010101
01010101
0100101010
010101010
01010101
010100100
1000101010
010101010
101010010
00101010
1000101
1000101
0101010101
101010001
101010010
0100100010
1010101010
1001010010101
0101001010
001001010
101010101
1001001
010101010
010101010
010101010
11001010
01010101
00100101
0010101
10110101
10100101
010100101
10100101
0100010101
0101010
010010101
1010101
1001001001
001010010
0101010
010101010
10101010
010100101
01010101
0010101
0101001
010101010
0101010
10101001
001010001
100101010
010101010
1010110
10010010000
100010101
10101001
11100101
01011001
010101001
1010110
101001010
0000101010
10101010
100010100010
0101001010
01001010
01010101
010100101
00101010
010101010
010110010
10100101
10100101
001010001
100101010
010100110
100110010
100101010
010101010
1001010010
0101001
01010101
00101001
000010101
10010100
10100101
101001010
100101010
10010011
1010101
1011010
1010101
010110010
10101001
010100101
01010001
010101010
10101010
0101001010
0101001010010
011001010
01001010
01010101
010101
1001010101
01001101
10100101
01010101
0100101001
01101001
0100100010
010101010
01010101
0101010001
0100101010
010010010
0100101010
010101010
10100101
010010101
0101010
10100101
0100110101
001010101
1001001010
10010101010
1010101
0100101
01010010
0101001010
1001000101
10101011
10001001010
010101010
010101010
00010010010
0100101
10101001
101001010
01001010010
01010101
010101
010010010
10101010
0010101001
10010101
100010101
01010101
01010010010
010101010
1010101
010010101
001010101
011010
0101010010
01000101010
1010101
00101010101
10010010100
0101010100
01010101
10010101
10001001001
010010101
01010101
010101
0100101010
10010110
01001001
01010101
010100101
010010101
0010001010
010101010
101010101
010010101
10100101
010101010
010101010
010101010
010101010
0101010
10101010
01010101010
1001001001
10100101
00101010
0101001010
0101001010
0100000110
01010010
10101010
010001010
010010010
00001010
010101010
0010101001
1010101
1001010010
001001010
100100101
01010101
1010101010
101000110
10101010
100101010
1000100101
10001000101
01010101
01010101
0010101010
010100010
001010101
100010101
101001010
0101010010
01010101
00101
01010101
0101001001
0101001
01001001
1000101
101010101
0101101010
01001010
010101101
1000010101
0100101010
01010100010
100101010
0010101010
1010101
01010101
01010101
01010101
1000101010
00101010
000010100
010101
1010101
001010101
01001010101
0101010101
010101001
1000101001
01010010
1000101010
01010101
0101001
10010000010
010010010
001000101
0101001001
1010101
01010101
0101010010
10101010
100101010
010010010
0001001010
10101010
0100101010
010101010
0100101010
0010101010
00100101
0010101
00101010
00101010
10010101
01010101
011100010
010011010
0010001010
010001010
0101001010
0010100110
010010101
01010101
1010101
0010010101
1001010101
01010101
010010101
010101001
1000101
1010101
0100101
011001010
00100101
01010101
01010101
10010101
01010110
0100101
010010101
01010101
010100101
10010001
0010101
01011001
10010101
1000101
01010101
0101101
010101010
010101010
1001001010
010011010
00101010
0101010
01010101
10101001
01101010
01001101
001010001
010101001
1000100101
01010101
1010011
1010101
1010101
10100101
01010101
10010101
01010011
100011010
01010101
01010101
01010101
01010101
010001010
0101010
100010010
001101010
010101010
0100100101
000101010
1001010010
010101010
10001010
10001010
0101010
1001010
10101010
10010010
01010101
0101010
01010101
010101010
0101010010
10000110
1000101010
01010101
01010101
10101010
01010100010
0010101
0101001
0101010
001001010
0101001
100100101
00110101
01010101
100010101
010101001
010101010
010101010
10101010
10101010
01011001
010010101
1000001010
010101010
010101010
0100101010
01010101
010010101
01100110
01001010
010101010
00010001010
1001010010
0101001010
01100010010
10000010010
010101010
010101010
010101010
010110010
0010010100
01010101
1000100010
0100101
101010010
010101010
0011010
0101001010
1010101
0101100101
1010101
01010101
00100101010
010101010
001010101
0010000101
001010010
00101010
01010101
010101
001010010
010101010
010101010
00101010
1010101
01010101
1010011
100000101
0100101010
010101010
1010101
01010101
0010010010
0100101010
10010101
01010101
1001001010
1010101
1010101
01010101
0100101
00110101
01101001
010101
01001101
01010101
0010011
01010101
10000101
001010101
1000101
0100100101
010110101
010101001
10010101
00110101
01001101
0100101001
010101010
0101010
0010001010
010000101010
010101001
01001001
100100010010
1001001010
010000101
010001010
10011001
00101010
010101010
1001001010
101100101
00101001
0010010010
01010101010
001001001
0101001011
0100100101
010010101
0101001010
0101001010
10001010101
1010101
101000101
01010101
10100101
1010101
010101010
10010101010
0100101
010010101
1001010101
010011001
0110101
01010101
010101010
00100101
010001001010
100101010
01010101
01001001
10101010
010101010
0100101010
0101010110
100001010
01010110
100001001
01010101
1010100010
010101010
1010101
01010101
0101001010
01001001010
10101010
010101010
0101001
10101001
10010010
010101010
10100101
010010101
010110010
100101010
1000011010
010101010
001100101
01010101
01010101
00010010101
0100101010
0100101010
0101001010
01100101010
1000101010
010101010
01010101
110101010
0100101
100101001
01010101010
1000101010
00100010100
010100000010
10101010
100101010
001011
0101001001
0010101
0101010101
10101010
010101010
01010101
10010101
10010101
01010011
0101001010
01010101010
1000001010
0010001010
10100101
01010101
1010101
1010101
0100101010
0101010
010010101
10100101
10101010
100101010
01010101
010010101
010101010
010011010
01010101
010110101
010110101
01010101
1010101
00100101
0101010010
0001001010
101010010
1001010010
011010101
0100101
0100101001
010101010
1010010
1000010010
001010101
10010101
01010101
100100101
010010101
10100101
01001101
011000101
01010101
010010101
0100101010
100101010
010010101
101010101
0010010101
1010101
001010010
0010100110
1010101
0010101
10000101010
101001010
01010101
0101010
10101001
010100101
010101
100000101
1010100100
1000101
1010101
0100101
100101010
0101010
001010101
01010010101
0100101
010101001
100010101
0101001001
01010101
10010101
100101010
010101010
101000101001
01011001
010100101
0110101
0010100101
01010101
10010101010
0111010010
01010101
010100101
100010101
010010101
010010101
01010101
1010110
1010101
10010010010
000100010010
0010001010
0100101010
10101010
010101001
010101010
11001010
101001010
01000101010
1000101010
0101010010
010101010
010001001010
001010101
1001010101
101001010
010010010
010101010
0101001010
01001001
01010101
1010010101
0101001010
01001001
01010101
01010101001
01010101
0101001010010
011010010
010101010
010101010
01010101
010010101
010100101
100101001
010101010
010101010
01001001010
001010010
010100101
01010101
01011001
010101
100101010
010101010
1010101
0110011
0101010
01010101
0010100101
01010101
101010010
10001010
100001010
010101010
1000101
01010101
010101010
10001010010
1000100101
10010011
0101010101
01010101
100101010
0101011010
100010101
01001001
010010101
1010101
01010101
01010101
00101010
10101010
0100101010
01001010
0010101
01010101
100010101
010100101
01010101
0010101
010101010
0101010010
010010101
01010101
10010101
0100101
00101010
00101010
0010101
001000101
101010010
0101001010
10101010
100101010
10110101
0010101
1010101
010100101
10010101001
0010101
1010101
010100101
0101011
0101010101
1010101
0000101
0101001000
10101010
010100101
010100101
000110101
00101001
001010010
0101010010
01001010
010010010
010011010
0101010010
01000101
101000101
01010101
10010101
010101010
101010010
01001010
1010010010
1010101
01010101
100101010
0100101010
0100100101
01010101
001011001
010100101
00101001
01001000101
01001010010
010100010010
01011001010
1010101
10010101
01010011
10100101
0101010
10101010
10101010
1010101
01010101
01010001
01001010101
100101010
01001010
01010101
01010101
010010101000
0101010101
0100101
0100101001
0101010110
0100100101
010100010010
01010100010
001000101
01010101
101001010
001001001010
010101010
0110101010
1001001010
00101001010
100101010
10001010
10100100101
010100101
010101010
0010100100
10010010100
0010101
0101010101
10100101
101001010
1001010010
010010101
0010101
010100101
01010101
01010101
01011010
001010010
01010101010
0010101010
1001010010
1001010101
0100101
010101010
0101001110
01010101
0100101010
001010010
00101001010
01010101
010010101
01010100
101010101
01010101
010101001
0001101
10100101
100001010
010101010
0101010101
10010101
01000011010
010101010
010110010
100101010
010101010
01010010010
0101001
10010101
01010010
011001010
1010001
10010101
001010101
10100101
001010010
101101010
010100101
0101000101
01001010010
010101010
010010101
10010110
01010101
10100101
0101101
01001
0100101010
010101010
1010001
100010101
10100110010
0100101010
1000101001
0101001
010101010
010101011010
01010101
1000100101
001010100
01010101
0101001010
00100101
01001001010
1101001010
101010010
100101010
010110101
01010101
010101
01010101
01010101
01011001
0010100101
00100101
010101010
0101001010
01010101010
010101010
001010101
010010101
0010101
01001010
010010101
10010101
101010100
01010101
010010101
01010101
10001001001
1010101
101000101
001010101
0101101
10010101
00101001010
0100100110
10101010
0110010010
101001010
010110010
010100010001010
0100101010
0101001010
101101010
010101
01010101
101010011
01010101
001010101
101010101
010100110
0101001010
01001010010
010101010
10100101
01010101
010101
1011001
100101001
1010101
010101010
100101010
00010101
10101001
101000010
1010001010
10010001010
010101010
101001010
10000101
100101000
10101010
100101010
100010101
01010101
10001010
01000001010
01010010
001010001010
1010101
1011001001
010101001
1010101
01010101
01010000
0101001
0010101010
100001010
1001101
100100101
01010010
00101010
100101010
1000101010
010001010
10101010
0101001
0101101
001001010
010101010
1001101
0101101
01010110
0101010010
010101010
1010100010
0001010010
0001010010
010010100
1010101
01010101
01010101
1010101
10010101
0000101010
010101010
01001011
01010101
1011010
00101001
010101010
100101010
0010100101
01010101
001010010010
011001100
01010110
1010101
01101010
010101010
010110010
10001010
101010010
00100101010
0101001
001101
100101010
100101010
1010101
100010101
01010101
1010011
01010101010
100101010
100001010
00101010
0011010
010101010
01010101
100001001
10101010
01010101
0101001000
010101001
01010101
10101001
01010101
010010110
100101010
100010101010
010011001010
10101010
101010100
0010010101
010100101
0101010101
0100101010
01001000010
0001001010
01101010
0010100101
001010101
000101010
010101010
00111001
00100101
101010
1001010
0101001001
0010101001
0101010100
01010011
01010101
1001101
10010101
10101001
001010101
010101010
00001010010
101010010
010101010
0010101010
0101010010
010101010
00101010
10101001010
010101010
01001010010
00101001010
001001010
10101010
10001010
00101010
00101001010
010010101
010100101
01010101
01010101
010101001
010010101
1010101
01100101
0100100101
010010101
0101010
01101010
010101010
0101001010
010010101
0100101
010101001
0010101
01001010
00010010010
1001010010
0101010010
10010101
010010101
010100101
1010101
10101010
011001010010
0010010101010
0100101010
01010100010
001000001010
0100101010
0101010
0010010101
010100101
0101001
00101001
1001010101
00101011
010100101
01010101
10101001
10101010
0101010
10010001
0101010101
0010101
010100101
01010101
01010101
10000101
10011010010
010101010
01001010
101101010
01010101
01010101
100101010010
0010101010
00010110010
101010010
010101010
01010100010
101010010
0100101010
1000101001
1010101
1010101
1010101
0010100101
010101
010101010
010101010
010101010
010001010
10010010
01010101
0101010010
10001010
01010110
0101010
01001101
010101001
1010101
0100101
010101010
0101000010
00110101
1010101
01010001010
0010101010
01010101
1001010101
0101010
00010010010
0010100101
011001001
100101010
010101010
010101010
010101010
10100101
01010101
0101010
0010101010
010101010
010010101010
010100101
10010101
1001001
10101101
0100100101
010101010011
01010101010
010110010
1010010
01010101
010010010
1010010010
00101010
0101001010
1010101
010100101
010011010
01001010
0011001
010101001
010101
0010010101
001010010
01010001001
1010000101
010101
0101010010
01010101010
101010101
101001001
01010101
0100101
0010101
100010101
10101001
01011010
010101
001010
01011001
010000101
010101010
010011010
10100101
010111
100101010
00101010
010101010
010101010
001010101
01010101
01010101
1010101
0101001010
001001010
01010101
01010101
01011001
0101010
10010101
01010101
01010101
0101011
0101010
00100010010
1000100101
01010101
010101010
000101
01010101
101010101
0101001010
001010010
100010101
01010101
0010101010
11010010
000101010
0100010010
00100101
100010101
10011001
01101001
000010010
101001010
01010101
1010101
10011010
010101010
0110101
1010100101
11100101
0100101
10100101
01010101
011101010
0100101010
01010101
01010101
0010101
010101
010101011
100100101
10101
010101
01010101
0110101
010101001
0110101
010110010
0101010010
100010101
10101001
01000001010
01001010
010101010
010101010
01001010010
0101010010
01010101
00100100101
101100101
0101010101
10001010
00100101010
01010101
001010101
001010101
01010101
0101011010
00100101010
100110010
0100101010
01010101
01010101
0100101
100010101
010101010
10101010
1010101
1010010001
001010001
01010101
01001010
010101010
010010101
0100010011
00101001
0101101
000100100010
101000010
1010101
101001001
0011010010
0100101010
0101101
010010101
0000101010
010110010
001010101
01010101
0100101
00010101
100010001
01010101
1001001
10100011
01000101
01010101
100010101
01010101
010101
010101
0100101001
0010101
101001
010100101
010101001
01010101
10101010
01010010100
0101010101
010101101
0010100001
010010101
101110010
101010010
0010101001
0100100101
01010101
1010101
10101010
010101010
010101010
010101010
010101
01010101
0110101
01010101
01010101
0100100101
1010101
1011001
000101010
01011010
10101010
0101110010
1000100101
01010101
0100101010
0100101010
10010101010
1001001010
101001001
01001010101
001001010
010101010
01010101
1010101
0101010101
1010001
1000101
0100101
10000101
01010101
0100101
00001001
1010101
0010100101
10100101
0101010101
010101010
010101010
0101001
01010101
1100101
0101010
0010101
0010101
10010101001
10100101
010101010
000010100010
0101010010
010101010
001010101
001010101
0101001
01010101
01010100
101010
100101010
0100100010
00100011
1010101
10101010
100001010
01010011
1010101
01001010
01010101010
001010101
01010110
01010101
10100101
10100010001
01001101
001001010
0101001010
10101010
1010010
0100101
01010001
01010011
010010101
010101
01011001
101001010
101001010
010100101
01100101
0010101
010101
10100110
0100101
010010101
0100100101
010010101
1010101
010101010
0100101010
0101011
0101100101
001010101
100001000101
01010010
01010101
10001001
0010101001
10101010
010101010
0010110
1000101010
00010101
01010101
10101010
0101001010
010100101
010100101
0101010101
10101001
1001010010
0101010010
0010001010
100101010
10101001
01010101
11101010
10100100010
010100101
001010100
0010010101
010100101
01001001001
10100101
100101010
10010101010
010100101
01010101
001010101
0101101
010101010
0000101010
00100101
01010101
0001010100
1010101
010101010
011001010
01001010
010101010
01010101
1010101
0101010100
10101010
10100101
10101001
0010100101
01010101
00100101010
010101010
001001010
0100101010
00101010
010101010
010111001
01010101
1010101
010101
010100101
100010101
01011010
10101010
010101010
1000101010
01011001010
101010010
101010010
0101001010
1010101
01010101
01010101
010010101
00100101
1010101
0010010101
01010101
01010100
100001010
10010101
1010101
010101010
010101010
010100101
01010101
01001010
01010101
01010101
100101
10101010
010101010
01010101010
10101010
1010101010
010101010
1100101
00010101001
001010101
00101001
01010101
0010101001
10101001
1010010101
01010101
01010101
1000100101
100101010101
010001110
010010100
001010010
0010101010
0101101
1010101
10100101
010101001
10101010
0010100010
01010101
0101011
101011
01010101
10010101
01001101
100010101
10010101
1001001
010010101
01010101
010101001
001010010
100001010
01010010
001010010010
010100101
0100100101
01001100101
1010011
01010101
01010101
01010101
01010101
01101010
00101010
01001010
01001001010
01001101
01010010
001010011
1010101
01001010
010101010
01010101
1100101
01010101
01010101
0100101010
010101010
0100010101
010101
0010101
1001010
01001001
1001010101
01010101
010101010
010101001
001010101
10101010
01001010
10010101
01010101
1000011
01010101
01010101
010101001
01011010
10000101010
0110101
01010101
010010101
1010101
01001010101
00100101101
01010101
10100101
1001010
10101010
1001101
001001010
010010101
01010101
010010010010
001001010
01010101
01010101
01010101
0101010101
01010010010
10000101010
01010001010
10010101010
100101001
01010101
10101010
011010010
0010101001
010010101
01010101
01010101
0100101
0100101
010101010
010101010
010101010
01011010
0010100101
01000101
01010101
101010101
0100101010
0101010010
01001010
010101010
10100101
1001010101
1010101
100010101
00100101001
1010101
10010101
0101001
010001010
0101000010
0110101
010010101
1010101001
0010100101
01010101
01010101
001101010
0101001
10010010
0101010
011001010
010101010
100101010
100010010
1010010101
01010101
0101001010
10001010010
01010010101
010010101
100101010
0100101010
1010101
01100101
01010101
01010101
10100101
01010101
010100101
0101010
010100010
010101010
01010101
101000101
00101001010
0110101010
1001001
00010101
1010101
1010101
10010010010
00101010
1001010010
01010101
001010010
100101010
0101001
1000100101
010100101
010010101
010100101
01010101
0101001010
00101010
01010101
01010101
0100101
10100101
01010110
010001010101
0000101010
01010010010
001010101
01001001001
01001011
10000101
01010101
010010101
0101001010
010101010
010100101
1001101
010101010
0100101010
1000010101
1010101
01010101
011000101
01011010
0100101010
0101010101
01010101
10100101010
010101010
001011
0010101
0010101010
10101
0100101
010101
01101010
01010010
01010101
010101
00101010
000101010
10100101
1010101
1010101
01010101
010101
1010101
0101101
10010101
01010101
01010101
101001001
01010001
0101010110
01010101
010011010
000100101010
01100101
10100101
100010101
01010101
10010101
10100101
001001010010
101010010
00101010
00101010
01010101
0010101
1001010101
0010100101
001010101
1001001001
100101001
0101010101
01010101
01010101
010101010
1001010
01010101
00100101001
0010101010
010001010
0110101
01010101
01001001
1010101
01010101
0100101
01010101
10010101
0101010010
01001001010
0000101001001
01101001
0101010010
0100001010
101001010
010001010
0100100100010
1010101010
10000101
0100101
01010101
0010101
010101010
00101010010
010101010
10100101
010010101
001010101
10100101
100101001
0100101010
001001010
010100101
1001010101
100010101
01010101
1001010
001001010
010100101010
0101010
001010101
010101001
00001010010
0101010010
010101010
0010101
01010101
00001010010
100010101
10000101
1010010
101000101
1010101
1010101
10100101
010100101
101001010
0010010010
10010101
0010010101
1001010101010
0100101010
0101001010
0101001010
0010101010
0001001010
010000101
10101001
00010101010
0100101010
1010101
100101001
010101001
1000101
0101010010
100100010
01010010
001010101010
01001001010
0010001010
01100101
00101001
00100101
0100001
0101101
010100101
01010101
01010101
0001010101
0101001010
010101010
010001010
10101010
100101010
001001010
10101010
010101001
0101001
1000100101
01010101
00100101010
0101010010
0101000101
01011101
01001010
010101010
011101
001010101
0010101010
0100101010
10101010
01101010
01010101
10101001
1010101
01010101
0101010001
010100101
010001010
1000101010
100101010
10001010010
0111010
100010101
01010101
10001101
01010101
010100101
01010101010
000101010010
010000101
0100101001
10101010
010010010
00100101
01010101
0010101010
000100101
001010101
1001010010
00101010
10101010
1010101
1010101
000101010
10101010
010101010
010101010
010101010
0100101010
010100010
0101010010
01010100101
01010011
100101010
10101010
1010101
0100100101
010100101
1010101
1000001010
01010100
01101000
01010101
01101101
10010101
010101001
000100101
01010101
00100101
1010101
0100101001
0100101010
0110010
0101001001
01010101
101001010
01010011
00101001010
1001001010
01010010010
010101010
10101001
0010101
1010101
01010101
01010101
10101001
01010101
001010101
001011010
000101010
001000101
001010
101010101
100010010
011000101
10010101
01001010010
010101010
0101001
010101001
010010101
0100100101
010010010
10101010
10101010
10101010
01001010101
10010101
10100101
100100101
00110101
01001010
01010101
010101
010100101
00100100101
01011010
0100101010
0101010
100001010
100100010000
101001
0101001010
01010010
01010101
0110101
0100101001
0101001001
010101010
010000101010
1010101010
01010010
01010101
10010101
10010101
10010101
100100101
01010101
010101001
00101001
1001001
01010101
00010101010
0100101010
01010101
01011001
0010101
01010101
1010101
01010101
0101010010
101010010
0010100101
00101101
010100101
010100101
0100101
001010101
01010101
10010101
101000001
10100101
10101010
0101010010
101010101
101010
010101010
010101010
0101010001
10101010
010101010
01010101010
010010101
01010101
1010101
001010101
01010101
01010101
0110101
01010101
100101010
0101010
01010101
01001001001
0101101
01010101
100001010
010101010
1001010101
1010101
100101010
010010010
10001010
100110010
1010101
001010101
1010010101
10010101
010010
010101001
0101001010
10101010
010101001
0100101
01011010
010101010
10100101
0100101
01010101
0100100101
1010101
100101001
01011001
001010101
1010101
10001001
01010101
01010101
100101010
0101010010
0101001010
0010001010
001000101010
001001010
10010101
100000101
010010101
0100101
0110100010
1000101010
1001010001
010010101
010101010
100101010
01010101
01010101
10101010
10101010
01010010
01010010
0100101
1000010101
0010001010
101010
010011001
01010101
0100100101
01010101
01010101
1010101
0101001
100010101
00001101
01010101
10101010
0010010010
010100101
01010101101
0110101
1010101
010101010
0101001010
1001010001
01010101
100010101
01010101
010100101
01010101
10010001
01010101
001010101
010101
010101010
0100101010
01010010000
01010101
1010101
001000101
0100101010
00101010
10101001
01010101
01001011001
0101010101
1010000101
01010101
01010101010
00100001010
01010101
01001101
0010101
01010100
00101010
010101010
1010101
1010101
010010101
010100101
10101001
01010101
1001001
01010101
0010101010
010101010
00101010
01001010
01010101
10100001
100010010
1010101
1010101
1010101
01010010
1010101
0101001010
0101010010
101010010
1000101010
010101010
001000010
01010111
01010101
1011001
0100101011
10101010
100101010
010101010
10010010010
01010101
000110101
00010100010
010101010
0100110
010100101
01010101
01010101
01010101
01010101
0100101010
00001001010
10101010
01001011010
001000101
010001001
010101010
0101010010
1010000010
010101010
00101010
010101010
0101001
001010101
1010101
000010101
10100101
010101101
1010101
00101001001
0101001001
0010101
100101010
0101010010
0111010
000010010
010010101
10100101
010101010
0011001010
01010101
10100010
010010110010
010101010
01001010101
00100101001
010101010
01110010
1010101
1010101
1000000101
001010101
10101010
010101010
10100101010
0011010010
0100101001
001011
0101010101
01001010
010101010
0010101010
010101010
01101010
10101010
00100101
0101011
01010010010
100001010
101001
0010101
010101
10010101
01010101
01010101
0100011010
001001010
100010101
01010101
01101001
1000000101
010110101
10010010
10101010
1000101010
010010101
01010101
0101010001
010101001
010000010010
0101010
010100101
0010100101
10011
0101001
100101001
010100101
1000101010
110010010
010101010
01001010
010101010
010101010
010101010
0100101010
0100101010
0101010010
01001010010
010010010
1001101
1010101
0100101
010101001
10100101
1001000101
00101001
1010010010
010101010
0000101010
0100101010
10001010
1010010100
00100001
0101001
101010101
0101001010
10101010
00100101001
01000101
01010101
0100101
001000101
100010101
01010101
01010010
100101010
01001010
010101010
01011001010
0101010
100101010
010010010
1001001
1010101
01001001101
00101001
100101010
001011010
0101010001
01010101
0110101
00001010101
0010101
1010101
010100101
01010101
0101001010
001001010
001001
0010010001
01000101
0100010101
00101010
10101010
00100010101
0101010
10101001010
0101010
010010101
011001101
010100101
010010101
01010101
001010101
0100010010
01001010
100101010
100010100010
1010101
010000101
1001001001
010100101
0110101
1000100101
010101010
010101010
0110101
0100101
00010010110
010101010
00010101
010101
1010011
10101001
0101001010
010101010
10010000101
000101001
010101010
0010000001010
01010101
0101010
01000011
0001010101
100010101
00100101
10101010
010101010
10010101001
001010101
01010101
01010101
01010101
0010101
01010110
1001001010
01010101
0101011
00100101
0100101
0101001010
101010101
010000011
10010101
101010010
0101001010
0100101001
100101001
010101001
1000100101
1001001001
10010101
001010010
0101001010
0010101010
00101010
0010101010
0010101010
010101010
00101001010
0101010
010010101
10101010
00101001010
001010101
1010101
101010010
11001010
0010110
0010001010
0101010
0101010101
10101010
11010010
1001010100
01010101
0100100001
01010101
01010101
1000101
010101010
1001001010
10101010
00001010
0101010
0011010
11001010
100001010
01010101
100000101
010100101
0100101001
1010101
01101001
10011010
1010001010
0101010010
011011010
100000101
01010101
01001010
0101001010
1000110
01001010
00101010
0101010010
101001010
1000001010
01000101010
0100100010
100101010
1010001010
10101001
01010101
0101011
100010101
001010101
10010001
1001001010
010101010
0100100101
001010101
10001000101
1010101
01010101
0101001
01101010
01001001010
10101010
010101010
101010101
01010101
010101010
010101010
1001010010010
0101001010
01010101
0100101
010101010
00101010
010101010
0101010010
0010010010
011000110
010100101
01100101
10100010010
010101010
01010101
1010101
11010010
0000101010
00010101
010101101
010100101
01010101
010101010
01001010010
011001010
0101000010
0011001010
10101010
01010101
01010101
10100101
1010101
01001001
01010101
001001010
01010110
0100101010
100010101
00101010
010101010
00100010110
010101010
1010101
00001010101
010100101
01010101
0100101001
1010101
010100101000
1010101
0100100101
01010101
0101010101
0101010
000100101
1010101
101010010
10101010
1010101
01010101
100010101
01010101
01010101
01010101
001010001
01011001
01010101
01010101
10001010101
10100101
01010101
10011001
0101001
01010100101
010101010
101001010
1010100101
010101
010101010
010101010
1010101
010100101
010101001
0100101
0101010
0100100101
01011001
01010101
1010101
10101010
01010101
01010101
01010101
01010101
10000101010
101001010
001010101
100010101
1010101
1010101
10001001
0101001001
0010101010
0010001010
0101010
010101010
000010100100
00001101
01010101
1001010101
010101010
0110100101
01101010
0010101010
01001001
0100101
1010101
01010101
1010010010
010101010
01010010
010110010
010101010
01101010
0101010010
01010010
100101010
0101010010
010101010
010101010
100010101
0100001
00101010
010101010
1010101
010010101
10010101010
00101010
0110101
100101010101
010101001
10010101
1010110
0100110
10010101
000110101
10100101
010101
01010101
0110101
1010010101
10100101
01010101
10101001
100100101
01010101
01001101
0110101
0000101010
0010101010
001010101
001010101
10001010
010101010
01010101
010101001
00101001001
01010101
1000101010
100100101010
10101010
1001010110
1010101
010110101
000010101
1001101
010101010
010101010
01010101
100010101
01010101
101010101
0100101010
010101010
10001010
1000101010
010101
100101001
010010101
10010101
10010101
01010101
00101010
0101001010
010101010
001000101010
001001001
010101101
001010010
010100010
1010101010
0100110010
10010101010
010000110
1010001010
0010101010
10100101
0101010101
0010101010
0101001010
01001101
1010101
010100101
00101101
00100101
10010101
010101
010101
10010101
010010101
01010101
01010101
00101001
01001001
010100101
0100110
0100110
00101010
1010110
11011010
10010101
01010101
100010101
1010101
10100101
1010101
0100101010
0101010
011101
0010101
0010101010
010011010
1001010011
01010101
1010101
01101001
010100101
101000101
1000100101
10001001
1101001
10100101
1010101
01010101
001010101
1011010
010010101
001010101
010101010
10001010
01010101
010100101
100100101
1010101
010101010
01010010
100001001
01010101
001000101
1101101
001000101
010010101
0101001010
0101001010
00101010
100101010
0011010
101001010
00101010
00101001001
01010101
01010101
0100101010
0010001010
01010101
1010010101
01010101
101000101
010110010
100010010
01010011
01001001
010010010
010100010
010101
1010101
1010101
1000101
01010101
01010101
0010101
01010101
0101001010
10101010
0010100101
001010101
100101010
0010010010
01010101
010100101
10010101
100110101
00100101010
001010010
0101010101
1001001
100101010
01010101010
01010101
01010101
01010101
01010101
010101001
01010101
01010101
01001010
100101001
10010101
010010101
1000001001
101010001
01010101
010100101
01010101
100101010
100101010
1010010101
010100101
000010101
0010010101
0101001
1001010101
01010101
010010101
001101010
010101010
101010100
010101010
01010101
10001001001
01011001
010100101
10100101
010100101
0101001001
1000101
010101010
010101010
1001010
100001010
01010101
1010101
00100101
10101010
01010101
01010101
1001001010
10101010
00100101010
10001001010
0011001010
010101010
10101010
01001001010
0101010
010101010
0101001010
010101010
0010101
10010101
10101010
000101010
010101010
010101010
010100110
1010101
010100101
0101001
00100101
100100101
0101001001
001010101
01001010
10000101010
01010101
1010101
00110101
00101001
0101000101
10101010
001010101
0101101
001000101
100010101
100010101
1010101
0100101
1010101
0100101
0110101
01010101
001000101
010010101
1010101
00101001
1000011
001001101
010100101
100010101
0110101
100010101
101010101
010101010
01011010
10010101
010100101
00101010
01010101010
1010101
1000101
01010101
0011001
010101
100100101
010101
00101101
010101
01010101
1000100010
010101010
00101010
0101010
0101001
010100101
1010101
00010100101
100101001010
010101010
01010100101
01100101
01001001
01001101
0101010
10101010
00101010
010101010
1010010101
1100101
00110101
001000101
10101010
010101010
010010101
0101001001
10100101
01010101
001000101
0101001
0100101
0101000101
001010101
0110101
1010101
1010101
100100101
10100101
100101010
01011010
010101010
0101001010
01010101
0100101
0101011
0010101
100010101
01010101
0010100101
010101
010101010
10101010
1001001010
0000101010
010110101
10100101
010100101
100010101
01011010
010101010
0101010
01010001010
01010101
01010101
000101010
0101010010
100001010
01100100010
1000101010
1010110
0100100101
01010101
10010101
01010101
01001010
10101010
010010101
1010101
010101010
0100010010
1011001
010101001
0010101010
1001010010
0010010100
010000101
101011010
101010010
01010101
100101001
011011
01010101
1010101
010110101
0100101010
10001010
10100101
00101010
0100101010
01010010
0010101001
01010101
1000100010
100101010
100010101
0101010101
0100101001
0100011
01010101
000010101
101001010
10101010
1001000101
1010010
0010101010
10001000010
00100101001
001010101
01101001
001000101
0010010101
000101001
01001101
0101010101
00100100010
00100001010
010101010
0010010010010
001001001
01010010101
01010101001
100000101
0101010010
1001010
010101010
0101010010
100101000
1010101
01010101
1010101
1000010101
0010101
01010101
100101001
010110010
010101010
1000101010
001010010
1010001010
00101010
100101001
1001011
010100110
010101010
010101001
001010101
010100101
01110010
010101001
10001001
01010101
01010101
01010101
00100101
1010101
01010101
00101010
010101010
001010101
01010101
1001000101
10100101
010101010
1001001010
100100101
001000100101
10100101
01010101
01010010
001001010
100010101
10100101
101001001
101001010101
01001001010
1000001010
1000001001001
10000000101
10101010
1001010010
00100101
1000101010
0101010010
010100110
0100101010
010101010
10010010
0100101010
0101001001
01010101
0010101
01001101
0100101010
1001000010
01000101
10100101
0010101001
10010101
0101001010
0010101010
10101010
010101010
10111010
010101010
01010101
1000100101
0010101010
10001010
1000010100
010100101
1010101
10101010
100101
01101001
0110101
001001011
1010101
0100101
100100101
001010101
01010010
0101010
01011001
00101010
010101010
100101010
00101001010
10101010
01001101
1010101
01010010
0101010
00101010
0101001010
010101011010
010110010
00101001010
01001010
101010101
0101010
010101001
010101
01101010
0010101010
010101010
01010010
10000101010
010011010
1010101
010010101
010111010
010101010
1001010001
010101001
010101010
01101010
10100101
001010101
0100001101
01010101
10101001
01010101
0101010
010101010
01010101010
101001010
010101001
001010101
10100101
1010101
1000100101
10010101
01010101
01010101
10001010
010101010
01010101
100101
001010010
00101010010
011101010
1000001010
1010101
010010101
10000100101
01010101
010101010
010101010
1010010
00101010
1000101010
10001001010
1010100
001010101
10000101
01010101
001001010
01011010
100101000
10001001
010101
0100101
0010101010
010101010
01010101
01001001
010000101
10100101
0100101010
01001010
10101001
01010101
1000010101
101001000101
10001010010
010000101010
01010101
0010101101
1010101
01010101
1000101
01010010100
0010001010
0010101010
1001010010
0100101011
010101010
10000101010
100100101
1010101
0010101010
0010101010
010010101
100010101
0101010
010101010
10101010
0101001010
01000101
10010101
100010100010
010101010
011001101
010010101
010101010
10010010
0001001010
01010101010
0101001010
101001010
0101010010
010010010
000101010
1010101
10100101
0100101
0010100010
010100110
10001010
01010101001
100000101
100010101
100101010
1000101010
01001010010
10010010
101010010
0101001010
00101011
010010101
01010101
01100101
0110101
1001001
01000010010
01001010
1001010101
10010101
101001001
0010010101
101010
010101001010
10101010
010101010
01010100010
01001010
10101010
01001001010
1000101010
10101010
100010101
0101001
0010010100010
0101010
100101001
01010101
010100101
100001001
1010101
001010101
010101001
0101010
10001101
01010101
10010101
10010101
100101010
100101010010
010101
011001010
010011011
010100101
100010101
01011010
0100100101
0010101
001010101
1000001010
0100100010
0010101010
0010010101
0101010101
00100100010
01010101010
010101010
100101010
0100101001
01010010001
1010101
1010010101
101010010
010011010
01001010
10101010
100101010
1000100010010
10010001010
011010010
0100101
0100100101
001001001
100101100
101001010
0100101010
0101010010
010101010
10010101
010100101
01010011
01010101
0010101010
0101001010
0110011010
01001001010
100000101001
0101010101
0000110010
10101010
001001010
0110100010
100001010
01001001001
001010010
01010101010
10010101
0101100101
0101010010
01010100
10010010
00101000010
01010101
1010101
1010101
01010101
010101010
011101010
10010101
0010101
10101010
00001010010
0100101010
0100101010
01010101010
1010100010
010101001
01010101
10100101
1001010
010101001
01011001
0101001010
010101010
010100001
01001011
0101001010
010101010
10010101
0000100101
01010101
01010101
010101001
010100101
011000101
01010101
011001010
001001010
00010010010
010101010
001000110
1000101010
1010101
1001010101
0100101001
1010100101
10010101
01010101
01010101
01000101
010101010
100101010
10100101
100010101
001010101
0010010101
001010010
101001010
01010101001
10100101
010101001
100110101
1000101010
1001100010
01011010
010100010
010101010
01010101
10010110
01001010001
101000101010
10100101010
0101010101
010101
1001010
010101100
1001010
0101010
010101010
0010101010
010100101
10010101
010100101
0010010101
10100101
01010101
1010001010
010010010
0101010010
01000101010
101000010
10100010010
0010001010
0010001010
10011001
01010101
0100100101
01010101
0101010
010101010
01110101
010010101
010101001
010010101
10101010
010101010
10101000101
1001010101
01010101
0100101
01010101
01010101
01010101
1010101
010101010
01001010
010100101
00110101001
01010101
00100101
010101001
01010101
0101101
0101001
01011010
010100101
0101011
010010101
1010110
001010101
101101010
010101010
010101010
100001010
101000101
101000101
01001010101
01010101
010100101
0101010101
010101010
001001010
0010010101
01010101
001010101
010010101
010010101
100010110
10101010
01011010
001010010
0010101010
0101010101
001010101
000101010
010101010
0101001010
0010101010
0101010
10101010
10101010
010101010
0101010010
010101010
01011010
10101010
010101010
11101010
1010101
011010101
100100101
1000001
0101001010
101010010
100101010
0010010101
101001010
100100110
0101101
100010101
0000101010
010101010
010101010
01010001010
100101010
1000101010
010100101
0101010100
101010010
100101010
1010101
010010101
010010101
10101001
00100101010
01010101
00001100101
1010101
0101001010
010110010
10000101010
101010010
1010101
00101101
01010101
01010101
01010101
10010001
001001010
010101010
10011010
010101010
1010101
1010101
0101010010
010101010
001010101
010101001
0101001001
0101010001
0101001
100101101
0100101001
001010010
0101001010
0101010010
01010101010
100101010
00101010
00101010
01010101
101010101
1010101
0001010101
00101011
101101010
0010101
010010101
010101010
010001010
101001010
10101010
001010101
01010101
101010010
01010010010
1100101
1010101
