01101010
100101010
0100011
0101101
0100100101
00101001
010110001010
100010010
01101100
010101010
101001010
00101010
100010101
10010101
010100101
10101001
10001010
0101010010
1010101
0010101001
010101
01011010
0101001010
10101010
0110101
01010101
10101010
101001001
10101010
1010001010
001001001
10110
00101010
00100101010
01010101
10001001000
0101010
101010001
00101010
00101010
010101010
1010010
010101010
101010010
00101010
0101010010
00100100010
10101010
0100101010
010010010
001101010
101001010
10001001010
1001010100
010010101
01010101
100101010
10001010010
001001010
10001010
010101010
0100101010
01010100
1010011
0100110
010101010
0101001010
0100110
101000101
1010101
