0110010010
01010001010
000101010
01010010
001001010
10101010
000101010
010101010
01010101
010010101
010100101
101000101
10101001
00100101
001010101
0010101
100101010
00101010
0101010010
01001010
1010101
001010101
0101001010
100101010
0101001001
10101001
1010101
0010101
00101010
0101001010
01001010
0010101010
10100110
01010010
10101010
00101001010
0100101001
100101001
010101010
100101010
10101010
101010010
10010010
00101010
110010
0010010
1000100010
0101001010
1000101
0101010
010101010
10001001010
000101010
1000101010
010101010
10100010
000101010
10101010
10010010
10101010
101001010
10101010
0100101010
0010001010
010101
01010101
1000100001
0100101
01010101010
0110101010
0101001010
10101010
0101001100
1010000010
010101010
0010101010
010010001
0010100100101
01100101010
0100101010
10011010
10101010
010101010
0101010
0101001010
0010001010
10101001
0100100101
0100101010
00101010
1001001010010
10011010
10100101
01010101
10100010
010101010
001010100
101011
0100101
100011001
1001010010
010001010
00101010
01001010
011001
01010
1010101
100010101
1000101
1000101
01001101
0100101
010101
0110011
10100110
0001010010
0100101
0010101
1001001010
101010010
10100101
00101010
10101010
01010
00101010
010101010
10001010
00101010
00101010
01000010100
0000101010
0101010
010101010
010101010
01001010010
10101010
01010101010
10101010
0101010
1010101
10010101
010101
101001
01000101
1010010
10100010010
100101010
10101010
100010010
10101010
1001010101
10100101
0010101
1010110
0101010
1010010
01001100010
0010010
010010101
01001011
10001010
100101010
1010101
01010101
010101010
01000101010
010101
10101001
0101010010
00101010
10100101
10101001
010101010
1000001010
01010101
010101
000001010
01010010
10101010
10101010
001001001
101010001
001001001
10010101
0101010010
10001010010
01010010
1010101010
1010011
10100101
101010
0100001010
01000110
10101010
001001010
010101010
10101010
1001000010
01010101
10010101
101010001
010011010
101001010
000101010
010010010
100101010
010101010
01010010
001001010
0000101010
100101
100100101
01010010
00101010
0010101
0010101
010101010
101010
001001001010
10101010
01001010
010101010
010001010
000101010
010001010
001001010
001010010
0010101
0110110
100100101
101001010
0010100010
10101101
1010101
010010010
00010010010
1011001010
01010010
1001010
10111010
00100101001
0101001
010101010
0101001010
0010101010
010101010
0101010
001010010
010010101
100101
0100100
0010101001
101010
0101010
01001001010
101001010
011000010
010101010
010101
1010101
01010101
00100101
11001010
000101010
00101010
01010001010
1000101001
1010101
010101010
01010010
01010101
10100101
001001010
1001010010
010001101
1100101
101010101
01010101
010010010
01010010
01010101
0101011
0101001010
000101010
00001010
01010010
0101001010
1010000010
1010101
010101001
10101010
00100101010
0101010
1010101
001010010
01101010
0100101
10101010
10101001
0010010101
101101
00101001
010010101
01010101
0101010010
10100001010
0101010101
10010101
10101
01010101
00101010
010101010
01010101
10100110
1010101
010010101
01000010
10101010
1010101
0010101
0100010010
00101010
101010010
000101010
10100101
100010101
10010010
00100010
0100101
1010101
1001010010
0101010
0101001010
100101010
101001010
01010010
11101001
01001101
001001000010
0100100010
100001
101101
001010101
0010101
101000010
00101010
01101
01010101
100110
00101010
0001101
10010001
0101010
10011010
10010000010
010101010
0010010010
010110010
010100010
00101010
011010
00001010
0100101
0010101
010101010
01011010
01001101
1010101
100101010
0100101010
01010101
010101001
0100101
01001101
00101001
100100101
10100010001
101000101
010010101
0101001
010001010
1011010
01010101
1010101
0101010
001001010
010010
0111010
10010101
10101001
10010101
10100001
010010101
001010101
00101000010
1001001010
01011001
001011
01010101
010010101
