00010101
01010101
0100101
1010101
01010101010
10101010
0101010001
01010101
001010010
0010001010
0100101
100011001
010101010
100101010
100110010
10100101
010101010
010001010
010101001
1010101
10101001
111010011
10100001010
001001010
01010101
001001001010
01010101
101010101
00101010
0001000100010
01000110
10000010
010101010
1000101010
00101010
0101010010
101001010
0101010
10010101
10101001
001001010
100101010
0001010010
0010001001010
10001010
001001010
10010011
100100101
001010101
01100101
0101011
01010101
0101010
010011010
101010
010101010
100101010
0001001010
101000101
10101001
10010101
10000101
01010101
001010101
0101001
101001
10010101
1010101
001010010
0100101010
100010010
1001010
