0101001
0010001001
101001010
001010010
010101001
101001010
10101010
010101010
01010101
00101010
010101010
000010101
0100100101
00100101
0100101010
1010010
0101010010
01001010
00101010
0001010010
100100010
1000010010
010101010
100010010010
010100111
10001001001
0010101010
10101010
01010101001
01010101
10100101
010010101
0100001010
10110010
01001010
010101010
001010010
00101010
0100101
01011010
01010101
1010100100
01101010
010101010
100110
0100101010
0100101
0101001
1010101
01001101
010101001
1010101
010010101
00010101
0001001010
10101010
10101010
1010100
0101010010
0101010
001001010
1001010010
10001010
101010010
00010010
010101010
010101010
010101
10100101
1010101
01001010
10101001
001000100100
1001010
0100101010
0101001010
0101010010
01010010
10101010
0101010010
10101010
010101010
01010010
00101010
01001010
0010101010
1001001001
01010101
0101010101
10100001
101010
01011001
01001010
0101010
010101010
100101010
1010101
0111001
010101010
01010110
0101001010
01001010
01001010
1001010
01001010
010010010
0100101
0100101
0000101010
01010010
001000101
001001010
1010101
01010101
1000101010
010101010
10101010
1010010
001010101
0101001
01001010
00100101010
1010001010
0101010010
01010101010
10001010
010101
01010101
0101101
0101001
01010101
00100101
010101
1010101
10101010
1010001
010101000
001010101
0010010010
0100101010
010101010
010010010
10101010
101010010
10010101
010010101
0100101010
10101010
1000101
00100101
001001010
00100101010
1010101
01010101
010101010
0101010
00101001
10100101
100101001
01011001
10101010
0101010010
01010101
101001
1001010010
0100101010
0101001001
0011001
1010101
1001001
0101001010
001001010
1010010
0100101010
0010101010
01001010
0000101001
0100101
01010101
101010001
1010001010
0010101010
010101010
01001010
100101010
10100010
01001010
10101010
0101010010
10010010
010101010
100001010
0100101010
01100010
01000101
01010101
0101001010
010101010
01010101
01010101
00110010
1001010
100101010
010101010
001001010
10010010
010110010
10101010
010101010
101001010
0101010
01010001010
1010101
01010101
0100100101
1010101
010101001
10001001
010100101
0010101
01001010
10001010
10101001
01010101
001001010
10101010
010101
0101001
11011010
0010101010
10010001001
01010101
1001010
010101010
1001010001
010011001
01001010
001001
0101010
0100110
01010101
0100101
1001001010
101001010
010011
10010101
010001010
00101010
1011001
10010101
1010100101
01010101
010101010
001010010
01010101010
010001010
10010101010
01001010
01001010
100101010
00101010
100101010
10101010
0101001010
01100101010
10101010
1001010
010101010
01100101
101010101
10101010
01101010
011001010
0101010
101010
100010010
001001010
101001010
01001010
100101010
0010001010
010101010
0100101
1010101
010101010
100101010
10101010
10101010010
100101010
10101010
01010101
010100101
01010101
10100101
001010010
0101010
1001001010
101000010
00100101010
01001010
000101010
01001010
100101
001000101
0101001010
010101010
101001
01000101
01101001
01010101
0101001010
010101010
01100101010
10010101010
010010101
01010101
01010110
100110
101000010
1010110
010010101
01010101
100110001010
10001010
010101010
1000101010
01011010
1001010010
1110101010
101001010
010010010
01101010
1010101
00101001
100101010
0010101010
01001001010
10101010
00100101010
001010010
10100100010
010101010
001001010
0101001010
01000101010
010101010
1010101
1010010
100010101
10010010
0101101010
10101010
1001001010
10101010
0010101
100101
0110101
0100101
001010010
010001010
0101010
0010001010
010010010
1001010
0101010
010101010
1010101
00100101
101010000
0101011
0101001010
010101010
010101010
101001010
101010010
0000101010
1010010
100101010
1001000101
010100101
1100101
01010001
1000010101
01010101
100100100
1001010010
1010101
1010101
100100101
1010101
100110010
00101010
100010010
01010010
1010101
01010101
0100101010
001001010
010010100
0010101010
101001
1010101
01001010
00101010
0100101010
0101001010
001010101
0000100101
10101010
1001001010
010101001
01010101
001010101
1010101
01101
101010010
010001010
1010110010
1001010
1101010
00101001
01010101
01101010100
0101001010
001001010
01010100010
10101001
00100101
1000101010
101010010
0011010
10101010
010010010
01010101
010101010
010101010
101010101
01010101
01010101
010010001
001001010
100101010
00101001
000001101
01010101
0010101
01001010010
010101010
00101010
0100110010
10101010
00101010
101001010
0100101010
00100101
011010101
10010101
00100101
01010010
010101010
101010010
10010010010
010010010
1001010010
0101001001
0101011
010010010
0100110010
00100101
1010110
10101010
0110010010
010101
01010101
0100011010
00101010
010100101
01010101
10101001
010101001
010101001
01011010
01010010
10110010
01101010
010101010
10001001010
001010010010
1010101
01010101
1010101
1000100101
100001010
1010010010
100010100101
010100100
01010100
01001001010
10101010
0100001010
00101010010
01001010
01010101
01010001
010101010
00101010
0010101
01010101
10010001010
01010101010
100101010
0000101010
0010010101
010010101
01010101
01010101
1010101
1010101
010101
10101010
0010010101
10100001001
00100111
01010101
0100101010
0101001010
0101010
00101001010
010101010
100101010
01010101
10010101
101001010
0010001010
0010010
1010010
100101001010
10110010
10010010001
1001010101
101010010
10010101
01010101
01010101
10100001010
0101010
1001010
0100101010
101010010
11001010
010101
01101001
0101010010
010010010
1000101010
01010010
10101010
101001010
0100101
0101011
101001010
10101010
1010101
010100101
010101010
010101010
10101010
01100100
1010101
101010
0100101
0010101
101101
1010101
01010101
0010101
0010101
01010101
001010010
010101010
0101011
101010
101001
010100
010101010
10100100
10000010010
010101010
1010101
01010101
1000101010
01100100
1010010
10101010
01010101
01010101
10110010
0100101010
1010010
10100101
10101010
010101010
01010101
0010101
0110001
10100001
0101010
1010100
010010101
01010101
0101010
010101010
10101010
010101010
10101010
01101010
100101010
10101010
010010101
10110101
0010101001
0100101
10001010010
010100110
0100101010
011001010
010101001
010100101
10100001010
0101010
01001001
010010101
10101010
010101010
0010101010
01001010
10110010
01101010
00101001
010100101
00100101
1010101
100001010
001001010
01010101
1010101
1001010
01010101
1010011
0101001
0100101010
001001010
010101010
10010100
1010101
10100101
010010010
0101001010
0000101010
010101010
0100101
1010101
0101001
010101001
001010101
0000100100
01010101
01100101
10100100
101101
001010101
010101001
01011010
1000101010
01010101
1001010101
00101010
1001001010
000101010
01010110
100101
1010101
100001
100101
1010101
0100101
01010010
010101010
1010101
011101
010011010
01010010010
0101010
10010010
101010101
0100010101
0101010
010101010
0101001010
01010101010
101001010
000001010
01010101
001001000101
0101010
0100101
100101001
10010101
10100101
10010101
0101001010
00001001010
10101010
01010010
010101010
010101010
0101001010
010101010
010101010
10101010
1010010
00110010
0100101010
01001010010
010101010
100101010
01010010
100101
1010010101
010100101
1000101
01010101
0010101
01101001
100101
001011001
001010101
0010101
100101010
10101010
101001010
010101010
10101010
100101010
100101010
001001010
01010101
01010101
1001010
010101010
00101010
0101001010
010101010
00010101010
1010101
1010101
101010
00101010
0010010010
001000010
1001010
010101010
0101001010
010101010
110010
010101010
101010100
101010010
101010100
001010101
010101010
10101010
0010101
101010
0100101
010101
01011001
1100101
100010101
1010101
0010101
010100101
01010101
0110010
0010000010
0100001010
001101
0101001
10100101
01010101
1010100
101101
0100101010
0101010
100010010
01001010
100100101
01010010101
01001010
10101010
101010010
10101010
101000101
01010001
0100101
1010101
010001001
10010101
00101010
001010010
01010010
10010101
101001010
01001010010
0100101010
10101010
01101010
1000101010
00001010010
0011010
10001001
0100101
0010101010
10101010
01001101
010100101
0100101
00101001
01010101
10010001
100110010
010101010
100010010
01010101
011001010
10001010
1000101010
00101010
10001010
0101100
010101
1010101
01001001001
0101001
00100101
0100110001
010010101
010100101
10101001
01010101
01010010100
101001010
0101110
100010101
001010101
010101
1010011
1001010
101001010
10001010
10100000
01010101
1010101
01010101
010100101
010010101
00100010
0100101010
10101
01010101
010101010
0101010010
01010101
01101
010010101
0100101
001010101
10101001
10101010
0010101010
010100101
0100010101
0010010
010101010
00101001
010001001
0100101
01010101
01100101
01010101
0100101
0110101
01010010
00101010
100100101
001010101
00100010101
00101001
010100101
001000101
10101001
100100101
0010010100
1000101010
1010001010
101010010
0010101010
010101010
01010101
01001000101
10011010
0101010010
01101010
010110010
1001001010
010100100
101001001
01010101
01101010
10101010
10101010
00101010
101001010
010110010
10010100100
01001001010
010101010
000101010
1000101010
0101001010
01010101
10100101
101000101
0101001
010101010
010101010
10001010010
1010010
10010101010
0101010010
10010010101
10110001
1000101010
0101001010
01010101
001010001
01010101
10100101
1010101
0100010101
01101010
010101010
100101
010100101
10100101
10100101
010101010
10010010
1010101
0101001
1010001
010101
10100101
10100101
10101001
00100101
10010101
001010101
010101010
10101010
1010101
100101
001010101
010010101
0000001010
10101010
1010101
1010101
0010100101
01000101
1010101
000010101
0100101010
01001010
10101010
001010010
10101001
001010101
0101001010
1010100100
0010010101
01010101
10100101
1010101
0100100101
1000100101
1010001010
01011010
0100010010
010101010
010010
10001010
0010100010
100010101010
01001010
0000101010
101001010
1000101010
010101010
001001010
0010101010
0101001010
0100101010
1010001010
10100101
010101001
10010010
10010101
1001000101
1010101
010010010
10101010
0000101010
1001010010
01001010
10101010
01010101
001010100
1010101
0101101
10101010
100010101
0101101
01010101
010101010
001001010
001011010
101010010
100010101
101000101
010100101
1010101
1100101
010101001
100010010
101001010
10101001
01101001
0101010
01010010
100001010
0101010
001000101
0010101
10101010
10101010
01010101
01100101
010101010
101001010
010100101
0010101
10010010
01010101
101001
01101001
10100101
0100101
010101010
011010010
010101010
010010010
010110010
0101010110
0101010
101001010
1010101
10100101
010101
01010011
01001010
100101010
0101001
01011001
010010101
011001
10001010
0101000101
00101010
1000100010
101010101
0000100101
1010101
10101010
10101010
010001010
10110010010
010101010
011001001
0010100101
0101010
001010010
1010001
01010101
0101001010
010100010
0110101
001010101
01011
1010101
010101001
1010101
01010010
1001010010
01101010
01010101
100101010
10101010
00101001
01010101
1000101010
0010101010
10101010
0010101
1000101010
01101010
01010101
01010010
01010101
010100001
0100101
101110
010100101
1011000
0101101
00110101
101001010
10101010
1001001010
0100001010
10010101
010101001
0101010001
10101001
010100101
01010101
1001001010
010101010
10001010
10101010
0110010
010001010
10010101
10101001
100101010
010101010
010101
10110010
1000101010
100101010
101010010
010101010
001010101
1010010101
00101001
100101
01010010
10101010
0101101
10100101
10101010
10101010
010010101
01010101
101000001
01010101
010101010
001001010
10001001010
10100100
010001010
10101010
10100010
0010101010
11100101
10101001
1010110
010101000
0101001
10010101
0001100
101001010
01001000101
0100101
010100100
001001010
100101010
1010100
010010101
10010101
0010101
01000101
010100101
01010101
000110
0100110010
010100101
001001001
10100101
01010101
000010101
001000101
0101010010
101010010
0110101
10010101
01001010
01001010
10101010
10101010
10101010
00101010
0110101
101001
10101010
1000001010
0101010
101001010
010101
01001001
1001010
0101010
101001
0101010
10010101
01010101
01010101
010100101
0101001
010010101
010101001
1010101
10100101
010110010
101010010
10010010
1010101010
10101010
101001010
01001010
00101010
0100100101
101010
10011001
1010100
100101010
100101010
101001010
010101010
010101100
0100100101
010101001
010001010
10101001
10001010
1001010
1010101
0010110
10101010
010010010
010010001
1010010101
10100101
1010010101
01100101010
1010001010
0010101010
10011010
1010101
10010101
01010101
10010101
101010010
101001010
01010101
0100101
0101001010
010100100
010101001
1010101
0010010101
01010101
100100100
10010011
100000101
01010101
010101010
10100100
010010010
01101010
10100101
1010101
0100101010
1001001010
01010101
01010101
10100101
01001111
100010010
010101
000100001010
010101010
010101
0101011
001010010
10001010
1010101
00100101
01010001010
010101010
0110101
010100101
1001001010
0100101010
1001001010
1101010
10011010
101001010
0010101010
010101010
10011010
1001010010
0101011
101010101
01011010
010101010
0100101010
010101010
01010101
1010101
100101010
0010101010
01010101
001001010
01101010
010100010
0101101
10110001
010010101
101001
001010010
001000010
10101010
0000110010
10001010
010101010
10101010
10110010
01010100
1010010
1010100001
10101001
00100101010
10101010
011001
010001001
001010001
0110101
00010101
1010101
001010010
00101010
100100100
10010101
0101010010
1011001010
10101010
1001001010
1010101010
10101010
10000101
01010101
010100001
0000100100
10100010
1010101010
10101010
010101
000101010
010101010
010101010
0010001010
101001010
10101010
0100101010
0100101010
0101010010
0100101010
010101010
0010101010
01101010
01010010
010001010
1001001010
01010101
01010101
010101010
00101010
01010010
0010001010
01010101
1001000101
11100101
10101001
010101010
001001010
0101101
001101
01010110
10100101
0101001010
10100010010
10100101
1010010101
011001001
010101001
0100101010
10100100
0110101
010110101
10101010
101001010
1010010010
001010010
010101010
1010000010
01010101
101100100
1010101
10100101
01000101
01010101
0010100010
10101010
10101010
1000101010
1010101
1010101
1010101
01000101
0101010
0010001010
0100100101
01010101
0100101
010100101
101001
10100101
0101010101
010010101
010101010
100101
0100101
10010110
001010101
010101010
010100101
010010101
01001001
01011110
0100101
01010101
01010101
10100101
1010101
10100001
10101010
010101010
01001010
010110010
001001010
0100101010
1010101
10101001
01001010
0100100100
101010101
0110101
01001010
010101010
1010101
01010101
00101010
10010101
011000100
0101010010
11100101
010101001
01001010
011001001
1010010100
0101001
1000100101
0101011
1011001
01010101
101000101
1010101
0101001010
10101010
1001001010
010010010
0100101
1000100101
01010101
10100101
01010101
010010101
01001101
010100101
01010010
101001010
0101001010
01001010
0101010
010101010
010110010
0101001010
101001001
10010101
10010101
1010101
1010001
01100101
0101101
01010110
010101010
10101010
0101010
0101010010
001010010
0101010
0110101
01010101
0101110010
0101010010
1010010
10101010
10100101
1010101001
1010101
01010101
00101000010
001010010
0100101
1000101
1100101
1000001001
010101010
0010101010
10101010
1010110010
01100101
1010101
1010011
1010101
0101101
10100101
0010101
0010100101
10101010
010101010
010010101
01010101
0010100101
010010101
010101
1010101
0101010
1001001
0101010
010101010
001001001010
01001010
100101
1001000100
10100101
01010101
010010
100010101
01001101
10010101
101000101
010101001
0101101
00100101010
1010101010
001001001010
00100100
01010101
0101001
01010101
01010101
0010101
011001010
010101010
01000101
00101001
10101010
010101010
010101010
001010001010
010101010
001010010
101001001
01010101
010101010
0010101010
0101010010
1010100010
101010100
101010101
001001010
010101010
0101000010
01010110
01010101
001001001
01010101
01010101
0100001
10010101
001001010
001010010
10100101
1010101
0010100010
00101010
10101010
001001010
0100010
000010110
010001010
10101010
00101010101
10100101
1001010
1001010
1010010
010101010
01011001
100101
10010101
001010101
10010110
0010101010
1010100010
0101010
101001010
01001010
010101010
100101010
001001010
101010010
1001000010
010101010
0101001010
101001010
001000101
001010100
0101001010
0010101010
00101010
001010010
0010100101
10010101
1010101
10100101
011001010
1001010010
010100100010
10001010
1010010
01001010010
1010101
1010101
0010100010
00101010
001001001
100101001
01010101
1010101
0010010101
0100101010
101001010
00101010
10100101
00100101
010110010
10100010
010101001
10101001
0100101
010010101
0001001010
1001010010
0010101010
0100101010
011010010
1010010
001001001
01010101
01010101
0100010101
010001010
00110010
10101010
1000100010
101000101
011010101
0101000010
0101010010
100010101
10010101
1001010010
0101001010
0010101010
01000101010
0101011010
0101010
101110
0101101
1001001001
0101
0101010010
100101010
10101010
0100101010
0101010010
1001001010
010100101
01010101
0100101010
01001001010
00100101010
101010010
101010010
010010110
01010101
1010101
010100101
01010101
10010101
010101
1010101
1010011
01010010
100101010
010100101
01010101
010101010
101010010
0101011
1010101
01010101
010101001
101010101
01010110
00101001
101001
010101011
0101001
10101010
10101010
10100110
0101010010
10001001010
1001001010
00101010010
0010001010
00100101
00010101
00101001
1010101
0100101010
010101010
010101001
01010101
10100010
0000101010
10010101
001010101
01001101
0110101
100101010
0000101010
0010101010
001001010
010101010
0011010010
00101001010
100101010
010101001
101000101
000101010
1010101010
01010101
10000001001
101010010
010101010
01010101
011000101
10110010
010101010
10101001
1010101
1100101
1010011
01101010
100101010
10010010
0101010
10100101
0100101
00101101
010100101
10010101
010101
010101010
10010110
101101
0101010
01010101
0101101
0010101010
10101010
00101001
1010101
0101011
10101001
100010101
1001010100
01010010
10101010
10010110
01010100
1010001
101010
010101001
01001001
10101010
10011010
1100101
100010101
01000010
00101010
0100101
101100101
0101010
10101010
1000101010
100001010
0101010
0010001010
1010101
1010101
0100101
0101001
01010101
1000100101
0101001010
00100101010
010010001
1010101
10100101
10101010
1000010101
1010101
010101010
0101001010
010001010
10101010
010010110
001001010
101000101
1010101
10101010010
0010101010
0010001010
0101001010
01010101
10100101
10101001
101010101
10101010
010101010
01001010
01001010
010101010
010101010
010010101
01010101
00101010
0010101010
0100101
10100101
1000001010
0101010
10101010
010101010
010101010
0101001010
100100001
010100
0101001
010010101
10010101
10001001
0101010
0101010
01100101
1000100100
0100101010
00101010
10001001010
0101010
01010101
1000101
01010101
101001
010101
0101001
01001010
01001010
101001010
00101010
100101
0100101
01010101
0100101
010011
01010101
101001010
0010010010
0101010
010010010
011001001
01010101
0100101010
01001010
100101010
0101010010
0100101010
10101010
010100101
01010101
10101001
1010010
1010101
00100101
01010101
01010101
01100101
01011001
1010101
00101001
101010
10101010
01010101
01010101
01001010
010101010
1010011
1010101
01001010
10101010
010101001
00100101
01101010
0010010
010101010
01010010
010101010
0101010010
010101010
010101010
010101010
010001010
0101001
1010101
001010010
001001010
0010100
0101001
10101010
000101010
10001010
1010001010
