100101010
00101010
1010010
0010101010
010101010
010010010
01010011010
0000101010
010110010
0100101010
0110101
10100101
100101010
000101010
101010100
01010101
010101010
010101010
01010101
01010101
00101010
00101010
0101010010
1001010010
0010001010
010101010
010101010
10101010
1001010
010101010
0010100010
10101010
1001010010
010001010
01010010
001010010
10101010
00101010
10101010
00101010
0101001010
01001010
0100101001
100101001
01010101
001010101
10101010
01001010
1001001010
10110010
01001001001
0100101
01010101
01011001
10010000101
01010101
01010101
10101011
0010010010010
010101010
00101010
000001010
1010101
1010101
1001010
00101100010
1000101010
01001010
0010101
010101001
10101001
101001001
01101001
001010101
01001001010
1001010
1001001
011001
01001010
0010100010
1010101001
1001010010
100100101
1010101
1001001010
100101010
10100101
010100101
01001001
1100101
010010101
1010110
1001001
01001
01001010
0101010
0101001010
0101010010
010101001
00100010000
101001010
010101010
010100101
1010101
100100101
01010101
01010101
010101001
10010101
00101010
010110101
0010101
10100100101
001101
01010101
0101010101
0100101010
010101010
000101010
0101010010
10100101
1001101
010100101
0101010
0101010
110101001
0110010010
100101010
1001001001
100010001
00101010
00100001010
010110010
010101010
01001010
010101010
10010101
1010010101
10101010
010101010
0010010010
01000101010
0010010101
1010101
10101010
001001010
10101010
0010010010
101010010
010101010
01010101
001000101
010101010
010010010
0101010010
01010010010
00100101010
00100001010
001000010010
010101010
010101010
10101010
1001001010
0100101
100101010
101001010
10100101010
001010010
01100101
01010101
0101001
1001010101
0101001010
010101010
0101010101
1000101
0101010
01010101
0100101010
1010100010
1010110
0110101
01010101
0100100101
01010101
01010101
101001001
1010101
00101010
010101010
10010101
10100101
01001001
0100101
10101010
001001010
10101001
0100100101
001010101010
010001010
00100101010
001010010
10101001
010101001
010101010
00101010
1010010010
1011010010
10101010
01010010
100010010000
010101010
10000101
10010100101
0010101
1010101
101001010
1101001010
011010010
010110010
1101010
011001010
1010101
010101010
0101101
11010101
010101001
0101001001
0100000101
0010100101
1001001010
001010100010
01010101
0110101
1010101
011010101
0101010
101001010
01010101
0100101
010101010
010101010
0101001010
00101010
010110010
010101010
0101010010
001001010
010100101
1010101
100101010
01001010
01100101
01010101
010101010
0010000010
1000010010
011010010
001010010
001101010
01010101
10010101
1001011
01010101
10010001010
010101010
101001010
000101010
010101010
10101010
100010011
010010101
00100010
10010010010
101000101
100101001
010101010
0101010000
0001010010
10110010
10001010
10101010
010101010
100110010
10010010
001001010
10101010010
010101010
01011010
010101010
10100101010
000001010
010101010
00101010
1010110
01010101
101001010
010001010
0101001
01010101
1001010010
10101010
01010010
010101
01010101
01010101
01010101
1001010100
10001010010
0101010
010101010010
10101010
101010
010101010
1010101
00101010
00101010
10101010
0010101
101010101
00101010010
10101010
1010101
01010101
10101010
01001010
01010010
010101010
001010100
10101010
1010010
1010010
010100100
101000100
0101001010
01001010
01010010
00101010
0101010101
1010110
0101001010
0010010010
010001010
010010010
0010001010
010101010
10010101
10000101
010101010
010101010
101000101
01010101
01101010
010010010
10101010
10101010
10101001
00101000101
01001010
01010101
0010100010
10001010
00101010
10101010
101001010
0001010010
0100010100
00100010
10101010
00010011010
0101010010
01001010010
001010010
010101010
00010101
0101001
10101010
0101010010
011001
010101
10101010
10101010
000010010
010101010
001001001010
100101010
10001010
00101010
001010101
100010101
1000101010
00001010
101000010
0010101010
01001010
10101010
00100010101
1010101
001010010
0101001010
10101001000
01010100
0100101
0100100101
10101010
10001010
10101010
1001010010
0010001010
010001010
00101010
0101010
101001010
010101010
100101010
010101010
01010010
101001010
010101010
0100101010
01010101
01010101
01001010010
100101010
010101
010101
0101001010
10101010
1010001010
0101010
001010001010
00101010
0000010010
010101010
101010010
0101010
0110101
0101101
010101010
0010101010
010101001
010010101
10010101
0100101
1001001010
01001010
010010001
0101011
100010101
001010010
010010101
10010010
10010101
01010010
001010001
010101
10001010
10101010
0101010
1001010
01010010
10101010
0100101
0010010101
010101010
01001010
10010010
00101010
10101010
010010010
00101010
010010010
010101010
10101010
01010100010
100101010
0101010
0101010010
010101010
1000101010
1010101
01010101
0010101
1010101
010101010
00001010
0101010010
0101001010
101001010
0100101010
10101010
10101010
1010101
1010001
01001100010
00101010
1010101
00100101001
100100101
10010101
1000101010
10101010
01010010010
0101001010
0100101010
01001010
100100101
01000101
000101
0100101
010101010
010110010
10100101
0101010
0101001010
010101010
10010101
001001001
010101010
0101010010
010101010
010101010
0010101
100100010
00101010
01001001010
01010010
100101010
01010100010
1001010100
010101010
10101010
100010101
10101110
0010101
011001001
010101010
1010011010
01010110
10010101
0101001010
10101010
1010101
1010101
010101010
00100101010
1010101
1010101
1010101
01001001
0101101
1001001
1001001001
010010101
010101010
001010010
1000101010
010101010
010010101
10010101
00010101
100101
1010001010
10100010
01001010
0101001010
1010001010
10001010
1010101
01010101
00101010
010101010
00001010101
01010100
1010110
1010101
10101010
0101001010
000001001010
100101010
100101010
011000010
10101010
100101010
01010101
00100101
10100101
1001010
10101010
010101010
01101010
010010010
001001010
1001001010
001001010
100101010
100101001
10010101
100101010
01101010
1001010
010110010
1010010010
101001010
0100100101
1010100101
100010010
0010100010
111101101
01010101
10100101
01010101
0100101010
010110010
1001010
010101010
01010101
100010101
01010010
10001010
010100010
010101010
01010101
001010101
0100101010
01010010
00100101
1010101
010101010
010101010
10110101
10000101
01010101
01010101
0010101
0101010101
01100010010
101001010
0100101
00110101
101001010
00101010
010101010
010011010
1001001010
10101010
10101010
010010010
010101010
001001010
001001010
01011010
001001001010
01101010
010101010
00101010
01010101
0101001
10010001
1010101
010101010
10101010
1001000010
011001010
0100101010
1001010010
010101010
0100110010
010101011
100100101
1000101
10010101
011110
01010101
00101001
10100101
0010001010
01010010
10010101001
1010000001
010101010
010101010
00010101
010010101
0100101010
010101010
01010101
001010001
01010010
00001010
00101010
01001010
001101010
010100110
01010101010
010101010
101010101
01011001
10010010
001001010
0100101010
010101010
0010001010
010101010
0010101010
101001010
10100110
100100101
10011001
100101001
100100101
10010101
010101
01010101
101011
00100101
10101010
010101010
0100101
010101001
0101010
010101010
010101010
0101001010
001001010
100101010
101011
01010101
01001010
10000010010
010110010
001001010
001010010
10101010
10010101
010101001
0010101
10100101
00101010
01001010
010010101
01010111
010010010
010101010
10100010100
01010101
010010101
0100101
0001010010
101001010
001000110
001001010
01001011
01010101
0010010010
011010010
00101001
10101001
01010010
1010010
01010010
010101010
010101010
101001010
010101010
0010101010
10101010
0010010010
00101001
01010101
100101
1010101
01100101
0100101
010101010
1000101010
0101010010
0100001010
0000101010
01010010
0101101
0010101
1010101
1010101
001010
00100101
0010100010
100001010
1001001010
1001001010
101010010
00001001010
10001010
01010101010
0010001010
010010010
10010010
0101010
1010010
101001010
101001010
1000101010
1001010010
010001010
10010101
0110101
10100101
1010101
10010101
1010101
0101011
0101101
100100010
00101010
10101010
0101010
10000100101
01001001
01010010
1000101010
010101010
0010001010
01010101
1010101
01001010
10101010
01010101
10100101
101001010
0101001010
10010010
1001010010
0110101
01000101
1011001
01010101
100101
1001001
1010101
1010001001
1001010010
01010010010
101001010
100001010
001010101
010101001
00001010
010101010
0010001010
10101010
1110101
0100100101
1001010010
01010010010
0010101
01010101
0101010
100101010
01000101010
11011010
01101010
00110010
010011010
00101010
10101010
10101010
010101010
0010101010
01010101
0010101
100101010
1010010
010101
00101001
1000101010
0100011010
01010101
01010101
0101010
10101010
010101010
1001010
1010101
010101
1010101
10001001
10101010
10101010
100101010
01010010
10010101
0010101
010010100
0100100101
10010010
010101010
010101010
010101010
1010101
010010101
01010010010
00001010010
010101010
0101001010
010101010
01101010
10101010
010101010
010101010
10101010
10010001
00100101
100101010
10101010
01010101
1000101
1010101
1010101
11001010
101001010
010101001
01010101
010011001
01010101
01110101
010100101
1010010
100101010
0101010010
000101010
1010100
010100101
00010101
01010011
00101010
0010001010
1010101
1010001
0101000101
01010101
1010101
1010101
010101001
00101001
0101000010
010101010
00101010010
10101010
01001101
01000101
0101101010
01010100010
010101010
101001010
1001001010
0010001010
1110010
010101010
10101001
10010101
0101001010
010101010
00000001010
01010010
001001010
001010010
100101000
001000101
1010101
01101001
00101010
000101010
1010101
10000101
0010001010
010101010
01010101
101001
010101010
10101010
1010011
010101001
01001001
001000101
10010101
0101101
010010101
1010001001
000101010
0110010010
000101010
100101010
101100101
1010101
010101010
1000101010
1010001001
01010101
010010101
1001010101
10010010
10010010
10100100
01001101
0100101010
01001010
0100101010
010101010
001010001010
010101010
001010010
10000101010
010010101
10110101
010101001
1010101
010101010
10101010
001010101
0010101
00100101
0101101
01001010
010101010
101010
01010101
01010101
1010010101
010101010
010101010
010101001
01010101
0100101
01010101
0101001010
010101010
1010101
01001001
01010101
1010101
00010101
10100101
0101010
0100101001
10001001
010101001
000110100010
0101010010
01010101
0101011
0101001010
1000101010
01010101
01010101
1000101010
1001010
010010101
01010101
011000101
100100101
1010101
01010101
1010110
100000001
010101010
0101010
100101010
010101010
010101011
10101001
100101010
0100101010
010001010
0101101010
010101010
101000101
010100101
10101010
01010010
0101001001
10100101
00101000010
01001010
010010101010
10010101
01010101
0010101
01000101
101000101
0010101
010101001
010010101
0110101
01011001
100101001
010100101
10100110
010101010
0101001
0101001
00010101
01010110
01001010
0100101010
00101001
10010101
011001001
0110101
101001010
0101001010
01010101
0110010
010101010
0010101010
01010101
01010101
1010101
100010101
01010101
10101010
1001010
0110101
01010101
010100101
0101010010
01010001010
010101010
100001010
01010101
0110101
101001010
10101010
0101001010
10101010
1010101
1010101
0101101
010100101
000101010
0101010010
100101001
1010011001
0101101
01011101
01001010
010101010
01100101
100010010
0100101001
0100101
010010101
01010101
101010010
001001010
000010101
0100101
1010110
10100111
0010001010
00110010
001001010
001001010
01010101010
01001010
010101010
001010010
10100101
010010101
01010101
101000101
010110010
010101010
010100101
10010010
1010101
1001001
0010101010
0101010
01010101
01010101
100101010
101001010
01010101
01010101
010101010
010100010
0010101
100101001
01010101
010101001
00101010
010101010
1001010101
01100101
0100101
010101001
00100101
01010101
10010101
010101
10100101
0110101
10100010101
010010101
0101010010
010101010
10010101
1000101
01001100
1010101
0101010
10001010
0101010
010010101
0100100101
010100101
10010101
010110101
10101010
10101010
01010101
1010101
100101
10010101
010010101
10100000
01010101
01010101
010101010
010001010
010101010
1000101010
0010101010
000101010
100010101
01100101
10001010
10000010010
0101010100
1000101
100110001
0101001
10010010
01010101010
10010101
0101010
001000101
01001101
10101011
01010101
01100101
1010101
10100101
10001101
100010101
01010101
100010101
1001001
10101010
010011010
001001010
1001010010
10010101
1000101001
10100101
00101101
01010101
010010101
101001010
101000010
0101001010
0101001010
001001010
01101010
1001001
01010101
0101010010
0101010010
101001010
001001010
010010101
1010101
10101010
01001010
1001001010
00101010
100101010
100101010
100101010
01010010010
101010010
10101010
010101010
00101001010
001001010
0101010010
00101001
01010101
0101101
010010101
1000010101
0101010
01001001
100011001
10010101
0101101
010100101
10110101
01001010
000101010
01010101
10101001
1001000010
10100001010
1010101
0101011
1001001010
1010010
10101010
001010010
0010101
10010101
0010010010
0100101010
010100110
010101001
10010010010
101001010
1010101
1010101
1010010010
01010110
010101
01010101
010010101
010010010
1001010
01001010
010010101
1000101
01010101
0101010
010101010
0100101010
0010101
10101001
101001010
0010101010
01001000101
01001001
10110010
010101010
1010011
0110101
010101001
100101001
01010101
01010101
10010000010
00101010
10101010
1001000010
000100101010
010101010
0010101
10010101
101010
10010101
010101010
011010010
01010101
0100101
010010101
001010101
1001010101
01010101
10001001
1010001
100101001
1001001
10100101
101010001
010010101
01010101
010100101
10100101
101010010
0101101010
1010010
0101010
1010001
01011001
10010010
101001010
0100101
1001001001
01101010
010101010
010101010
10101010
0110101
10010101
01010101
10010101
010101010
0010001010
01010101
010101010
10100010
10101010
010010101
010010101
101010101
01001101
010110101
01010101
01010101
01010101
001001010
0101010010
010101001
10100101
00100101010
0010101010
01010101
10010101
0100101
01010101
10101010
0100001010
101001010
010101010
10100101
10101001
010110
1010101
10101001
01010101
1010101010
01110010
1100101
01010101
001000101
1010101
0101110
010101
10101010
001010010
0101010010
01011001
1011010
0101010010
0010100001
001000101
0110100
01010101
01010101
001001001
101010010
01001010010
01010010
010101010
01100101
010010101
010100101
010010101
101001010
100101010
1010101
01010101
0100100101
010010001
000101010
101010010
01101001
0100101
01010010
0101001010
00101001
100101
010010010
001001010
0101010010
0100101010
00101010
010101010
10101010
1010010
101001010
0100101010
0010100010
10101010
0010001010
0001001010
0100100010
100101010
01001010
010101010
0100101
010101001
1010101
0100101
010101010
010010010
00100101
010100101
100101001
01010101
001001010
01010101010
01001001
01010101
100101001
010100101
010101010
01011010
001010010
011001010
0100101010
00101010
1010101
01010101
010100101
010101010
0100101
01010101
0010101010
10001010
01010101
01010101
010101001
01010101
1000110
01010101
0100101
1010101
0101010
01010101
10010101
0101010
1000101
010010101
0100101
0100101
100010001
10100101
01010101
01010101
1000100101
100101001
010010010
00101010
0101001
010010101
01010101
1010101
100101
010100101
0101010
0010001010
10101010
1001001010
00101010
0100101010
00000101010
01010010
0100101010
1000101010
01000101
100010101
001010100
10101010
010100101
00101001
1010101
0101001001
100110010
010101010
010101010
010101010
0010001010
0100101010
100101010
010101010
010101010
010101010
0010010101
001000101
100100001
1000010101
0000101010
0110101010
010000101
01010101
0010011
01010101
10010110
01000010001010
10100010010
0010001010
100100101
00100011
10010101
10100101
101000001
0100101
0101010101
010100101
010101010
0010101010
000101010
01001010
0101100
01010101
0011010
0100100010
101001010
010101010
01010101
011000101
10001010
0001101010
0101000101
00100101
01010101
0101001
1001010
01010101
0100101010
00101010
0101001010
010101010
101000101
1010101
10010101
10010101
0101010
0101010010
0100010101
01010101
0100100101
0100101
0101101
010101001
01101010
010101010
100101001
01010101
101000101
0010100011
0101010
01000101010
0101001
0110101
100010101
100010101
01010101
0110101
010100101
01010101
1010101
1001001
1001001
10100101
01001001010
010101010
10100101
01010101
01010101
01010101
101000101
0100101
1000101010
001010010
001010010
00101010
01010100
100100100000
10010010010
101001010
1000100010
1000101010
0101010010
010101010
10101010
010101010
1001010
1000100010
0101001
010100101
10010101
1010101
0101010010
010101010
0100110101
100101001
1001001010
0100101010
0101010
100010101
000101010
1010010
100001010
00101010
00101010
010110010
101001000010
100101010
01010101
01010101
0101001010
010101010
01010101
100101
010010101
010100101
10101010
10101010
010101010
010101010
10010101
010010101
10101010
0100101010
10101010
001001010
0010101010
0100101010
0100101010
0100010010
011001
00100101
010100101
10110011
001010101
1010101001
0101001010
010101010
100101010
001010010
01010010
0101010010
0110110
10001010100
101001010
101010010
0010101010
01010101
010101010
001010010
001010010
0101001010
011001
010010101
0100101010
1001000010
01010010
0110001010
1010101
1001000101
10001010
10001010
1000110010
0100101010
100101001
1010001
0010110
10000101
0101001010
10101010
0001010101
010010101
0010101
0110101
10101001
01010101
100011010
10101000010
0101010010
10010010
0101010010
01001010010
01101010
0101001010
01001010
01010110010
10101010
0101010
0101010010
0101010010
01010010
00100101010
01010011
01010110
10100101
01001001
0010101001
1010101
0100100101
010101001
010101010
011001010
0100010010
010101010
0101001
01010101
1010100010
101001010
010110
01010101
010101010
101010010
101011010
00101010
1001010
010101010
010101010
010101001
010101010
00101010
010101010
001010010
0101010
101001010
0010101001
00100101
01010101
100010101
010101010
010101010
10101001
010010101
0101101
0010101
0100101010
100101010
10101010
10101010
101000101
01010001
10001010100
01001001
010101010
10101010
1110101
101000101
101001
01011
10001010
10001010
1001010
100010010
0100101
100100101
10010101
0101001
101001010
1000001010
10010101
0101001
101001010
1000001010
010100101
10100101
101001010
1101010
010100101
1000010101
01010101
010010101
010100101
0101001001
0101010010
100110010
001010010
0101010010
010001010
0100101010
10001001
0101100101
011001010
0011001010
0100011
0110101
0101010
10100010
010100010
1011001010
101010100
0110101
01010101
00101001
0010101
001010101
0110101
0100101
01010101
1010101
010000101
0100101
00110101
11010101
10001001
1010010
000010101
1000101
100010001
10001001
001010101
1010101
1010100
1010101
100010101
1000100101
010101001
100010001
01010101
01100101
0010101
10100101
10101010
0101010
10101001
001000101
10101001
0010101
00100101
1010101
0010101010
1001010010
001001010
010101010
01010001010
01011010
01010101
01010101
010101010
1010001010
1001001010
10101001010
0010101
1010101
011001010
010101010
0101010001
0110101
001011010
010001010
0101010
01010101
101010101
01010101
0101010101
1010010
010101010
10001010
01010001010
0010100010
010100101
01010101
001101010
0110101010
01011001
100101001
101001010
10101010
1010101
10100101
10010101010
001001001010
100101010
001101010
001001010
01001010
10100110
0010101010
10001010
1001010
100101
1010101
1011001010
010101010
100110010
0100101010
1001001010
01010010
010010101
101001010
00101101
001010101
001010001001
0100101
01010011
1000101
0110010
01001010
10010101
0101010
00110101
100101
00101010
0101000110
01010101
01010101
01010101
10101010
01010101
01010101
00101010101
1010101
1001000101
10100101
0110101
100010100
001001010
00101010
0100101001
00110101
011001
01010101
1010101
0110101
0100101010
100101010
1001001010
010101010
01010110
00101001
0001010010
010101010
010101010
000011010
00100001001
10010101
010101
1010101
01000101
01010101
01010101
1010101
01010101
10100101
01010101
01010101
0100101010
01010101010
1001001010
10101010
010100101
100100101
010101010
0011001010
01010101
1010001001
01010001
10101101
01010101
10010101
0000101010
010001010
1011010
101010101
01001101
01010101
011010010
0101010
101010
010101
0101010101
10010101
100101010
00101010
1010101
010101
01011001
010010101
01011001
0101010
010001010
010101010
10100101
010100101
1000100010
1001000010
00100101
1010101
00111001
1010101
0100101010
01011001010
0000101010
0100101010
001010101
0100101001
1000101010
01100010
01001010
00101010
10101010
00101010100
01010100010
010101010
100010101
01010101
1001101
10001010001
010100101
0010101001
00100101
00101001
010010101
100010101
0110101
010101001
10001010010
0010010110
100001010
010101010
0101010100
10010010
0010101010
10101010
0101010010
010101010
01010101
0110101
01010101
1100101
0100101010
1001001000
010010101
0010101
010010010
001010010
100101010
0011010110
10100101
101100101
10100101
101001
1001010010
10110010
01010101
01001001
10101010
01010101010
01010101
100101010
10100101
1010010
010010101
0101110
1010101
01010101
10101001
01101001
01010101
01010101
010101010
010101010
010101010
1000101010
01010101010
000101010
101000110
010101010
10010100101
10010101
010101001
00110101
0101010010
010101010
010101010
101010010
01001001010
0101001010
01010101
1010101
010101010
100001010
010101010010
010101010
01001010
10101010
010101010
0101001010
010001010
010101010
000101010
001010010
010101010
10110010
1010101
10101001
01010101
100101001
00101001
100101010
10101010
010010
010101010
10101010
010000010100
01010110
10101010
0100101010
010101010
0010010010
000101010
1010101010
100001010
0100101010
010110010
10101010
01010101
01010101
01010101
01010101
001001010
010101010
010100101
0101010
0001010
010101010
0010101010
0010010101010
0010101
1010101
01010101
00101001
101001010
0100101010
0010011
1010101
10010010
00101001010
01010101
0100101
00101010
010101010
010101001
010010101
01001001010
01010101010
01100101
010100101
0011010010
1000101010
000101010
101010
01010101
010010101
100010101
0010101
01001010010
10101010
010101010
00101010010
1010110
1000101
01001001
01010101
1001001
101000101
10100101
1010101
10010010
100101010
0101001010
01010001010
10101010
10101010
010101000
001101
01101011
010010101
10000101010
1010101010
10001001010
00101010
010101010
1001001010
10101010
010101010
01010101
0101101
010101010
01010101010
101001
0010101
101001010
1010001010
010101
0010101
01010101
100001001
00101001
10010101
100101010
01010010010
00101010
0100101010
010010010010
1010010
10101010
000000101010
10011001
010100101
100101001
010101001
0100101010
010001010
010100101
1010101
1010101
00110101
00100010010
00101010
010101010
01001010
001010010
010101010
01001001
0100101
010100101
100010101
0101001010
00101010
001010010
01001010
0010001010
000101010
010101010
10101010
0101010
0101010
0101010010
10001010100100
01001010
0101000010
010101
01010101
1000101010
0010100010
000101010
010101010
0101001
010010101
010101010
1001010010
001010010
01001010010
1010101
1010101
010101010
010101010
1010001010
00001010010
1001010010
0010010010
10010101
1010101
10101010
00101010
10101010
00101010
010101010
0101001010
100011010
10001001010
100010010
010101010
101010010
001101010
100100101
10010101
1010101
1101001
0010010101
01010101
100010001
0100101
1001001010
00100101010
010101001
01010101
01010101
010101001
00100100010
010101010
010101010
010101010
01001010
01001010
000101010
10101010
000101010
0100101010
100010101
1010101
010101000
0110101
01010101
1010101
010100101
1010101
000101010
10101010
00000101
0010101
0100101010
010001010
01010101
1010101
001010010
0100101010
10101010
10001010
001001010
001010010
10010101
01010101
10101001
1010101
01010101
0010010101
00100101
01010101
100010010
0101001010
010101001
010101001
010010010
010101010
00101010
010101010
00100101010
100100110
10010101
1000001001
1001001010
010101010
100101001
10010101
100001010
11001010
0001010010
10101010
010101010
0101010010
001001010
01010101010
0100010010
010101010
100101010
011010
1000110010
0101001010
1001010010
010001010
000101010
101010010
001010010
00101010
10101001
01010101
101010010
10100110
00101001
10100101
0010101
100010101
01001010010
0101010
100101010
0101001010
1010101
0010101
010100101
0010101
010010101
1010101
100010101000
1010101
00101010
10100100010
010101010
0101010010
01010010010
0010001010
100010101
001010101
001001001
101000101
1010001010
10001010010
1010101000
10010101
10010010
10101010
01010101
10010101
000101010
1001010010
1001010101
01001001
01001010
0101010010
1001010010
0101010010
1001001001
010100101
0101100101
01010101
1100101
01010101
00101010010
010101010
10101010
10101010
100101010
010101010
010101010
10101010
010100101
1001010001
010101
010100101
101100
100101010
00101010
101010010
100100101
1001001001
00100101
1001001
1001010010
01001010
10010011
0110101
101001010
1000101010
010101010
00101010
000101010
0100101010
010010010
010101010
01010101
011010010
010010010
00011010
00101010
0100101010
1010101
10010101
01010101
01010101
0100101
10101101
001101010
10101010
01010101
00101010
010101010
100101010
100100001
10100101
00100101
10010101
100101
0100101
11001010
1010100010
001010010
010101010
001001010
010100110
10101011
01010101
010101
010100101
100100001
01010101
01010101
01010101
1000101010
10001001010
010101010
010101010
010110010
01001001010
0101010010
010010010
0101010101
01010101
00101010
101001010
01010101
10100101
0101010010
010101010
010101010
0101010010
0101010010
01010010
01010101
00101001
10010101
01010101
01010101
01010100101
0100101
1010101
1010101
10100101
01100101
10101001
01010111
1001010
1001010
10101010
01101010
010011010
10010011
10010101
010010101
10100101
100101010
011101010
10010101000
10010010
100101010
10001010
10100010010
0010101010
0100101010
100100010
1001001
01010101
0101001010
1001010
0100101010
100101010
0100100101
00010100101
00101010
010101010
0000010101
1010010
10010101
100101
0010101
01010101
01101010
0100101010
1000010001010
1001001010
0101010001
01010101
01010101
1010101
0101001
0101001
1001010
0101010010
10101001
010100101
01010101
1001010101
01011001
00101001
01010101010
0101010
001001010
000101010
010101010
010101010
01010101
0100100110
101001001
101010101
100010101
1001010
1010101
01000101
1010101
1010101
0101101
010010101
0011001010
1001010
1010101
10101001
001010010
01101010
10010001010
0010101010
1000100010
0101001010
1001001010
1000101010
0010101001010
101001010
0100010010010
010000110
010101001
010100101
100010101
010100101
01101001
10010101
01010101
10010101
000101001
10010101
1010001010
010101010
01010101
101010
10101010
0100100110
010010100
01001010
0100101010
010101001
1010010
010101010
0100100101
010010101
1010010100
01010001010
10100001
1001001001
100101
01010101
1000110
01010101
010101
01010101
010101010
0100101010
10100101
10010100
01010101
10100101
0101010010
0101010010
010101010
010101010
0101010001
01010101
100101010
01010010
0000101010
010101010
01010101
010101010
100101010
0010101010
010101010
101010010
0010001010
010101010
1001001010
1001001001
0101101
100010101
1000100101
1001010
0100101010
10101010
0001001001010
00110001010
001010101
00100101
10101010
01001010
0101010
010101010
01001001010
1010011
10101001
00100101
1001010100101
10010101
010101
01010101
10101001010
1001000010
1001010010
10001010
010100101
10010101
00101001010
01010010010
01010010
10001001010
01101110
0101001010
0100101010
011001010
001001010
010101010
1001101
0101001
10000100010
000101010
010001010
00101010
100010101
01010101
01010110
001001010
010101010
01010001010
001101010
0110010010
010101010
1000101010
0101010
00101010
10010101
1010010
10001010010
0010101010
101010010
0010001010
011001010
010101010
1010101
10101
00101010
010101010
1010101
01010101
010101010
10010101
101011
01010101
100101
010101
00101010
010101010
1001011
1010101
0100101
01010101
0100100101
01011
01010010010
00101010
0100101010
01001010
1010101
010010101
01010101
10010100
1010101010
100101010
101000101
10101001
1000101010
10100010
0011001
010100101
01011001010
0101010010
0101101001
0100101
101001010
01101001
01001001
01010101
010110010
0010101010
010101010
10001010
010101010
010101010
1001010010
010101010
0101010
10010001
10101010
01001010
10010101
10010010
100101010
10110010
01010101
01010101
101010
11010010
1001010010
010110010
00101011
0110101
001001010
110101010
11001010
01010010
101000101
101000101
1010101
10010101
00101010
010010010
0010101010
101010010
10001010010
010101010
0100101001
10010101
010100101
01010101
01001001010
1000101010
00100101
01010101010
10100010
010110010
100010100
0010100110
01010100
011010
100001010
010101010
100100101
10010101
010010
1010101010
10101010001
010010101
01010101
100010101
101001
101000101
1000010101
010101101
1000001
10101001
0100101
01010101
10100101
100101001
0110101010010
0010100010
100101
1010100101
001011010
010101010
0100101
00101001
01010101
100010101
10101010010
01000110
00100010010
0101001010
10100101
101001001
00101001
101001
1010010
10001010010
0001101010
01001010
1010101
010101001
10101010
00001010
10100010
001010010
01010101
010010101
1010101
0010101
010101010
10101010
1000101001010
010101010
010110101
010100101
01001001010
1010100010
1010010
0100101010
001001010
01010100010
001001010
0011010010
00101010
010110010
01010101
01010101
10010101
010101
10100110
100101010
0100101
001010101
011010010
100101010
101001
1000101
0010010010
10101010
10100101
01000101
100101010
01010010010
010101001
100100101
01010101
1000101001
1000100101
10010101
0010101
0100101
010101
1010101
010101010
10101010
01010101
01010101
01010101
010010101
010101010
01001010
00101001
10101
00110101
01010101
010010010
0010010100010
00101010
0010010010
011010
010101010
001001010
11001010
0010101
01010101
0010100110
1001000110
001010010
010101010
10010101
00101001
0101010
010101010
000010001010
10001001010
0100101010
10101010
0010101
10100101
1010101
011101
00101010
10101010
101010001
1010101
10000101
1000100101
101000101
00101001
01010101
01010101
1100101
10010101
100101010
01010010
01011010
0101110
0100101010
10101010
010101010
01100010
01001010
0100100010
1001010
01010010
0100101010
01010010
0101010010
00101010
01010101
0010101
001010101
01011001
00101000
1001001
101001
10100010101
010100101
010101001
1001001010
0101010010
0100101
0110101
0101101
001010101
100101010
0010101010
01010101
00100001
1000010101
010100101
010100101
0101001001
101001010
1001001010
0101010
1001010
01001001
1010101
101001010
101001010
10101010
001010010
0000100010
10101010
001100101
1010101
00010101
10101001
010101010
01001010010
010101010
10101010
010101010
0100101010
10101010
10010010
0100001010
10101010
0010010010
010001010
10000101
10100101
01010101
00100101
10010011
01010101
0101010010
1001001010
01010010010
0101010010
00100101010
100010010
0010101
01001001
10010010010
0010010010
1010101
01010101
0100101010
010101010
101010010
01001010
1010101
010101
00010001001
10110101
0101001010
0100101010
0100101
01010000101
01100101
01001010
0110101
010010101
010100101
100010101
100001010
010010010
0000101010
0101010
10100101
01010011
10010110
1000100101
010101
1010101
1010101
0101001
10010010
01010010
01010101
0101010001
01010101
01100101
001010010
0101010010
00001010
0101001010
1010010001
101001001
0001010010
10001010
01010101
0100101
00101010
010101010
010101
010010101
01010101
010100101
010101010
10010010
0101010010
01001010
010111
1010010
1001001
01001001
010101010
101010
010101010
010101010
01010101
1000101001
001010101
0101001
00100011
001001001
01010101
0101010
10101000001
1010101
0100101001
01010101
01101010
0100101010
1010101
010101001
101001010
10101010
1010101
01010101
010101010
00101010
010011010
010100110
0101010001
01010101
10101010
00101001010
01010010
00101001
01010010
1001001010
101010010
01001010010
10010010
0010001010
100101001
010010101
010010010
000101010
1010101
01001001
100101010
0000101010
10001010
01010010
1010010
0000101010
01001101
100100101
0101001010
01001010
010101010
001000010010
001001010
1000101010
001010010100
00100101
0101010010
00101010010
01010101
01001101
10100101
1010101
01010101
01010101
00100110
010101010
010100101
01010101
10001010
0101010010
1000101
01100101
10100101010
010101010
1010110
0011001
10100101
010100101
100101010
0010001010
10101010
000101010
010101010
100101010
00100100101
1000110
0100100010
100011010
1000101010
010101010
00101001010
10001010
00100001010
1000101010
010010010
0010101010
001010010
1010100010
0100101
0010101
010010010
00100101
10101010
0100101010
01010101
0101010
100110100
10100101
101001010
01010010
0100101
0100101
1000011010
0100001010
1010101
10101011
0101001010
01001010
100101010
0010101010
0101001010
10100010
1001001010
101010010
01010101
10101001
010101010
100010001010
010110010
10001010
01010101
011010
010101001
10010101
0100101010
01100010
010101001
010101
001001010
101001010
010010101
01010101
1000101
101010
10010001
10100101
0101010
01001010
10010010
01001001010
010101010
010101010
1001010
1010010
010010101
10101001
01010010
10101001
010101
0100101
01010101
01101001
01010101
101101
010010101
1010101
100101001
010010101
010010010
01001010
1001010010
10101010
000101010010
0101010010
01010100010001
01010101
0010100010
001101010
100010101
001011
101010010
01001010010
0010100010
1010010010
0000101000001010
010101010
01010101
0101001
10001001010
010101010
0100101010
0010100010
1011001
01100101
1010101
1000101001
01010101
1010101
010010010
00101010
01001101
010010101
10010001010
01001010010
101001010
100010101
00100101
0101001
00100101
0100100101
0010100110
1010110
010101
10100101
001001001001
010010101
001010001
0101010100
010101010
001010010
1001010
1000101010
010101010
10010001010
01001010
0010001010
10010101
00101001
101001010
010011010
10101010
010001010
1000101010100
0101000010
1010101
00100001
01011010
0010001010
