100100101
01010101
01010011
01010101
01010101
001010101
01010101
01010101
01010101
010010101
010010101
1010101
01010101
0110101
01010101
010010101
010010101
010010101
1001001010
1010101001
010101010
010101010
01001001
0010011001
01010101
01010101
010101001
01000100101
010100101
0010101001
010101010
010101010
011010101
01010101
0101010010
0100101010
0100001010
010101010
01010101
1010101
0101010
010110010
0110101
01010101
01001010
10101010
0101010
010101010
01010101
0100101
1010001
0101001001
010010101
010010101
010101011
01010101
1010101
010100101
1010101
01010101
01011001
0101101
01010101
1010101
1010101
10010101
10010101
101000101
0010101
0110101
010010101
01010101
0101010
101010
01010101
01011001
1010101
0010101
01010101
0101001001
01010101
01010101
0101010101
01010101
010101010
010101010
1010101
1010101
01010101
01010101
01010101
1010101
010101010
0101001001
010010110
1010101
010101010
0101001010
1000101
010101010101
01100101
010101001
01010101
01010101
010101
01010101
010100101
01010101
01010101
1010101
01010101
1010101
01010101
01010101
00110101
0101011
100100101
010100101
010101010
010101010
010100101
1010101
010010101
001010101
10010101
01010101
0100010
1010101
01010101
010100101
010101010
0101011
01010101
01010101
010101010
0101001010
10010101
01010101
010101010
010101010
010101010
0100101010
00100101
010101001
10100101
100100101
101011
0101101
01010101
010100101
0000101
0100100101
1000101
0101001
01010101
1010101
00010101
010010101
010100101
01010101
01010101
01010101
001010101
01010101
0101010101
01010101
010010101
10101001
0101001010
010101010
0100010101
010100101
010101010
010101010
010011001
001010011
010010100101
010100101
010010101
10110101
00110010
010101010
01010101
01010011
010100101
001010100
010010101
01011010101
10100101
10010101
1010011
01010101
01010101
10010101
01010101
01010101
101001001
10100101
1010101
10010101
01010101
1010101
100101010
101001010
10010100
10100101
10101010
010101010
010100101
010100101
100101010
010101010
01010101
10100101
010101001
00110101
01010101
010010101
01010010
0101010010
01010101
01010101001
01101010
1010101
010110010
010101010
01010101
010100101
010101010
010101010
10010101
1010101
010101010
0100101010
0100101
1010101
