1001010
010010010
100101010
010101010
1010101
10010010
0100101010
010101010
01010010
010110010
0101010
0101001010
1011010
0101010
001101
01010101
01010100
010101010
010100101
100010101
10101010
1010010
10010010
10001010
00010101
100100101
010101
010001001
001010001
0100101
010100010
0110101
10100010
1010010
10100010
101001010
01010010
00101010
0101010
1100101
1001010
1010110
0101010
1010101
101010
01001010
0101010
1011001
0101010
1001010
01001010
101010
1001010
01010010
1010101
100100010
10010010
1010010
01001101
1010101
0010101
000010101
01010010
10010010010
0110101
001000101
1001010010
0101010
01010101
10101001
0100101010
100101010
101010
01110010
01001111
10010101
00101010
1001010
01010010
00101010
10010010
00101010
101010010
01010010
0100101
01011
000101010
0001010101
10010101
01010101
0100101
0010101
10001010
1010010
01010100001
0110101
1011010
1010101
1010101010
1010010
10010101
010101
101001
0010101
01001010
010101010
1000010101
01010010
0101010
1001010101
010101
1010101
001010101
100101
1000101010
01000010
10010101
1001010101
0010100010
10001010
01011011
1010101
01010101
0010101
100101010
01001010
01010101
001010010
010101001
00101001
0101010
101010
1001010010
010101010
10101010
001101010
1010100010
01001001010
00101010
101001010
001010010
1001010
00101010
100101001
0101001010
00101010
1010101
01010101
0101001001
0101000010
0010101010
0101010
001101
0101001
01001010
1010101
01010101
0111001
101100010
10101010
100110010
10101010
01001010
01001010
1010101
101001
0101010
101010001
01010101
000101001
010101010
010101010
01110
101001
010101010
1010010
001010010
100101010
1010010
0101010
1010101
101010
0101010010
011010
011001
010110
010101
01010101
10101010
010101010
0101001
1100101
000101
1000101010
0100101
010101001
0101001010
10011010
00101010
010010010
1010010
10100101
0010101010
10010010
001000101
0100101
0010010010
10101100
10010010
10100101
1010101
1010110
0100101
01010101
00110101
01010101
001000010
010101010
0101010
0101001
0010101
10010101
0101010
001001010
01010101
1010101
0101001010
01101010
100010010
00010010010
0101010
01010101
000101010
0101010
001001010
10010010010
100101
0100101
0101001010
010101010
001010101
10010101
1010101
1010101
1001001010
1010010
0100101
0101010
000101010
011010
0111001
101011
0101010
000101010
0101001010
01010010
1001010
00101010
01001001010
01010010010
1010100001
1000101
10010101
010000101
0101010
01001010
101010
10101010
01010101
10010101
00100100010
00101010
01001010
010010010
10101010
01010010
0010010010
0010010010
010101
1000010101
10010101
10010100101
10110
10010101
010101
0101011
01010010
010010010
0101001
1010101
00101010
10101010
100101
000000101
1000101
01010101
010101010
10101010
101010
0100101010
0101010010
0010110010
01011001
10100001
010101
0101010
010011010
0110010
10010101
01010101
100101
0010101
0101001010
1010010
101010010
001001010
010101
010101001
101010
101010
10010010
01010
01010101
00101001
0100101
01001010
10000101010
0010110
10001010
10101010
100101010
0101010
001001010
1010010
001010
01010010
010101010
01010
0101001010
01010010
101010
010010
001010101
0101011
00101010
0101001010
101010
01011010
0010101
01010101
100101010
101001010
001001010
0101010
00101010
00001010
1010010
10101010
001001010
101010
101010101
10100101
0101010
101010
0101010010
0100101010
0101010
0101010
0110101
0100101
00101010
010010
10011010
101010
1100100
101001010
1010101
10100101
0101010
001010010
100101001
001010101
101001
01011
101001
1010101
01010010
01001010
0100101
101001
0101010
010101010
1001010
100101010
01010010
0101010
101010
010011010
001001010
0101001
10101010
01101010
0001001010
001010010
1010010
1011010
010100101
011001001
101010
01100
01001010
010101
010101
10101
10000101
0100101
010101
1010101
110010
01010
1010101
010101010
01001
001010101
0010001001
010001001
1010000010
1010100
00101010
0101010
10010010
0100010
01010010
00101010
0101010
01010010
10101010
1001010
10010101
01010101
010101
00100101
10101010
010001010
01001101
010101001
10010101
0100101
101010
010101
0101010
001001010
0101010010
0100100
0101101
1010101
1001001
01010101
000101010
00101010
10101010
010101010
10100101
01001101
010101
0101010
010101010
0100101010
00010010100
01010010010
010101010
01010010
01010010
1001010010
