01010010
100100010
101001
1010101
0100101
10101001
01010101
100101
0100101
10101
010010
0101010
100110
10001010
01010010
0101010
01010100
101010
10101
01010101
001011010
10001001010
0101010
0101010010
1011010
0101010
01010101
1010101
010010
1010010
001010010
1010010
01010010
10101010
1010101
0101101
011001
1010101
01001010
1010101
11001010
0010100010
010101010
101010010
10010101
1000101
1010010
1010010
1100101
01010101
010101
100101
10001010
100101010
10001010
0101010
10101
010101
1010001
1000101
01010
0100101
1010101
1000101
010101
100101
010110
0101010010
10100010010
01010010
1010010
10101010
0101010
1010101
101010
10000101010
101010
0100100101
0101010
0101010
010101
1010101
00100010
00101010
101001
010101001
010101010
000101010
10001010
01011010
01001010
000101010
10001010
01010010
001011001
100100101
010101010
1000101010
0110101
1010101
010101
101001
10101010
01010010
100110
0100100101
01010010
010101010
10010010
01101
01010101
10101001
10100101
101001
010010010
1010010
0101001010
00001001010
010010
10010101
0101011
1000101
0101011
1110101
01010101
010101
010100101
0100101
10010010
1010001010
10101010
01101
00101010
01101010
1001010
0001010010
00100100010
1001010
10100001
10101101
1010010
100010010
01010010
1001010
101010
00101010
0101010
0101001010
1010101
101001
10101010
1010010
1000101
10101
01010101
10101001
1010010
0101010
101001
110010
0101010
0101010
101001
100101
01001
10101001
001001001
01010101
0101010010
0101010
0010010010
0101010010
001001010
10010010
01010101
10101
10011010
00101010
0110010
100101010
1010010
0010010
0101010
01011001
01010101
010010101
1001010010
01001010
0101010
001001010
01010010
0101010
01010101
101000101
001101
01001101
100101010010
1001010
00110
100010
100101
101010
1010001
0101001
1010101
101010001
10100101
1010101
0100101
0100101
1100101
01010101
010101001
0100101
101101
10010101
01001010
100101010
001010001
00101001
10000101
010101
10010010
0101010010
0100110010
010110010
0101010
010101010
01001010
1010010010
00101010
10101010
1010101010
0101010
01010101
1010101
1010101
0101010
01001010
01001010
0101101
001010101
10101010
101010
010010101
100101
010101
010101
10011010
01010010
01001010
01101001
10101
0101001
1010101
1010101
01010101
0100101
01001010
010101
1001010
1001010
11001
0101011
00101101
10101
0101010
0010101
01000101
00010101
010001010
101010
01001010
001010010
1010101
010101
101001
1010101
10101010
10101010
00101010
0010101010
100101001
10010101
0101010
0101010
01101010
0101010010
00000101010
0010001010
1010101
00100101
1010101
10100101
01011
1001001
0101001010
010101
1010101
01101010
10101010
01001010
11001001
01001001
0101011
00101001
010101
101010
101010
10101010
101001
1010101
1010101
001000101
101010010
10101010
00101010
10010010
10101000010
00101010
01010101
0010101
10101
00101001
01010101
01010101
0110
1010101
