01001010
010101
101000010
00101010
010101
010101
1010101
10101
01001010
1001010
0101010
100101010
10010101
100010101
1000110010
00100101010
10011001010
010110
010010
1001001
0101010
010101
01010101
1001001
010101010
0101010
11010
101001
01010110
00101010
001010010
10101010
1010010
010101010
100101
1000101
0100101
01010101
0101001
01000101
01001001100
01010101
0010010101
10010101
0010101
10101001
001000010
1010010
10101001
1010100110
1010010
101010
0101010
1000010010
100101
01001001
0101010
0101010
