101010
10100101
010101
1001001
1010101
010010101
1001010
10101010
0100101
101010101
10010010
001001010
0100101
010100101
0101010
011001010
0101010
0100010
101010
0010110
0101001
1010101
101001
10101
1010010
001010
100101010
1001010
101010
000010101
01010010
00100010010
010010010
0101010
1001010
10101010
010010001
100010101
010101010
001010010
1010010
101010
0100101
01011
01010010
00010010010
01011
1010101
01010101
1010101
0101010
01010
1011010
100101
010101
10001
0101010
1001010001
010101
101001
10101010
1001010
0011010
0101010
10010101
1010101
1001
1010011
01001001
010101
100101010
0101010
101010
0101010
1010101
00101001
10100010
001010
011010
1000110
0001001010
0010100010
1010010
001101010
0110010
010010010
00101001
10100101
1010010
1101010
010101001
0101010
0110010
00100110
1010010
01010
0100101
0010101
01001001
1010101
00101010
10001010010
100100
01010010
10010101
010101
01010101
01010101
1100101
10001
100101
1010101
101010
00101010
10001010
100100010
1010101
0100101
1010101
0100100101
1010010
01010100
01010010
10010010
101010
00101010
0011010
0101010
10001010
1010010
01001010
1010001010
101010
01101
010011010
11010010
100101010
01001010
010101
01001001
01001010
0101010010
0101010
10010010
01001010
1010010010
00101010
10101010
0101001
00010101
101010
00101010
010101
010101
100101001
00010101
01001010
101001010
1010101
0010101
1010101
100100101
101001
1010101
0010010
1001010
1001001
10010101
0100101010
00101010
0101010
00101010
0010001010
001001010
0100101
001010101
01010101
0101001
001011
010101
10001010
1001010
0101010
1001010010
000101001
1001001
1010101
01001001
010101
01001010
0110101
01001001
1010101
010101
0010101
01000101
0101010
100101010
00101010
10010010
00101001010
00101010
010101
1000101
101001
0101001
1010101
0100101
0100110010
01010101
101010
10101
0110110
00101010
100101010
00101010
10101010
0101001010
0101010010
10010010
0110101
0100101
0101001
00010101
101010
0100101
010011
0101101
0110010
1001010
01011001
010101
0000110
10100010
100100101
010010101
010010010
10001010
1010010
0101010
1010001
1000101
10101
11010
010101
01011001
01001010
01010010
101101
010101
000101
00101010
0100101
10101001
