01010101
00100101
100101010
0101010
01010101
00101010100
010101010
01001010
0101010
100010101
101001010
100101010
10101010
01010010
1000101001
010100101
100101010
0101001010
0010100010
01001010
01010100
100101
1000101010
001010010
010100101
0101001001
01010010
001001010
010101010
10100101010
10010101010
010101010
10001001010
01001010
100101010
010010010010
10010101
100100101
0101010
11100110
0101001010
1000101010
1010010
100101010
00101010
010101010
010101010
0010101010
01010101
001010101
0100101
001000101
000101010
010010100
001001000001
01010101
0101010010
0010101010
01010101
101001
00100101
0100110001
10101010
10100100
100101010
0101001010
010100101
10010101
1010101
00101001
010110010
01100101
01001010010
01010101010
100010101
0010101
01010100101
0100101001
101010010
01001001010
1000101010
010101010
10010101
00101001
01010101
0100101
101011010
10010101
1000101010
01001101010
00011010
100001010
01010101
001001001
0010101010
10001010010
101001010
101000010
0010001010
1001001010
10001010101
001010101
0100101010
010101010
010010101
011000010
100010101
01010101
010010101001
0100101001
0101010010
10001010
001000101
1010101
0101010
0101010000
011001
010100101
0101001010
01101010
010101010
010010010
0100101010
01001001010
01010101
10010101
100010101
0110101001
0101010010
0101010010
010010001001
1001010100
1000100010
01010101
01010101
01010101
101001001
010100101
0101010010
011000001010
0010001010
011001010
01010101
0101001
100010101
1010101
010100101
010011001
10100101
010101001
010101
011010
0000101001
01010101
001010001010
10001010
010101010
1010010010
01010101
010010101
1001010010
010101010
01001010
0110100010
0010101
010100101
1011001010
10001010010
010101
101001
0110101
01010010101
00101010
10001010
0101001010
01011010
001000101
00100101
0101010
010101010
00100101001
0101101
0100100101
0010101
01010101
00101001
001001010
0100101010
100010010
0011001010
010101010
10101010
0101001001
010100101
10000110
00100101010
1010101
010101
10101010
10101010
00101010
100101010
0101000101
010101001
10011001
010101001
101010
101000100100
001001010
011001010
010010101
010100101
10101010
010010101
001101010
010010010
010101010
0101001010
0100101
001010101
01100101
0110101
010010101
1010101
10010101
001010010001
1010101
1010101
01010010
0010101010
1010101
0000101
1010010101
010010101
01001010010
010101010
0101001010
010101010
01010101
01010101
010110010
00001010010
100100010
10010010010
10101010
1010101010
10011010
001001010
101001010
0101010010
1000101
1010101
01010101
10101
01001101
01011001
01010100
1000101010
0101001010
10001010
0110101010
0101010010
00101010
00101010
0010100010
001001010
100101010
010101010
010101010
0010001010
10110010
01001010
001000101010
010101010
01001010
100101010
10000100010
1000101010
100010101
010100110
1001001010
001001010
1001001
1010101
101010010
010101010
1010101
1011001
10010010
10100110
010010101
1010101
10001010010
1101010
10100100
0110110
101011
0101001
010100100
001001010
1010001000
0010101001
100010101
010101001
0100101
1001101
10101010
010101010
00100101010
0101010
01001010
100001010
01001010
1001010
010101010
00101010
10101010
10101010
0001010010
01001010010
01010101
010101011
10101010
1010100100
1000001010
0100100110
010100101
010010101
0101001
001010101
10001010
0101001010
100101010
001010010
0101001010
01101010
01010010
0101010010
01010101
0100101
100100010
101010000010
10010010
1010010
0101010
0100101010
001010101
10001001
10101001
010010101
0100101
0100101
00101010
1000101010
10010101
01010101001
0010100010
010101010
001001010
010010010
010101010
101001010
010101010
100110010
10101010
0010001010010
01010010
100101010
01010101
01000101001
1010101010
010101010
1001101
01010101
001010101
001010100
01010101
010100111
0101010010
101010010
010101010
0010010010
010101010
10101010
010101
00010101
01010101
0010101
10101010
010101010
010010010
010101010
010101010
010101010
010101010
0100101010
00101010
10000010
10101001
0101010101
0101001
0010000101
01010101
01010101
0100101001
01010101
0101001010010
0101001010
0101001
10100100101
010101010
01001010
010101
010101
010100101
0010101
001010101
010101001
10100101
01010101
101001001
1010101
00101001
010100101
01010101
01010101
010101010
010101010
10001010
100101010
0101010110
01010010000
10101010
010010010
001001010
010101010
010010110
00101010
100010101010
010101010
0101001
0101001
00100001010
0101010010
010100010
010101010
0100101
01010101
10010100
001010100
01010101
0101001
1010010001
010100101
001101
00101001
00101001010
100101010
10110010
010101010
011010010
01010010
0101010
0101001010
10010001
1010101
10101010010
01010100010
0100010101
010100001
101001010
1000001010
01001010
001010010
1001010001
01000101
0010101010
0101001010
010010101
0101001001
0101101
10010101
01011010
100101010
000101010
01010010010
0100100101
001101010
1001001
010010101
00101001
0101010001
010101001
010101001
010101010
00100101010
10010101
10100101
0100101010
01001010100
10001010001
100110101
0010010101
100010101
100101010
0101001010
0101010010
0101010
010010001010
10101010
01010101
10010011
010010101010
100100001010
100101001
100101001
10001010010
01010010
0010100010
010110010
10010010
10101010
10101010
1000010010
010101001
0010000101
010101010
001000001010
10001010
0101010
0010100101
0101000101
0101001
00010101
0101001010
001001010
10010101
1000101011
100101001
10000101
001001010
00101010
00000101010
0101010010
001001010
001010010
010100101
100010101
010010101
10100101
001010101
0110101
1100101010
10100101010
0010101010
1010010010
1010101
1010101
010101010
01010010
001000101
010101001
1001001010
10010100010
101010010
101011010
010101010
0101010010
0101010101
10010101001
01010010
0101011
0110001010
01001010
10001001001
0101000101
01011001
1001010100
01001010
0101001010
10101010
1001010010
10100101
01010101
001101010
00101010
010101010
00010101
1010101
010100101
0101010101
100100101
00101010
0110101
10010010
0101101
001010101
01011010
010100101
010100010
100110010
0010010010
001010010
001010110
010101010
1000101010
101001010
10100010
001010101
010100101
01001010
0101001010
01001000
1000101001
01010101
00010100101
010110010
100101010
0010010101
100010101
01010111
0101010101
1010001010
001001010
010101001001
0101001
100010010
010010101
10101001
01010101
0100100101
10010101
0101010101
001000101
01010101
100100101
01001000101
1000101
0100101010
0101010010
001010101
01011001
0101011001
010010101
00010010010
01001010010
100101010
10001001010
010100101
010011001
101010010
001010010
10001001010
1000101010
01010101
010100101
0101010010
10001010
100010101
00101010
100010010
001010010
0010101010
0101010
101010010
10101010
010101
01010101
010100101
1010101
10010101
01001001
1001001001
100010101
01010101
010010101
01010101001
010010010001
001010010010
010101010
010100101010
10010000010
010101010
101001010
10001001
10000100101
0010101010
01010101010
010110010
1001001010
10101010
101000110
1000010001
0101010
10011010
010001010
001010001
0101000001
01001010010
000101010
1001010010
01010100010
010010101
1010101
01001010010
10101010
0101010
11101010
010011010
11001010
010101010
010101010
001101010
01001000010
01010100
01010101
0100101
010100101
010101001
0101001
10100010010
0101001010
010101010
0101001010
01010101
10010101
010101010
1010101
0100101
00110101
10010101
1010100
01010101
00101010101
001001010
100100001010
01010101
10010101
1010101
0101010
010101010
10001010
01010101
01010101
01010101
01010100100
10100010
10101010
0100100101
001010101
001010101010
10010001010
0010100110
001001010
10101010
1010101010
00101001
01010101
0101001010
10010101010
100010101
0010010101
00100101
010100101
00100101010
01010001010
100101010
1001010010
0000110101
010101001
0010010101
100100101
10010010
010101010
0101001010
010101010
010100101
010010101001
1010101001
100010101
0010010101
0101101
001011010
01010010
1010101
00100101001
01010001001
010100101
00100101001
001011001
1010111
01010101
101101010
10101010
0101011
10100101
0101010101
010010101
0001010010
10101010
010100101
01001001
0101001010
0101000010
100010010010
0100101010
010101010
0101010
010100101
01010101
10101001
010101
10010101
100010101
010100101
0100101
100101010101
1100101
0010101
010100101
01010101
00100101
1001001010
001001010
00100110
0101000010010
010101
010100101
10101010
010110010
10100010010
10010010
01010101
01010101
001101001
01010101
1010101
010101000001
1010101
1010010001
00110010
010101010
010101
10100101
010010101
00101001
01001010010
010101010
10101010
01001010
010101010
0010100010
1000100101
1000101001
0101000101
10100101
001100101
010101001
010101010
10100010
10101010
010101010
0110001
0101010101
1000101001
0100101001
101001010
011001010
101001010
0101001010
101001010
010010101010
1001010101
001010101
010010101
1010001001
100101010
100101010
0001101010
01010010010
0101101
10010101
0101010101
01000100101
1000100101
0010100101
10101001
01010101
100001010010
0010010010
010101010
0010001010
0110101010
10010100010
0010100101
010100101
010010101
0110101
0101001001
010101
010101010
1001001010
010101010010
1001010010
0100101010
0101001010
1001001010
01001010
10010010101
01010101
010010001010
100101010
010010101
1010101
0101010010
01001010
01010101
0001010
0101010010
01001010
0000101010
0101010
1010101
10100101
10100101010
100101010
10101010
01010011010
0101010010
0101010010
001001010010
0100110010
100010101
100000101
010010101010
001101010
10101010
010101010
10001010010
001001010
001001
001001001
001001010
010101010
010001010
010101010
00010101010
100101010
10000101010
0101001010
01010011
01100101
1000101
01001001
000100010010
100001010
10101010
01010101
00101010
01001010
0101010010
1010010000100
0100100110
010101010
0010101010
10011010010
011010010
01010101010
01010100
01001010100
0101010
10101001
010101010
010100110
10101010
0010101010
01010001
0100101001
0101001
01010101
0010101010
01001010010
00100101
10101001
010101
01010101001
10101010
010101010
010101010
0100101010
010101
10101011
1001000101
0000101001
10010101
0101101
1010000010
1010101010
0101001010
101001010
01010101
0101010101
010001010
100000010
0101010010
000101010
10101010
1001001010
0101010101
10101001
1010101
101010001
1000100001
10100101
00101000010
0110010010
010100101
010100101
1010101010
0101001010
010101001
10101001
001010101
10101001
01010101001
10100101
0101010
01010101
001011010
0010100010100
01010100010
10100010
0100010101
010100001
000101010
01001010010
01010010010
01010010
01010101
0100101
010101010
0101001010
100101
1010001
0001001001
01010101
0101001
01010101
0001001010
00101001010
010101001
0100101
0010010001
100100010
11010010
0100100010
010100101
01010101
10010010
01010010
10101010
10101001
0010011
01010101001
10010101
1001001010
01010101
1000100101
0101011
10100101
0101001010
0101010010
0010101001
01010101
10101010
010100110
0010101
010010101
010010101
101010010
10100101
00101001
101000101
01010101
01001001010
001001010
1001001010
10001101010
011001010
0000101010
0101001010
00101010
010100101
0010010001
10010101
010010101
1000010010010
0110001010
1000010101
01010101
001001010010
101001010
01010010
100101010
10010101
0100101
1000101
010101001
1010010
00001010010
01001010
0010010010
010101010
010101010
100010101
0101001
0010101010
0101001010
00100101
010101011
101000101000
10010000101
0010100010
0100001010
010101001
01010100101
10010101
0101010101
1000101010
0001001010
1000101010
000101010
0010001001
1010101
0101001
100010101
10100101
100010101001
0100100101
100101001
10011001001
101001
1000110010
001010010
000010101
10010101
0101011
00101001
1000101001
010100101
00100100101
010100101
0001001010
10001010
1001101
01100001
100010101
001101001
0101010
01010101
1001001001001
1000101001
0101001010
1001010010
010101010
0101001010
10101010
010101010
11010101
1001011010
101001001
0010010101
010010010
10010101010
0010101010
10101010
01010010
10010101010
010110010
100010100010
0010100010
01001010
10001010010
010101010
01010101
1000101010
100101010
010010010
10101001
100110001
01010010
010010010
010101011
01010101
001001010
0001001010
10000101000
011001001
010100101
010101001
10010101
1001010001
01010101
0101001
0100101010
010101010
00100101010
00010100010
010100101
001000101
010101010
10010100010
1001001010
100101010
00010101001
1001101
0100101
1001101
101010010
010010101010
010101
01010101
010001010
1010001010
01010100010
0101001010
01001010
1010101
101001010
10001010
010100100
010101
010100101
100001001
0101001
00101001
10001010010
01010010
00101010010
00110010
10001010
010010010
101010010
001010010
100010010
0101010010
010010100010
0101010110
00100110010
00010100010
1000101010
0101001010
010100101
10010101
1000101010
0101001010
0101001
01010101
00001010010
0101001010
0101010
010010010
010101010
010101010
10010101
101010001
00101001001
001011001
010010010
010101000010
10001001
0100101
1000101010
0100001010
011010010
01001010010
10101010
010101010
0100010
1000101010
001010010
00101010
0101010
1001010
01001010
010101010
0100010010
1001001010
0010001001
10100101
010000101010
01001010010
10011001
01010101
010101001
101001001
0101010
1001001010
1010101
01010101
000100101
1010010101
010100110
00101001010
001001010
010101010
10010101
0101001001
1010101
0101001001
00001001010
0101010010
010001010
011010010
0100101010
1000101010
01011010
1001001010
0101001001
0010101001
010110010
000101010
101011
10101001
0100101001
010100101
0010001010
010101010
1010101
00100101
0010101010
101001010
01010101
010100010
0101010
00110010010
1010101
10101001
0101001
10010101
101001010
10101010
01010101
0101001
100101010
00101010
1001010010
0101000010
010101001
010010101
01010101
10010101
100010010010
1001001010
0101010010
101001010
0100000101
011001001
01010101
1010101
100101010
0101010010
1001001010
10100001010
010010101
10010101
101010101
100101001
00100101010
000011010
1010101001
10101001
010101101
1010010101
0101010010
10010101010
01010101
010101001
00101010010
000101010
10000101010
00100010010
0101010101
101001
01001101010
010010010
01010101
00101010
10100101
1000100101
1000100101
00101010001
100101010
0100101010
0010101001
00101010010
0101010010
010101010
00100001001
1001010101
0101010101
10001001
100010101
1001000101
010101010
10001010
1010101
0100010101
001010010101
01001010101
0100110010
00100010010
0010100100
010010101
0101001010
010101010
010010010
10100010
1010101
1010101
01010101
1001001
01010010
010101010
010101010
101001010
101000010
001010101
101010001
1010101
101001010
1000101010
01010101
010010101
0101001
10010101
010100101
1010101
10100100
0010101010
01010100
10101010
0010010101
01001101
1001001001
010100101
101010010
001010010
10100001
100010101
0101001001
010010101
0010101
1010101
00101010
0010101010
1010000010
0100101010
1001010010
1010101010
0100100101010
100001010
1001010100
0101010101
010101
10100101
10101010
1010010010
01010101
010101010
010010101
1010101
101001010
101001010
000101001010
00101010
001001010
10100100010
0101010101
100100101
010101010
100100010
01010101
1010101
0000101010
00101001010
0101001010
001101010
1010010101
010101001
10010101
010010101
1000100010
0101001010
001001010
00100101010
10100101
010010101
010101010
010010010
001010101
1010101
010101001
0000101001
10100101
011000101
1001010101001
010101
0100010001
10010101
011001010
0100101010
00101010
010101010
010011001
01010101
0101010100
0010010101
0101010
0010101001
01010101
1010101
0010010001
0101001001
01010101
1010101
010001010
10010010010
1001010100
0010010010
0010001001
010001001
010101001
10010101
0101010010
0101001010
1000101001
01010101
1001010010
0110010010
10010001
0101010101
101010001
00101000101
0010101001
001010010
01010101000
0100101001
0100101001
0100101
0011010
01000101010
001010101
00101001
01010101
0010001001
100100101
0100101
01010101001
0010101001
10010101
010101001
01010101
10010101
001010000010
10101010
010010100010
0101001010
01010101
0101001
0100101010
0100101010
0010101010
01011001010
10010101
0101001
100010101000
0101010010
00100010010
01010010
1001001010
10001010010
10100101
010001101
000010001010
100101010
01010101
10101001
10010101
0100101
01001010
01001010
0110101
010001010
010101010
0001010010
01010101
010010101
100100101
010101001
100101010
10101001
0101001010
0100101010
010100101
0101001
010100101
10001001001
010011001
010101
0001001001
0101001
010101010
010010100010
100010101
010101001
0010101010000
01011010
010010101010
010101010
001110010
00101010
100100011
101001001
1010101
1010101
1000001001
100100101
00101000001
01010101
0010101010
10101010
1010101
10100100
010101010
00101010
101001010
0100101010
10101001
0010101
0101010101
010101001
10010101
010101
01010101
010100101
10010010010
0101010010
1010010010
000100011
10101010
0101001010
0000101
0101001001
0101001010
0101001010
010101010
010010010010
0101001010
010101010
10101010
100010010
10101010
00101001010
10100101
0101001
10101010
10101010
101001001
10101010
0101001010
0010101010
011010010
0101101010
0010101010
01001010
010101010
010101010
000101010
01010010
011010
01001010
010101010
10101010
100001001
0100101
0010101
11001010
0001010010
101001010
01001101
0101001
10101001010
10101010
0100101010
100101010
10001001
010010101
01010010
010101
0010101
0101100
0010100010
10001010
0010110
1010100
01010101
0101010
001001001
1010101
101001010
100101001
01010001
010101001
10001000010
0010101010
010001010010
10101010
0001001010
010101010
10101010
101000001
0101010010
00010010010
001000101
0010010100
00101010001
00100000101
0101001010
00101001
00010101010010
010101010
100100101
010101001
100101010
0100101010
0101001010
10010010010
010101010
101010010
1010101
010100101
00001000010
0101010
10001010
10101010
01000101010
0101001010
01101010
00101000101
0101010101
01010101
1010101
01010101
010101010
0010101010
001001010
100010010
10010101
100000101
01010100010
01010101010
0101010
101010101
0010101001
10101000
1010010
010010101
1000001010
010101010
10001010
001010010
01010101
01010101
000101001
0010101001
001001010
101010010
0010101
010100101
010101010
01001010
0010101010
01001010010
100010101
100000101
1001010010
01001010
0010100001
0010101
010101010
0100101010
01001001
10101001
10110010
010010010
010101010010
11001010
01110101
010100101
010101010
0100101010
100101010010
010101010
100101010
01001001001
100101001
0010100001
0010101010
01001010010
001001010
001001010
000010101
010100101
001010010
0100101010
1000101010
0101010010
101010010
010101010
01001001
01101001
0101101
01010101
0101010001
00100101
1010101
01001001
0010101
10010101
01010101
010100101
10010101
01010101
101001010
0010101010
10011001010
0010101001
01010101
1001010101
01010101
100010101
00010101001
0010100101
000100110
010101010
010101001
1010101
000101101
0010101001
010101010
101010100
010010010
010101010
001010010
1001010010
10101010
111001010
100100101
100100101
10100101010
010101010
1010101
101000101
100101001
01010101
01010101010
01001010
10101010
100001010
00100101
0010101
0101001001
10001010001
1010010
0101001010
1000000101
010010001
100101010
0100101010
1010101
000101001
010101010
0101001010
00110010
01001001010
001010101
010100101
100010010
1010100010
10101010
001000010010
010101001
0100101001
0101001010
00100010010
00101010
0000101010
1010101
100100101
0101001
01010101
001000100
100101000
0100100011
10010101
10101001
010010101
010101010
1001001010
001001010
0010101010
010101010010
0001010101010
01101010
0100101010
010101010
1010010010
010100010
10101010
0101010101
101011000
01001010
0001001010
01010101
0100100101
01011001
10101010001
010001010101
100010101
010101010
01010110
010100010010
00010001010
010101010
100101010
010110101
100110101
1001100101
100101
01001010
01000101010
1000101010
100101010
0101010101
0101010
010001010
0100101010
0101001010
0101001010
100100101
1010101
01010101
0010100101
010101001
10001000101
00101001000
01001010
010101010
100101010
01010101
101001001
10001001010
100101010
01010101
01010101
010100101
00101001
10100101
10010101
10100010
01010010
001011001
010100101
0010100001
10000001
00101000010
100101010
010101010
010101010
010100101
1010101
10101010
10010100010
010101010
0101001010
101000101
10100101
1010101
010100101
01010101
01010101
1010101
0110100100
100010010
101010010
1001011
10000101
100010101
010100101
010101001
010100101
100101001
001010101
10010110
101001010
100100101
10010101
000010101
0001010101
010101010
100101010
00101010
00010101010
010101010
101001010
0010101
01001001
10010101
100010101
1010101
01001010101
010011001
1010101
1000010
010101010010
10010001010
01001100010
00101010010
10101010
1000101010
101001010
10101001
10000101
01010010
01011010
0101001001
01101001
01011001
1000101
100010101
10010101
00101010
00101010
010100101
1000101
01010101
010100101
010010101
001000101
10100010
101010010
01010101
0110000101
00100101
1000100001
10101001
0110001001
001010101
101000101
010101010
0101001010
01010101001
01010101
1001001010
001001010
0101010010
101001010
1010101010
0101010010
00101010
0010110
100100101
1010101
00100101
10010101
1001010010010
01000010010
001001010
010101010
0101010
1010101010
10101101
01010101
00100101
1010101001001
100010101
01101001
101010
10010101
001001010
101010010
10100000101
001001000
1010100101
01010101
010101010
01010100010
01100101
0110101
010100101
1010101
1000101
0101001
01000101
01010101
10000010
0101010010
1001001010
1000001010
101001010
010101010
0001001010
0101010010
01010010
101001010
0010010101
0101001
010010101
101001001
010101001
011000101
000101001
010101
00100101
10101001
0010100001
010100101
1010101
0100011
10001001
01010101
0010101010
010001010
10000101010
01001001010
01001101
01000101
00101010
0101001010
010100101
1010101
0100101
0010100101
010101010
01001010
10101001
00101001
100010010
001001010
1000101
01010101
010001010
101000010
1000101010
010100010
0101001010
1001010010
011010
10000101
010100101
01010101
1000101
01010101
1001010101
01010101
010101010
010101010
100101010
0001010010
0010010101
001010101
1010100101
00101001
100001010
00101010
10010101
00100101
0010010001
01010101
0010101010
010101010
001001010
00101001010
1010101010
010101010
1000101010
1010101010
100110010
0100101010
0010101001
101001000
010101001
1000101001
010101010
0010100010
10001010
00110101
1001010010
00100100010
010101010010
10001010010
0101001010
11010101010
0110001010
0101001010
010100101
00011000001
10010001010
010101010
01001001010
011001010
1001010
1001010010
010100101
10100101
01010101
01010101
1010101
1001010001
01010100010
1001001010
100000101010
011010010
001100101
010100101
0100101010
01010010
00101010001
01001001
1010001001
010101
0101010010
10001010010
0101010
01010101
10010101
010100101
10010101
0010101010
010101010
1000101010
010101001
01100101
010101
100010101
1001001010
100101010
10101010
01001010
0101010
00011010
00000101
01010101
10010101001
10000101
01001010
10101010
001010010
0100101010
01001010
0101001010
100101010
00001010010
001010101
001010101
0010010010
001001001010
10101010
00101010
010101010
011010010
1000100101
01010101
0101001010
100101010
0010101010
001010010
01010101
01010101
0101001010
01001010010
010101010
010101010
010101001
0100110101
0100101010
010110010
010010010
01001001010
001010101
01010101
0010101
10000000101
001010010010
010101010
10101010
100101010
010011010
00101010
01010101
010101010
100110001
010010101
1010101
10010001001
010010101
100010101
0100101010
010001010
00100101
10010101
01001001
01000101
010101010
01001001010
10000101010
0101010
001001001
10010101
0010101010
0100101010
10010101
0101001
10101001
01001001001
01010101
101000101
010010111
01010011
01001010
010010100100
0101010010
010101010
00001010010
001010010
000101010
100010010010
101001010
0101010010
1001010101
0100100101
101001010
0101001010
1010101
010101001
011001010
10010010010
10010101
010100101
010001010
010101010
01010101
00110101
010010101
01010101010
0100010010
01010010
0101100101
010010011
01010010010
0101001010010
01010101
010100101
0101010101
01010101
0101010101
100101001
1000101010
0101001010
010101010
100101010
010101010
101001010
01010101
000101001
001001010
01001010
0010100010
1001001010
010001010
010101010
010110010
01100010
0101101010
010101010
010100100010
1001001010
011001010
010101010
01001001010
0000100110
0101010010
0010101010010
00101001
00101001
0101010101
101010001
01010101
10100100101
100010101
1000101
01010101
1001010001
0101010101
1010010101
01010101
01010101
01001010101
10010011
0010010010
100101010
001010101
0101010
001010010
010010010
0101010010
100100100
1001001
0100101
001010101
01001001
010100101
01011001
0100101010
0101001110
001010101
0100101
001001010
010101010
01010
0100100101
10100101
0101101
0101001
1010001001
01100101
10010101
0100101
10101001
01010001
01010101
010110010
010101010
1001010100
0101001001
001010010
01001001010
010101001
10010101
0110100101
01010101
010101010
01001010
010101010
010101010
01001001
01010101
01010101
01010101
001010010
01001010
10110010
1010100010
0010001010
1001001010
01001010
01010010
01001010010
10101010
0101010
010001010
01010101
01001010100
01001010
1001001010
00101010
100110010
0010101
01010101
1001101010
010011010
0100100101
100101001
01010001010
010010010
010101010
000101010
01010101
0100101
010101010
01001010010
010101010
100101010
0100101010
010010010
00100101010
1001001010
00100101001
001001101
100011010
0010101010
01010001010
1010001010
00100101010
101001010
101010001001
0100101001
10010100010
01001001010
10010101
100101
101010
011001010
100100101
1010101
101001010
01001010010
010100101
0101001
1000010101
1000101
10100101
010101001
100101010
10001010
010101010
011001010
01010010010
0101010
001001010
01000010010
001001010
0101001010
101000101
10100101
010101010
01001010
1010101
01101001
0101001010
10100101010
10101010
001001001010
1000101010
0100101010
100101010
0101010000
00101010
01101001
01001001
010100101
010101010
001001010
010101001000
01010101
101001000
1000100101
01001101
000101101
01100101
010101
01010101
100010101
100010010
0101001010
0101001
0100100101
01001010010
0101000010
0000101001
010100101
010100101
010101
101010010
00101010
01010101
01010001001
100001010
0101010010
010101010
00101001010
010101
010101
010000010010
010011010
100000010
01010101010
100101010
010101010
0101001
010101001
01001010
1001010010
0010100101
01010101
1010010
1001001001
01101001010
0100101010
0010010010
0100101010010
0101001010
010101010
010101010
1001010010
100101010
0100101010
0010101001
1001010101
01001001010
010100010
1010100010100
101001001
0101001010
1010101010
0101101
0010100101
0110101
01010101
101010101
0010101
01010010101
100101001
100010101
01101001
10100101
010101001
00101010
1011001010
1010101
10010101
10101001
01001000001
10010101
1010101
10010101
010101
101010100
10010101
0101010010
00101010
001001010
01001010
010100101
1010101
1000010101
0010010101
010100101
01000101
0010101001
0010101
010101001
1010101
0101101
01011001
01001010
0101010010
01010101
01011001
10010101
01010101
01010010
1000000101
0101001010
0101010010
100101
10010101
10010101
010010101
001001010
00010101010
100010010
001001010010
1010101
0101010101
101010001
0101010001
00010001001
1010101001
0100101010
001001010
0100101010
01001010
10001010
010101010
000100101
01010101
0101001010
000101010
0101001010
1010010010
01010101
1010101
010010101
100101001
0001010010
10101010
10101001
101000101
1010101
01010101
10100101
1001001
1001001010
001001010
1010101
01010101
1010101
011010101
0100101001
1010101
01010101
00100101
00101010
0101010010
10101010
1010100010
0011001001
100010100
1001010100
100010101
001001010
100100010
10010101
0100100101
1001001001
100100101
110101001
010110001
0010101001
0101101001
00101001
001000101
100010010010
1010010010
00101001
0101010001
10000101
0010010101
0101001010
010010010
0010101001
1010101
100101010
1010001010
01010101
100100101
100101010
0010101010
010101010
01011010
010101010
0101010010
001010100
10101001
0100101010
1001010010
01010101
0110101
10101010010
101001010
100101
101010
01010101
010011001
1010101
010100101
0100101010
010101010
1001001010
100100010
0010101010
0101001010
010101010
011011010
0100101010
01010010
100101
1010001001
10010101
01011001
001010010
010101010
0100101001
01010101
0100101010
100101010
101001
0100101001
010010101
1001010101
010010101010
01001010
10010101
00101011
01010101
010010101
01010101010
0101010
101010101
01000101001
1010010000
011001001
10001010101
010011001
10100101
0100101001
1001100010
101010010
0101101
0101101
0101010
1010100010
10010010101
010100101
0000101010
101001001010
0100101001
0100101001
010101010
0101001010
010101010
010101010
1001001010
010100010
010101010
0101010010
01010101
010010101
01001010101
1001101
01010010
010110010
1001010010
010010101
001101
0010101
1010101
1010101
100101010
0101101010
10101010
0100010010
010010101
01010101
01001010
010101010
100101010
01010101
0010010101
0101001
10101
0101001
010101010
01010
0110101
0101010
110101
1010101
0100100101
010101001
1000001010
0101001010
010010010
11001010
010010101
10011001
010010101
100100101
010101001
01100101
100101010
0100101010
010010101
010110001
10010010010
010101010
000011001
00010100101
0101101
1001010101
010101001
001000101
10101001
10101001
010101001
0010010001
010100101
01010101
010100101
01001011
010101001010
0100101010
010101010
0101010010
1001010010
01001010
0111101010
01001001010
100101010
01010100100
100101010
100101010
010100010
0101010010
1010001010
01001001010
1000101010
1001010010
01010101
010100101
10100101
001001001
00101010
0101010
100010101
001010001
101001010
010100010
001001010
010001010010
0110010
01010101
00110010
1001110001
10100101
010101001
0100101010
01010100010
0010101010
0101001010
010101010
0101010
10101010
0101001010
1000100101
10001010
0100100101
01010101
1001001001
10010001
010101010
0010100010
1000001010
0100101010
101000101
01001001
1010011
010010101
0101001010
100101010
1010010
000010101
10101010
010101010
010010101
0100100101
101001
0100101
100100101
010101001
10000101
010010101
1000101010
010010010
10100101
01100101
101001010
0101001010
000010100010
100001001010
010101010
01010100010
1000100010
0101010010
1010110
01010100101
010101001
01010101
01010101
0101001001
1000010100
10001001
010011001
100000101
101001001
10101010001
0010101001
101010001
01001010010
001010100010
0101001
010100101
10011001001
1000100101
1001010010
0101010010
01001001010
010101010
10001010010
0101010010
1001010010
101010010
1000101010
01001010
1000101010
1001001010
01010101
10100101
001000101
10010101
1001010
00001010
1010011
0000101001
101010
01001010
100101010
100110010
00010010
0100110010
100100101010
010001010
101010010
101010010
101001010
10101010
01010101
011010011
01001101
1001010001
0101001010
010101010
10100101
10100101
010100101
01010101001
1000010
0010100010
1000010010
0101010010
0101010
01010101
00010100010
001001010
10010101
010100101
010101010
10100101010
00100001010
0101100010
10100101110
010100101
010010101
01010101
010101010
001010010
01010101
0100101
01010101
01001001
100010010
0101001010
010101
101000101
01010010
10101001
010111010
00110010
001010010
1000101010
00101010
00100000010
1010101010
1000001010
01011010
0101010
1010010
010101010
01010101
01010101
100101010
10101010
01010010
010101
01010010010
10101010
01010101
100101001
001001010
0100101010
100010101
0110101
0010101010
010101010
101010
10100101
010101001
01010101
101001010
01010010010
0101001010
101001010
01010101
01010101
01010001
01010001
01001010101
0101010101
01010010101
1001010
001000101
100100001
0100101
1010101
0001000010
1000101010
00101001
01010101
001010101
0101010
0101101
1010101
001001001
0101010101
01010101
01010101
1000101001
10010101
0101010010
0101010010
00110101
010101
0101010
010101010
00101000
1110101
100101010
0101001010
001010101
0010100101
10100101
10100101
01001010
0101010010
010100101
1010101
100101010
1000101010
10010101
01010101
0101010101
010100101
101010010
1000100010
00100100101
101010001
1001000101
1000101001
01010101
1010101
010010110
01010010
1001001
1001001001
010101010
000101001010
1001001010
010101010
01010101
100010101
010101
01010101
010100101
0110101
010010101
1000101
100001010
1000011010
01101001
1010101
10101001
100101001
0010101001
100110001
10101001
101000101
01010
1010010
0100101
010100101
00101010
010101010
1010
10100101
0101010101
0100101
1001010
10101010
010100101
0110101
100010010
10010010010
00010100010
0001010010
010100101
1010101
001010001
10010101
10010010101
0010101
1001010
1000101010
100101010
01010010
1010101
1010101101
01010101
0101001001
0010100010
101010010
0101101
100101
01010101
0100100101
10101010
01010010
0101010
10010011
10101010
010101010
01010101
001001001
0101010010
01010001010
10101010
01010101010
00101010
01010010010
10010101
010101001
0100101010
0001010010
1001010010
010101010
001001001
1010101
001000010
10101010
0101010101
010010101
01010101
0010100001
100101010
1000101010
1010101010
1001001010
1010010010
0101010010
0101010
01010010
100010001010
10001010
1010101
01010101
10100010
0101001010
000011010
10101010
0010101
010010101
01001001
0100100101
010101
101001001
101101010
10101001
01010101
00101010101
010101010
100100010
10100010
0101010010
0001010010
01010010010
10010001001
0010101
0100010010
10010001010
10101000
010101001
010101010
100101010
010100101
01001101
0010101010
010101010
100100001
010100101
010100101
00010101
010101001
0110010101
101001010
010101010
01001010
0100101010
0101100110
010101010
01010101
01010101
0010010010
010010010
010010101
10100001
010010101
10101001
0010101
00101001
0010100010
010101010
010001010
010110010
010101010
0101010
01010101
01010101
01010101
010110001
01010101
01010101
01000101
010010101
100101010
01001001010
10100010
010101010
0010101010
10101010
0101001
010101
010000101
101000101
10101010
0101001010
0101010
010010010
1010101
0010101
10010101
011010101
100100010
001101010
01011001010
0101010010
10100101
0101010
01101001
0100100101
10010101
10101001
0010100110
010101010
10010101
00100101
01010101
01001101
0010101
001001001
101001010
0100001010
01101001010
01010000010
101010010
10101010
0101001010
010101010
10010101
1010101
0101001001
0110101
010101010
101001010
01010011
10010101
10100001
0101010101
011010001
100100101
010100101
1010101
100010101
010010101
0101001010
01001010
11010010
10010010
00101000010
101001010
001001010
1000001010
0101001
0100101001
1001010010
10101010
010100101
0100101001
0101001010
0101010010
00101010010
0101010
001010101
010101001
01010101
01100101
010001010
001010010
01010001010
101001000010
1010010100
01101001
10101010001
0010100001
10010101
010010101
0101001
01010101
001100101
01010101
100101010
0101001010
00010010
10101010
10010100010
0101001010
0100110010
000101010
0010100010
1010100010
010000101
0100101
10001010010
1001001010
0100100101001
010010101
0100101
001001010
100101001
01010101
0010100101
100100101
001010010
010101010
10101010
01001010
100100101
010100011
100010101
100100010
001010010
00101010
10001010010
01010010
1011001010
100001010
010110010
1010010
0010101010
10101010
000101001
0110010
00100000101010
100001001010
001011001
10010101
10101010
1001010
01000101
01001001
00110010010
101001010
010100101
100100101
1000101001010
0101001010
01010100010
010010010010
010101010
101001010
0101010010
101001010
10101010
101011010
0101000100110
010101010
1010010010
010010010
1010100101
0101000101
01010101
010100101
100010000010
011001010
1000101
100001001
010101010
11001010
01001001
1010101
1001001010
01001001010
010010101
0101101001
00101010
0100101010
100101010
100101010
101000110
10101010
0100100110
010101
0110101
001010101
000101001
0010100001
01010101
001011001
010101010
00101010
0010101
1010101
010110001
00100100
101010000
01010101
0101010010
101000110
01010101
01010101
100101010
01001010
100101001
100110010
0101010010
010101010
100000010
00010101010
010100010010
0100101010
1010101
1001011
01010101
10101001
0010100101
1010101
0101010010
010101010
010101001
10010101
01010101010
10110010
10010101
010100101
010100101
10011001
0101010
01010010010
01010101
01001101
1010010
01010101
0000101010
010101010
100110010
0101001010
01010101
0010101
0010100101
10100010
001101001
01010010
10101001
100000101
0101001010
010101010
0011001010
0101010010
1001010100
010101010
101001010
0101010010
00101010
101010010
010101010
0100101010
1010001010
1010001010
0101010011
010100101
01010110
0111001
01000101
010100101
01010101
10100101
10101010
0100101010
01001000101
0101001001
010101010
010101010
0101010010
010101010
010101001
010101010
10001010010
0101001010
0100101010
0100101010
010010101
1001010100
1001010010
000010001010
01010101
010101001
00000101
01010101
010101
0001010101
100101001
01010101
010011010
010101010
0101001010
010101010
1000010010
010110010
100010001
1000101001
0101010010
10001010010
100010010010
10101010
001001010
101010010
0101001
00101001
0101001010
01010100010
0101010010
01010101
0100101010
10000101010
010010101
010101000
001010101
000010101
01010101
01010011
01010101
10101001
010100101
11010101
0101001010
10101010
100101010
010101010
010010101
1010101
100100101
01001101
0000101010
1000101010
0110010010
01001001010
0101001001
010101001
0101010
10000010010
01010101
10010100
1000101010
100010010
01010001010
01001010010
010010010010
0101001010
0101101010
001001010
010101010
00101010
01001010010
0100101010
10100101
010101
0100101000
010101001
010101010
1001000010
010100101
00110001
01010101
01010101
001001001010
1001001010
100101001
0010010101
01010101
10010101
010100101
010100101
10101011
0010010101
0101010
01001001010
100010001
01001001
0100100101
001010101
01010101
101001010
0010100101
100100100
000101010
0101010110
01010101
10100101
0101001010
0101100010
010010010
101010010
0011010
001010010
0000011001
01010011
101010001
010010101
001010101
010010101
010101010
010100010
10101010
0100101010
0101001010
101010010
00100101010
010101010
10001010
010101010
1001000010
00101010010
01010101
001001010100
00101010010
100101010
010101010
10010110
010101010
010001010
00001101010
0010101010
1010010010
001001010
00101010100
01001010010
010101010
010101010
0101010001
100010101
10010101
00100101
00100101
0001001001
01010001010
0100101010
01010010010
010101010
100101010
01010101
010101010
101000101010
010010010010
010000101010
0101010
01010010
0101001010
10010010
001001001
0010101
10010101010
0101001010
0010101001
1000101001
1001001001
010010101
1000101010
010101010
11011
001010001
010010101
01010101
01010101
01010101
001010101
01010101
0101010001
101010
100101001
001001000
0101001
01010101
1010101
100010101
0101001010
1001010010
10010101
1010101
10100101
010100101
01011010
010101010
1010101
1010101
010010
10001010
1000100001
100010101
01010101
010001001001
1000101010
000000101010
1000101010
01010000010
00001010
100100010
000010101
1010101
001101010
010101010
1010101
00101001
0100100101
10100101
00101010
10101010
10101010
1000010010
01010101
0010101
10101001
1010101001
00101010
010101010
001001010
10101010
01010101
0100101
0101010010
00101001010010
0101101
000010101
10010101
10010101
01010101
01010101001
100010101
001010101
101001001
01010101
0101010
011001010
01001010101
01010101
010101001
00100101
011001010
00101010010
0100001010
100101010
1000101010
1000101010
1010010
10101010
01010101010
001100101
10100101010
010101010
0101001010
1000101010
010010
0101001010
010101010
00010100010
001010010
101001010
01001010010
1001001010
0011001010
010110
0000101001
0100100101
010101001
0100010101
01001001010
010101010
010101010
10010010
010100011
010100101
000101010
010010010
0010010101
01010101
01010101
0101010101
01010101010
1001001010
1010100
10010101
0101001
1010101
010010101
1010101
010010101
0010100001
101010100010
0100101010
0100100101
0100101101
100101010
1010101010
010100101
00110110
01010101
0010101
010101001
010010101
01010001
1001010001
0000101010
00100101010
0010101010
010101010
10100101
001001001001
1000101010
010101010
100000001
010000101
01010010100
1010100101
010110010
0101001010
01011001
00101010
1010101
01101001
010101010
1001001010
10010101
001010101
100010100010
0010010010
010101001
0101010001
00101001
1000101
010101010
100101010
010101010
10101010
010101001
01010101
1010101
00101001
10010010
010101010
0010110
00100010010
010101010
001001001010
01010101
010101010001
010100110
010101010
010001010
010011010
010010101
010101
010101010
10101010
010000010
001001001010
001001010
0101010010
01001010010
010100101010
10001001010
010011010
01001001010
01101001010
01010101
10000101
100110101
01001001
010100101
101010101
0101001010
0101010010
10101010
010010110
0101010010
0001101010
010101010
01001001010
0101010010
001001010
01001010101
01010101
0010101010
101010010
01010100110
001001010
1001001010
010101010
10010101
100000101
001001010
00101010010
010101010
10101010
010010101
01010101
10101001
010010101
1010101
10010101
010010101
010010101
1010101
10101001
010001010
01001010
1000101010
010101010
101001010
00101001010
101001010
10100010
100101010
10010010
01010101
0100101
0100101010
00101110
00101010
0101010010
010101010010
01010010010
010101001
1000100101
010100101
100100101
10100101001
1010010001
10001001010
100101010
010101001
0100101
0010100101
0100100101
100010101
100010101
0010010101
01010101
10000101010
1001001010
010101010
0010101010
0010101001
01010101
100100101
010010101
01001010
1001001
001001010
0011010
01010010
010010010
00101010
01010100010
0101001001
0101101
10101001
10101001
0101010101000
01010101
010100101
100101001
01001010
101010010
000010010010
1001001010
010100101
01001001
0101100101
00101001
010010100100
01010000
010010101
001010101
010100101
10010101001
0000101010
100101010
011001001
01010101
0100101010
000101010
10101010
10010010
10101010
010110100
10101010
10100010
01001010
0101010
010101010
010101
1010010010
0010101010
01010101
01010101
010100101
010100101
010010101
101000
1000010101
010010101
001001010
100101010
001001010
00100101010
0010101
01010101
0110101
1010101
010101001
001010101
10101001
1000100101
010101010
10101010
10101010
01001001010
00101010010
01010100010
10010101
01010101
0101001010
0010101010
010010101
10101010
100101010
010101010
00101001010
010100010
1000101001
01010100101
10101010
10001010010
0100101001
01010101
1000101001
010101001
101001010
010101010
1000100101
00101001
010101001
10000101
0101010100
00010101
010101010001
01010101
10001010010
0010101010
0100101
010101001
010101
01010101
101001010
0101010010
01000010001
01010100101
01010001
0101010101
100100101
01010011
00110101
10010101
01010101010
0100101010
1000101010
01001001010
1010101
100101001
01010101010
10100101010
01010101
10001010000
0110101
0001010101
01010101
01010101
010101010
101001010
11010101
10010101
1010010010
10010010010
01010101
100110101
0010001010
10000100010
010101010
10000010010
1010101
101010101
101010001
01011001
01010101
010100101
001001001
01001001
00101010
00100010010
01010010101
01010101
01001011
01010100101
1100101
010101011
1000001000
10010101
0101010001
01010111
101001010
10010010
0010010010
01010010
1010010101
1010101
1010100010
0100101010
001001010
00100010010
001101
0101011
001010101
01001001001
010101001
100010101
01010101
01010101
001001001
00101001
100101001
010010100101
001001001
101010001
10010101010
0100101010
0101101
001001001
1010101
01000101001
01010101
01010101
010011010
01001000010
0101001
0101000101
10001010010
101001010
1010101
01001011
01010010
101000101
01010101
001010101
010101010
0010001010
01100010
0101001010
001010101
01010101
01010101
0010101
01001001
0110101
10001010101
1010101
01010101
01010101
0101010
0001001010
101001010
0101010
0101001010
10101010
010101010
000010010
1001001
010101011
010101010
00101010010
01000101010
0101010010
0101000110
01010010
01000010
01010010010
10010101
101001001
0000110101
100100101
010010010
1001100010
1010101
1001000101
1001001010
0010101
0101001010
1010001010
10010100010
10101010
010010010010
010101010010
0010101001
10011001
001001010
100010001010
0101010101
1100100101
0101010101
0101000101
00110101
0010100001
0010010010
010101010
001101010
10101010
10010010001
100010101
0100101010
00101000101
01000100010
01001101010
101001010
100101010
101010100010
0101001010
10000101010
010101010
1000101010
101001010
010010010
010101010
0100101010
0101001010
01001101
010100101
1001000010
0101001010
100010100001
1010101
1011010
0101010010
10101010
100100100010
010010001010
10101010
10100101
010010101
100101010
01101010
0001010010
10010010010
0100101010
100101010
01010010010
010101010
01010010
0101001000
100010101
10010101
001010101
0101010001
1000101
1000100001
10001010100
0010010101
010101010
100101010
0010101
01010101
001010101
100101001
10001001
0100100101
01010101
101000101
10010101
101000101
010100101
01010101
010001010
10001001010
01010010
0101001010
010001011
001010101
010101010
1000000001010
00101010
100101010
010101001
1010101
010010010001
1010101
0101010
1001001010
1010010010
01010100100
1000000101
10101001
1001010001
001011
01011010
0101010010
0010101001
010010101
100010101
10010101
100100010
001001000010
0010101001
010100101
1001010001
10101001
0100101010
0101001010
010010010
0101001010
00101010
0100100110
1000101010
1000101010
010101010
01001010
11010101
0101010
010101010
010101010
010101010
01010100010
000101010
100101010
01010010
0011010
1000101001
010101001
1001010010
01001010010
010100101
1010100101
0100101010
010101010
00101000101
01010101
100010010010
10110010
1010101
101101010
10010010
00101000010
01000100110
00101010
010100110
100010010
101010001
01010101
10010101
10101001001
011010100
01010101
0101001010
01101010
101010101
010010101
01010010
100101010
1001001010
0100100010
101010010
010101010
01010010010
1001010
