10010001
101000101
01011001
0001001010001
010100100101
00101010101
0001010010
000100101010
101001010
0110010010
001010010
100010001010
00100100001
10010100101
1010010101
1001001001
010110010
011010010
100100101
01001010101
001001001010
010010101010
01010010101
0100101
0101010101
01010001
0101010010
1000101010
0101010
01010101
1001010
00101010
001010101
01010101
01001010
01001010
01010101
01010101
110101010
01001010010
0010101010
010101010
100010101
100010101
100101
1000010101
010101
010100110001
1010010101
01010101
1000101
01010101
1100101
10010101
010001001
01010101
001001010
0101010
0101001
10011001
011010010
0101001010
010101001010
0010101010
1000001001
0101001001
00101010
01001010
010010101
00101001
010100101
01010100100
0010001010
0101001010
1010101
01010101
01010101
010010101
10101010010
0100101010
01010101
0101001
010101010
1001001010
0101001
101011
00100101010
0101010010
01011010
00101010
10101
01001001001
100101010
0010010010
01010101
010101000101
001010010010
100001010
010100101
0101010101
0100100101
10001011
101000101
101010101
0010101
101010
001010101
010101
0100101010
010101010
1001010101
01001101
1010101
1001010101
10000101010
100101010
010101010
0100101010
01010101001
01010100101
01010101
0100100101
0000101010
0101001010
010010101
1001
0100101001
1010110
1000101010
0011010010
010101001
010100101
10010101
010101001
01010101
01010101
01010101010
0010101010
1010110
10101010
0110010
001010010
010100101
01010001
010100101010
010101010
001001010
100101010
100010101
10100101
001010101
00101001
000101010101
0100110101
010101010010
001001010010
10010101
0011001
010010101
01010101
00101000010
010101010
0101001001
0101001101
1010100010
0010001010
10010001
010010101
011101
1010101
10100101
0010010100101
0001101
001010101
010010001010
10010010
010001010
010101010
0101010010
01000010100
10101001
010010101
00101001010
0101001010
10101010
01001010
0010101010
1001001010
01010101
10100000101
10010100101
1010101
0101010
01010101001010
100101010
01001010
0010010010
1001010010
010010101
0100100101
010100101
010101101
001010010
010010010010
10001000010
001010101010
010010101
01010101
1000101010010
010101010
10010101
01010101
100011010
001001010
0101010010
011001010
10100101
00100100101
1010010101
0100100101
0101010010
0101001010
010101001
010101001
00101010010
010101010
0100101010101
0010101
1000100101
1010001001
00010101010
001001000010
1000101010
0101001010
00101001
01001001001
01001101
1000100101
01001010
1001010010
01010101
0100100101
10010101010
01001010
