1010101
101001001
10101001
01010101
101001010
01001010
0101100101
010101
0101001
10100101
10101010
000101010
1000101010
010101010
01010101
0010010101
001101010
01101010
10010101
1000101
01010101
0101001
0101010
010011010
010101010
10100101
10101010
010101010
10100101
01010101
10101001
00110101
010101010
011010010
00101001
010101001
1010101
01100101
1001000101
0101010
01010101
00100101
10101010
01001010
01010010
10101010
001001001
01010101
0001001010
010011010
01100101
101001
01010101
10101001
010101010
001001010
00101000000
1010010100
01010010010
010010010
101001010
001010010
1010101
01010101
101010010
0101001010
00101001001
0101001
10010010
01001010
00101011
1010101
010101010
001001010
011010010
010101010
010101010
00101010010
01011001
01010101
001001001
01011001
010101010
0010101010
010101001
0101010
01001010
10001010010
01001010
0100100010
0101001
10100101
01010101010
010101010
01010101
10010101
10100110
10001010
0101011
0100101
101001010
0101010010
101001
1010101
010001010
0101001010
000101010
010001010
10100101
1000000101
1010101
1010001
010010100
0101010
010101010
001011010
10010101
01101001
01010101
0110101
01010110
00001101
001001010
11010010
010101010
0101001010
010101010
10101010
0101001010
0101010010
0100100101
01010101
00101010
101001010
00101001
1010101
10101010
010101010
