01000101010
001001010
010100101
01010101
1010101
1010101
101010001
010101010
10101010
101001
01010101
0100010101
10010101
0101010010
010101010
01001010
010101010
101010
010110
10010001
10010101
100101010
0100101010
01101010
010101010
0010110010
0101010
0100110010
01001010
1010101
10100101
001010101
01010101
0100101
0110101
010001010010
010101010
0010100101
010100101
0010001010
010101010
10010100
0100101
01000101010
001001010
10010010010
101001010
01010101
01010101
0101001
10010101
01001010
010101010
010101010
010101010
101011
10010101
10010010
010101010
010101
10010100101
00100100101
0101001001
0101010010
1010101010
101000101
0100100101
1010101
001000101
0100101
010100101
01011001
1010101
010101
010010101
0010110
01010010
0010101
0101001010
10010101
0100110
10101010
10101010
01010100
01001010
0101001010
01010010
0101010001001
010011010010101
10101001
010100101
1000110
01011001
0011010
0101010
00100101
10100101
101001001
1010011
010101
010010101
010010101
1010110100
01010101
010100001
0101010
0101010
101001010
10101010
00101001
1010101
01010101
0010101
101001010
10101010
01001001
1010101
0101011
10100101
01010101
1010101
101000101
100101001
010101010
10001010
1010101
10100101
0101001010
010101010
01010101
1010101
100101010
101001010
1001010010
0101001010
1010101
010101010
010010101
0101010101
0101010101
10101010
010001110
00100010000
010101010
001001010
01010101
1010101
01001010
00100101010
1001010
10101010
10101010
011001010
010000110
010101010
010101010
0101001010
0100101
0110101
0010101010
0100101010
01011010
01010010
1000101010
10101010
01010110
010100101
0000101010
10101010
01010101
00101001
0100100101
01010101
00100101010
00100110
001011001
10101001
01001010100
010010101
010100101
0010101
10100101
01001010
0110101001
10010101
0101010010
10101010
00101110
0100110110
01010101
0101010
00010101010
10101010
1010010
01010010
010000101
010101001
01010101
10001010100
10101010
010101010
10101010
101001010
0101010
10010010
100101010
00110100
101000
10010101
1010101
10010101
010101010
101001010
01001001010
1001010010
00101010
0100101010
101010010
101001010
0101010010
100100010
0010101
00100101
0101100101
1010101
0101101
001010101
010110100
100101010
10101010
10101010
0101010
010101010
100101010
010101010
0100101
01010101
0101010
0101001
010111
01101001
010010101
1010010
10110010
1010010010
0101001010
01001010
001010001
01010101
010101010
10101100
101010
10101010
101001001
01010101
1001010
010101010
10010101
1010110
1010101
1010101
001010101
010010101
10101010
10010010
0010101010
0101010
101000101
01010101
10100101
1010101
1001010101
01010101
0100101010
101010010
10100101
10010101
101000101
11100101
001001010
0101010
10101001
010010101
01010101
1010010101
10101010
10010110
0101010
01010010
0101001010
1001010010
1010101010
0101010010
001101010
100101010
10101001
010010101
0101010001
01101010010
001001010
10010101
10101010
1001010
010101010
000101010
000101010
10010010
100100101
010101001
01010101
10100101
101001010
010101010
001000101
100100101
