00101010
01001010
010101001
100010101
0100101001
1010101
0010100010
100101010
10101010
01010010
010101010
00101010
100010010
010101010
000101001
010010101
00101010
0101001010
010101010
100101010
000101001
010010101
00101010
0101001010
010101010
1001000110
010101010
10101010
001010101001
10010101
010101001
0100100101
010100101
1010101
10100101
1010101
001001010
001010101
1010100101
01010101001
10001010010
0100101010
010101001
01010101
1010101
1100101
10010
001100101
0010101010
10010100
010101010
100101010
01011010
1010101
010101010
1010110
010010101
0100101001
01011010
10101010
0010101001
0101001010
00110101
100100101
001010101
01010101
