00101001010
001001010
00101001001
10101
101010
00101001
01011001
0101001
0010101
1000110
0110101
10001001
010100101
0101001
110010
001010010
0101010
0101010
0010101
1010101
0101010
10101010
010101
010101
10101010
10010010
1001010
0101010
100101
100100101
001010010
01010010
10001010
100001010
1010010
00101010
010100101
0100101
100010110
010100010
10101010
001010010
00101010
0000100110010
010010101
010101001
101010
1000110
0101010
0010110
01010010
10010010
10101
001001001
010010010
0010101010
10101001
0101010
10101010
000101010
00101010
10001010
101010100
01010101
101010
1010101010
0100101010
00100101010
1010010
0101010
1010101
100010101
101001
10000101
0010010010
0110001010
001010010
0101001010
010101010
1010010
10010010
0110101
10101001
0101001
010101
00101001
00101001
010010101
101010010
0101010
010010
10001010
10001010
0010010100
100001010
0010010010
100010010
10001001
10101001
010101010
010010101
01010101
01010010
0101010
0101010
101010
010101
101010101
0101010
010101010
00010101
001001101
1010010
10010010
100010010
1001010010
1001010
01010010
01010101
0101001
1010100
01010100
10101010
0101010
100101010
100010010
010010
010101010
010010
0101010
101010
1001010
01001010
1010010
1001010
100101010
010110
001001010
1010101
010010101
10101
001101
10010001
10001000
10100010
00101010
01010010
0100101010
1010010
010011010
0101010
00101010
100101
01011001
0101001
001010101
001001001
0101101
1010101
1010101
0101010010
00010101010
01010010
100001010
01010101
100010101
10001010
00101010
101010101
0101001
01010010
0100101010
101010010
01001010
0101001
100010100
001001010
01010110
011010
0101010
00101001010
10001010010
01010101
10010100
10100101
01101001
010110010
010110010
0010101010
00101010
001001
0101001
0000101
1010001
01001010
010100
01010010
01001010
10101
0101001
0101000101
001001001
001001010
1010010
010010
101010
10000101010
10100010
10101010
0101001010
101010010
01010001010
01001010
010010010
0001001010
010101010
000101010
00101010
0101011
01010101
100100101
0101001
010010
0010101
00101010001010
01010101
01010101
0101100101
010010010
001010010
010010
0010101010
01010100
1100101
101001
1001001
101010001
01100101
01010101
01010101
0101010
0101010
101010101
01010101
10101001
01010101
01001010
101001010
0101010010
10101010
10001010010
0101010010
001001010
0101010
10001010100
001001010
10100101
010100101
011000101
01010101
1010010
01001010
0101010
100100100010
0101010
0101010
1010010
010101010
010100
0101010
1001010
1010010
10001010
01010010
01001001
10010101
0101010
0101010010
0100101
10100101
0101010
1001010
01001010
0010010010
01001101
01010100
0101010
10101010
10100100
001010010
1010010
1001010
01010101
0101001
00101011001
01010101
00101010
0100101010
01010010
0101001
100010010
0010101010
10101010
100010010
01010101
100010101
010101010
1001010
10100100101
0100101
01010101
1010101
0001010
1010100
001010101
0101011
1010101
010101
01010010
0101010
01001101
0100101001
010010
10010010
01010010
100101010
0100100010
010101010
01010101
01010101
00100001010
001010010
0010110010
010101010
01010101
010100101
10010010
0101010
01001010
0101010
00101001001
01010101
0101010
10101010
10010100
00101010
101010010
101010
1010101
0101001
0100101
10101010
1001001001
10101001
10101001
101000001
000101010
10101010
0100110
0001001010
1010110
00100100101
100101
0101001
0101001
01010101
0100101
010101
10100101001
010100101
010101001
0100100101
0010101
00101001001
0101010
001010010
00101001
01010101
10101001
001010101
1000101010
010101010
0101001
1010101
1001010010
00100101010
0101101
00101001001
10100101
01000101
01010010010
101010010
01001010
0101001
1010101
10101001
10010010
1010101
1010010
1000101010
10101010
0010101010
0101001
01010101
1000101
01011001
1001010010
011001010
001001010
00101010
10101010
01010101
001010101
0100101
01001101
01010101
010101010
000110001
01010101
01010101
1001010
0101010
01001010
0101010
0101010
01010101
0100100101
1010101
00101010
10101010
10101010
01010101
010101010
010101010010
0100100100
010100101
0010100101
01001010
0101010
0101010
0101010
10010010
00100101
0010101
010101001
1010101
01010
001001010
0101001
1010101
10010101001
0101001
0101010
010101010
01010010
001010110
010110
10101010
01010010
001010010
0100101
010101
01010010
01010010
10101010
01110010
1010011
01010101
01010101
01010101
0010110101
01010100
0101011
01010101
0100100010
101010
010010
00011010
1010101
010101
100110
0101010
10010010
01010010
10100101
01001001
10100101
01010101
0110010
00101010
101001001
01010101
1010101
01010101
0101001010
010101010
010011011
010101101
0011101
010101101
0101001
1010101
111010
0101010
010100101
0101010
10100101
01010101
1001010
00101001
01001010
001001010
10010010
1010100
01010010
100101010
101010
001010010
101010
100010101
0101001010
010101010
10101010
0100010010
01001010
1010010
0010101
001010101
010101010
100010010
01010010
011010010
01010100
1001010
0010101001
01010101
0010101
1010101
001010010
0101010
10101010
0101010
0010110
001001010
1010100
00101010
0101010
001010010
0101010010
1001001010
1001001010
1010010
01010010
101000110
10001000
010101001
10100101
1010101
0101001
10101001
1010101
1000101
01010010
1010101010
1010101
1000101001
0101010
10010010
0101001010
101010
00101010
0010101
010100101
010111
1000101
1010110
01010101
10010101
0101001
0100101
01010010
01001010
010101010
10011010
010101
00010101
0101010
1001010
1010010
0101010
01010101
0010101
0100110
0101010
01100101
001010101
0101001
010101
1000101001
01010101
0101101
1010101
1010101
100101001
0101001
01010101
00101010
1001010010
0101010
00110010
01010101
10100101
1010101
100101010
100010
0101010
01010010
1001010
1000010
00101010
00101010010
0100101010
101010
1010010
1010001001
0100101
00101010
010101010
10100101
00101001
1010010
00100101010
010010110
0101010
0101010
0101010
0010101010
00101010
1010101
01010101
10101001
010100000
10010
101010
110010101
010101001
1000101001
01010001
0001010
0101010
10001010
0101010
01001010
001010010
10010010
1010010
010010101
101011
0101110
010010010
01001010
0101010
1000101
0010101
1010010
10100010
01010010
10011010
01001101
0101011001
001010101
1010101
10101010
10100010
1010101
0010100101
01000110
010101010
0101010
01001010
1010010
01010010
10101010
0101010010
10101010
01010010
0101010
0101010
101010
10101010
010101
00100101
000010101010
0001010010
1001010
1010011
10101010
10010101
1010010
10010010
010100101
01011001
01010101
01010101
01001010
00001010
0101010
1010010010
101010
01001010
101010
01010010
100100101
010100001
10010010
010101010
01010101
010010101
1001001
1000101
0001010010
1001010
0101010
100101010
0011010
001001010
010101001
00010101
01010101
01010101
0101001
01011001
1010101
01010101
10100101
01010101
01010100
01010100
0101010010
11101010
101010
0101010
0101010
00101010010
1001010
10101010
101010
001010010
01010010
001100
1010101
010101
10101001
001001001
10101010
0100110010
1010101
0010101
101010
0101010
0010101010
010010010
001010101
10010101
01010010
0101010
10010101
010010101
101010
00101010
001010110
101000010
10100101
001010101
0101010
101010
1001001
10101
1010010
010010010
01010010
0101010
0110010
1010010
100010101
0101010
01001010
10011010
101010
010010010
010101
1001010
101010
1010010
1010010
01010010
010101010
10010010
0101010
0101010
00101010
101010
101010
101001010
00101010
000101010
0010010
0101010
00101010
101010
0101010
1001010
1010010
00101010
100101010
000101010100
0101010
010101010
0100110
0101010
00100101
01001010
10101001
10101
0101001
100100101
01000101
101110
001010101
10011001
10101010011
0010101
101010010
0001010101
1001000101
1001001101
0101010
010010010
101010
1010010
010101010
001010010
01010101
01101
1010101010
100101010
0101011
010010101
1010010
100101010
01010101
0010101
01010101
0101001010
0100101
01010101
0100101010
0101010
10010010
101010
0101001010
010101010
10010010
01000010
10010010
010100010
010101010
010010010
1000010010
0010101010
1010010010
01010010
0101010
1010010
10101001
01010101
1000001010
01001010
011011
10100101
0101010101
1010101
0100101
1010001
1010101
01010101
010101101
1010101010
0011010
00110010
0111001
00101001
010101010
0101010
1100101
010101010
10101010
01010010
010101
1000010101
1010101010
00101010
1010101
01010101
010101010
010010010
101010
011001010
0101010
100110
0101001010
0001010010
010101010
00010101010
00101010
0101010
0100110
0101010
0101010
01010010
00101010
010010010
01010101
0010010101
00110001
010010011
010101010
0010101010
01001101
0010101
1010101
0010101
101010
01010010
01010101
0010101001
1100110
0100100100
1010010
1010010
110010
00101010
01010010
01011010
10101001
1010101
01010010
0100010
001000101
01010101
101010
01000110
0101001
010100101
001010010
101010
1010101
01010101
1010101
10100101
1010010
101010
001010010
1001010010
01010010
1001001010
010101010
10010010
0011010
1010010
0101010
01001010
01010010
010100010
1001001
010110
100101010
01010100010
0100100101
010101
010110
01010101
00101010
0101010
0011001
0100101
10100101
010001001
0101010
101010
10010010
101001
001001001
0010101
0100110
01010010
10010010
0101010
0101101
0101001
001001010010
10001010
10101010
00100101
0101010
10000100100
101010
010101
1001000010010
0101001010
10010101
0101001
1010010
1010101
0101010
01010101
001010
011100
01010111
10101010
10101001
1000010010
0010100100
01010011
100101010
001010010
0010100101
010101
1010010
00001001010
0010010
101010
1001010
010010
010010
1010010
00101010
00101010010
010011010
1001010010
0000101010
0101001010
010100101
1010101
0001010
00101010
01010010
0101010010
11100
010100101
101010
101010
00110101
010110101
011001
01011001
0100101
010101
00101010
01010010
1010010
01000110
0101010
0100100101
1010101
010010101
01100010010
01001010
01010010
110010
01011
00110101
01001010
0110010
01010101
101010
00101010
010100101
0101010
010100101
01010010
01001010
10101010
0101010
001010001
010010101
010110010
0101010
1000110
00101010
10010100
001001010
01001010
10001010
010100010
0101010
000010010
1010010
011001
0100101
101010
00101010
0001010
1010010
01010010
001001010
1001010010
1010010
0110100
010101001
101000010
01000101010
1010010
100000101
10101010
00101010
01010101
10010101
101010
01001010
010101010
001010010
100010010
0011001010
010101
010101
10101010
101010
101010
01010010
00101010
010110010
0110101
10101001
0100101010
01001010
1010010
00101010
1001010
01001010
10101010
0101010010
01010
01010010
1010010
100101010
00101010
101001010
10101010
001010010
00101010
01010010
01010101
001010101
11001010
010101010
010101010
00101010
010101010
0100001010
010010010
10101
10101001
010101
101010
1010101
1000101
01010101
010101010
0101010010
0101010
001001010
001010010
0101010
010010
101010
0101010
11001010
00001010
0101010010
101010
10100010
1010101
01001010
10010010
0101010010
101010
0101010
01010010
101010
10101010
001010010
110010
1010010
0101010
0101010
01010010
01010010
011010010
0010101010
0110001
10001101
1010101
01010101
010101
01010101001
010110010
0101010
0100101010
01010101
0101010
0110010
01010101
100010101
0010101
01000101
0101001010
01110010
001001010
100010010
101010
0010101010
00101010
11101010
00101001010
00010110
010011010
010101010
000101010
00101010
1010011
10010101
011000101
0101010
101010
010101
0010100100
0101010
101001010
010101010
10101010
00101010
0101010
01010010
1000101
01101001
0101010
10001010
0100001010
010110010
10010010
101001010
010010010
01000001010
0110010
10011010
01010101
10101001
000101010
010101010
1010010
0101010
1010101
01100010
010010101
01010101
100101001
010101001
1001001
01010101
100101001
1010101
010110
1001010
010101001
1010101
100010101
010010101
10110101
1010101
01010001
010100101
100010101
101010101
01001010
01010010
001010101
01010101
01010
10001010
010101001
0111011
01010101
0101001
01010010
001010010
001001010
01001010
10100101
001100101
001001010
101001010
0010101
0010101
10101010
01000001010
100101010
100101010
100101
01010101
101001
0000101
101010
01010010
0010100100
010010010
01010010
1010010
10010010
0101010
01010010
10010010
1001010
0101010
010100101
01010101
01001010
010101010
0101010
01001010
01010010
01010010
00101001
10010001001
0010101
010100101
00101010
101001010
101010
00101010
100010101
0010010010
0101010
001001010
01010011
1010101
01010101
010101
1010101
01001010
10100101
0110011
10100101
010101
110010
001001010
01001010
010010
10001010
100001010010
01010101
00100101
1010010
00101010
1011010
010101001
01010011
1010101
1010010
001010010
0101010
01010010
10101010
10010101
01010
101010
1010101
01010101
1000101
00101001
0100101
101001
11001010
01010010
101010101
1001001001
01010010
0101010
1001001
00100101
10101
0101101
00101010
01010010
00101010
010101010
10010010
100101010
100010010
0101010
01010010
1010101
0101010
010010010
001010101
010101
01010110
101010
01010101
10100101
1010101
0101010
10100110
1001001
0101010
0010100010
0101010
0010101010
01001010
1001010101
011001
0010101
1001010001
10100101
01001010
01011010
0010010
1001010
0101101
1010010101
10010101
010101001
0100101001
1010101
1010101
01010101
01001001
0100101
10001001
10100101
0101010
010101010
0001101010
00101010
10010010
01001101
10010011
10101010
010101
010010101
1010101
10101001
01101001
01010101
1010101
1010101
00101010
10010010
1010101
1010101
0101001
1010101
00101001
10010101
010101010
000100010
000010101
1010101
000101010010
0101010
0101001
10010101
01001101
01010101
0101010
10101010
1000100101
1010000101
0101001010
00101010
0010101
0101001
11000100
01010100
1011010
1010010
01010101
00100101
01010010
01010101
1010101
000010101
1001010
100101
01010101
010101
10001010
010101001
010101
01010101
010100101
0010101
0101010
001010101
100110010
1010000010
00100101
010110
010101
01001101
0100110
0010010010
1010101
011100101
0000100101
01010101
010100
010101010
1010010
10010110
1010101
01010001
01010101
0111010
01010101
0100101
0010010010
10010010
10001010
001010101
010010
0101010
010101010
100110100
010101010
010010
10101010
0100100010
1010010
01010010
0101010
1010101
101010001
010101001
1010010
0101010
10001010
100100010
00101001
01010001
10101010
00101010
10100100
01001010
0101001
01010101
0101101
0101000010
00101001
01010101
01001001
01010101
01001010
0010100001
0101010101
0101010
010001001
0101101
0100101
010101
0101010
0101010
10010001
1010101
101010
0101010
1010101
010101
010101
010110001
100101010
0101001
10101001
101001
10101010
10101010
010101001
0000010101
10010101
10100101
0101010
0101010
01001010
0101010
10101010
00101010
01010
01010101
010110010
1010010010
00101001010
010101010
0010101010
01000101010
101001010
010101010
0101010
1010010
101010
0101010
0100101
01101001
01001101
0101010
10101010
1010010
0101001
010010101
101010
0010110
0101010
1000100
01010101
100101
01010010
0101010
011010
0010010
01010
01101001
0101001
101001
101010
010101
001001010
0101010
101001010
101010
010010101
001011001
1010010
101001010
001010101
10010011
010101010
0100001010
01110010
01010010
00010110
10101010
10101010
010101010
0101001
010101
01011010
101010010
0101010
0101010
1010010
100110
001010101
0011001
010110
10101010
10010101
010101
01010010
101001010
010010101
0100100101
001010110
001010101
1010101
010010101
010100101
01001001
0101010
10100001
0010100101
101000101
00101010
1001010
0101010
100101010
0101010
10100001
10101001
0100101
100010101
10010001
101001
0100101
0100101010
1010101
1010010
0101010
001010101
01010001
010010101
0101010
10100100
1010100
000110010
1010010
10101010
1010010
0100101
10001001
1010010
00101010
10101010
101001010
1010010
1001010
010101010
0100101010
0100010110
101010010
0100011
001001001
01010010
0101010010
101010
01010010
00110010
101010010
010100110
0010010
10100101
01000011
00101010
10101010
010101010
001010010
10101010
01010101
001010101
1010100101
0100101
1010101
1001010010
1100010
0101001
01001001
0101010
010010010
1010010101
01001001
01010010
100100010010
1010010
001010010
10010010
101010
100101
00010101
0101010
0100010
0101010
101001010
001001010
001001010
01010
00101010
001001010
10010101
010101010
001010010
1010101
11001
00101010
10010010
01010101
0100101
01010101
101001010
10110010
00100001010
1010101010
0101001010
010010010
0010010010
0101010010
001001010
0010010010
10101010
0011010
0100101010
101010010
1010010
1010010
010010
0101101
001010001
01010010
0101001010
01010010
0101010
0010101001
01010101
1010101
01010101
01010101
0101010
0101010
001010010
1001001010
1010010
0101001
01010111
010101
0010100001
01001010
101001010
101010
001001010
0010101
0101001
01010101
010010101
1001010
00101010
010010010
1010010
001010010
001010010
01010101
101010
10101010
01010110
01010101
1010101
010001010
010101010
0101010
0101010
0101010
0101010
1001001
010100101
01001010
10101010
011010010
01010101
00101010
010101010
00100010
0101010
00110
01010010
01010101
011000101
01001
10100101
1010101
00100101
01010101
000101001
010010010
01011010
010101001
010100101
010101
0100101
100010010
011010010
101001
0101101
0101011001
01010101
0101001
010100101
0101001
01101001
0010101
011101
01010010
10001010010
010101010
010101010
0101010
0101010
0101001
1010101
1001010
100101010
010010
010101010
10101010
10010101010
0101001
01010101
0010101
11101010
010101010
001001010
010101010
10101010
010100101
1010101
1010101
10100101
101011
0010101
0101100
01010010
1001010
1010010
10010010
1010010
01010010
1010001010
10100010
0101010
01010
010110
10101010
0100110
010101010
101001010
0100010
0101010
01011
0100101
10010100
00101010
01001010
01010101
01010101
1010101
000001100
01010100
1000101
010100101
110010
10101010
10101010
101000110
0101010
01001010
01011001
0010001
0101010
1000001010
0101001
1001010
0100110010
0101010
010010
00101010
01001010
010100101
101010
0101010
100100011
0101010001
1010101
0010101
0101010
0101010
01010010
001010010
101010
100100101
1000101010
10010100
00110101
0101001
01010101
10100101
00101010
0000101010
1010100
01010100
10101010
00010010010
00110
010010010
0100101
1010101
01001010
0101010
0100101
101011
01010010
1001010010
1010101
0101010
0010110
0101010
01000101
010101
0101001010
001010010
0101010
101011
01010010
10101010
10010001001
010101001
00101001
01011001
00101001
001001001
101010
01010010
0101101
0101110
01001010
1100010
01001010
1010010
10100101
1010101
0101010
1010010
0100001
01001010
0101001
100010
1010010
00101010
101010
0101010
101010
0101010
1010101
10100101
0101010
1001010
100101
01010010
10101010
010101010
011011
10010101
1010010
1000110
101010
0101010
10100101
10100101
0100010
01010010
0101001010
1010100110
00101001
01010101
1010010
0101010
101010
0101010
01100100
0101010
01010101
1010101
1001010
01010010
100010100
0100010101
0010010101
10010101
0101010
01010111
01010101
010101
10100011
100101
010001010
01010101010
010100011
010010101
001010101
01010101
01001010
0011010
1000101
0101001
10010
0101010
00010100101
0100101
0010101
101010
100101001
01010010
100010010
0101010
00101001
00010101
01101001
01010101
01010101
010010101
0011010
101010
010101001
0001101
1100010
100100
1010010
00101010
1001010
10101010
01010101
100101001
0101001
10101001
1001001
01010101
0101001
01010101
10101010
0101001010
1010110
1001010
1010101
1011001
100100101
10100101
1000100010
001010110
010100101
0100100101
10101010010
01000001010
001010101
01010101
0001001001
100101001
00101010
01010101
0100101001
101000101
101010
0101010
10101010
10101010
101010
1010010
101010
0101010
10010
00101010
0101001
010101
00010101
0101001
0101001
01010101
0101010
101010010
001001010
10101100
1010010
10101010
01010010
10101010
0101010
001000010
101001010
010101010
100100101
1000101001
0101101
01000101
010101010
00100010010
010101010
100101010
01001010
101010010
010110101
0101100101
01001010
01010010
0101010
10001010
0101010
0101010
011010010
01101010
0010110
0101010
00101001
01010010
0101001
101111
01001010
1001010
010100101
01010101
10001001010
10100101
0100101
0101001
0100010
0101010
01001010
0101010
1010101
010100001
1010010
00101010
0101010
101010
101010
100010
0101010
0101010
010101
0110101
01010101
01010101
010100101
01010101
1010101
01010101
101000100
0110010
001010101
01010011
1000101010
0101010
0101010
0101010
01001001
01010101
010101001
01000101
10101010
01100010
00101001
0100101
100100101
0101001
10101
0110101
101010
0101010
0101010
000101010
01010010
101001010
010010101
00100101
100101010
0101010
01010101
0100101
1001010
10101010
1000010
0101010
1000101
01010101
0100101010
01010010010
0101010
101010
101010
10001010
0101001010
10101010
10010010
010101010
0101010
100001001
1010101
1000101
01010101
01010101
101001
010101
001001010
010101001010
0100101010
1010010010
10101010
10001001010
0100100001
1010101
001010010
10000101010
0101001
01010101
0101010
10101010
001010101
010010101
0101010
0101010
010101
0101010
0101000010
0000100010010
010101001
01010101
10001010
010101010
010010101
00101101
00101001
1010010
010101010
10101010
1010010
101001010
00101010
010010010
01010101
0010101
1000101
010100101
00101010
110010
001001001
01010101
101010
1010010
0101010
010001001
1010101
010101
10011010
1001001010
10010010
00100101
1000101
011010
0101010
100101010
0101010
1001010
101001
100101001
0101010
010010
0101010
00101010
011001
000110001
01010010
1000010010
01010101
10010101
0101010010
10101010
01010101
01010101
101010
01001010
010100101
010010101
0101100
0101010
0101010
01001010
0101010
0101010
1010010
101001010
1001010
010011
10001001
1010001
10101010
010101
01001001
1010101
011001
100100001
1010010
101010
001001010
0010100101
1010010
01010010
0101010
00100010
100010001
0101001
01001101
01010101
10101010
0101100
10010010
0101010
0100101
10101
0011001
01010101
010101
0101001
01101010
01011010
01010010
1000010010
1001010
0010010010
0101010
01010
10010101
010101001001
10010010
00101001010
100101010
0101010
01010101
0110101
100110
0100100101
0101010
1001010
101010
101010
0101010
0101010
0101010
0100110
1010101
10100101
01010010
0101010
1000101010
010101010
00100001010
0101010010
00010101
010101001
10011010
10101010
0101001
01010101
00101001
0010100101
100101
0101101
0101010
010101010
0010010101
0101001
010101
01101001
0101001
01010101
01001010
0100010
01010010
01010010
1001010
01001010
010010010
00101010
010101010
0100100010
010010010
00101001010
01010101
01011001
10010010
001001010
010001010
1010010
010101010
01010101
0101010
01010010
0100010
10101010
0101010
010010010
100100101
010101
010101
0101001
010010010
010010010
110010
0101010
0101010
0101010
00101010
10101010
1010101
100101001
101001
10010100
101010
101010
01001010
10101010
101010010
100101010
0101010
0101010
0101010
10001010
100101010
001010010
10101010
010101010
1010101
01010101
001010101
01010011
10101010
01010010
0010101
001000101
0010110
00101010
0101010
0101010
0101010
0101010
0101010
0101010
100011010
00101010
1001010
00101010010
001001010
10001010
10010010
01010010
1010010
10001010
1010010
0101010
0101010
110010
01010101
1010101
0101010
0101001010
01010101
010101
10010010
1010010
001001010
110010
010011
010010101
0101010
01001001010
010010010
00101010
1010101
1010101
101010
011010
01010010
01010010
1010010101
010101001
01010101
010101
010010101
01010101
101010
0101010
01010101
10101010
010010101
001010101
010101010
00010101010
1000011
0110101
010101010
010101
100101001
1010101
0101010
1001010
0100101010
1010010
00101010
00101010
1001010
0101010
01010010
10101010
1001010
00101010
1010100010
1001010
100101
10010001
0101010
0101010
0101010
1100010
0100110
00101010
1010100
1010100000
100101001
01010101
010101010
10101010
0101010
01001010
11001
1000101
0100010
01101010
0101010
01001010
1001010
01010010
01001010
00101010
10001010
01001010
01010010
001010101
0100010
0101010
00101010
01001010
010101010
001010010
0101001
0101001
101001010
00100010
10100100001
01010101
00101010
100010010
0101010
1010010
0101010
10101010
10100101
01001
0010101010
0101010
10010010
0101010
01010010
10010010
0101010
100100010
01001011
01101001
0010101
010010101
01010101
1010101
1010000010
1010100010
10000101
1001101
010101010
10101010
01001010
1001010010
0101001
00100101
00101010
01010010
01010010
001010010
1010010
0100101
00110010
0101001010
001001010
010100110
0010101
0101010
0110101
01010101
0101010010
0101001010
00010101010
10001010010
01001001
001010101
10010100
0101001001
0010010
1010010
100010010
10101010
0101010
10101010
000101010010
10010010
01001010
101010
0101001
1010101
101010
01010010
0101010
00101010
10011010
10101010
0101010
0101010
1000101010
100101010010
010101001
0101001
0010010010
10101010
00101010
00101010
100110010
10101010
010010
010010110
0101010
0011010
01010101
101010
101001
0100101
010101
0100101
010101
10101001
0010010
1010010
010101010
00101010
100101
101001
01011010
010101010
10010010
101010
01010101
1001001
010101010
0101010
001010010
010010
10100101
0101010
0101010
011010
001010010
10101010
101010
01010010
1100010
0100101010
1010101
1010101
0100101
10110100
1010101
101010010
011001010
101010010
0101010010
010101010
101010
0011010
00101010
10101010
00101001
0011011
0101010
01010010
101010
10011010
100101010
01101010010
001010010
100010110
1010101
0010101
00101010
00101010
0101101
0100101
010101
001001101
0101010
10001010
01010010
000101010
00101010
1010010
01010101
1010101
1010010
010010010
0101010101
0010101
01010101
0101001
01010101
01001001
001010010
10001001010
1001010
101010
010010100
01010010
1001001
0101001
10100010
101010
0101010
01010010
1001010100
01010010
01010101
1000101001
001001010
0101010
010100101
010100001
01001010
1000110
01010110
00101010
001010101
0101001
0101001
01010101
010101
10011010
01011010
11101010
0101010
010100110
01010010
11010010
101010
101010
0010101010
01001010
1000101
100100101
01010101
01010101
1000101
01001001
010110010
0010101
100101
010100101
1010101
010101001
0101010
101010
0101010
0101010
10010010
0110010
101010
00100100010
0101010
010101010
10101010
100101010
1010101
01010101
10101001
1010101
01010101
010101011
101010010
0101010
1100010
1111010
0101010
10110
010010010
00101010
0101010
10001010
1001010010
010101010
01001010101
10001010101
10101010000
101001010
001010010
0010101010
0010101010
00001010
01010101
010101001
101010
100101010
10101001
001010101
00101010
01010010
001010
00101010
0101010
0101010
100110
0100101
010100101
01010101
10100101
01010101
10000110
100010010
011010
00101010
01001001001
1101011
1010101
1001001001
1001001010
0101001010
1010101
100101001
1010010
01010010
01010101
010101
1010101
001010101
01001010
10101010
0101010
011010010
01010010010
0101001010
0101010
10101010
01010010
000010010
0101010
1001010010
0101010
0101010
1010010
0101010
00101001
101000101
01001010
101010
1010011
10101001
0101010
0101010
0101001010
0101001010
1001010101
10001010001
00101010
0101010
01001010
010101010
1010010
01001010
010010
0101010
10001010
0101010
1001001001
1010101
010101010
0101010
01001001
010010101
00100110
0101010
101010
0101010
101001
010101
10100010
10101
01000001010
00010010010
101010
10101010
01010
100110
01001
00101001
0100100010
010010
0101010
0101010
010101
010101
01010
0101010
0101010
01001010
1010101
01010101
01010101
01010101
0101001
0010101
101010
01001001
001010010
01010010
00100100010
0101010
0101001
01010101
01010101
01010101
000010101
111010
010010010
0101010
0101010
101010
10101010
010010
101010
10011010
01101001
010010101
0101010
0101010
10010101001
001010101
010010
1001010
100101001
10010101
1001001
0100101001
1000101010
0101010010
010110010
10010010
10001010
0101010
1001101
1010101
01010101
01010101
101101
01010101
001010101
0010101
101001010
010101010
001010010
0101010
00101010
010101010
0100101
0110010
00010101
0101010
0101001
1001001
0001010
1010010
0101001
0101101
1010011
101010010
1010100
001101
1010010
0101010
101001
101001
010101
010101001
10101001
0101101
001010101
00101001
10110010
10010010
0101010
01010101
010100101
001000101
0101010
0101010
1010101
10100101
010010101
10101010
01001010
100001010
101010010
10101010
01010010
01001010
0010101010
010110
10010
0101010
0100101001
100101010
01010101
0101001001
1001010
01010
1010010
1001010
0101001
001010101
10101
100001001
0100001010
01010010
0101010
0101010
010101
0010001001
00101001
01010101
1010101
010010101
010101
101010101
0101010
0101010
1010101
010101
00101001
100100101
10101001
010100101
1000100101
010100101
10101010
00010010010
1010100
1010101
001001
0010101
000100101
010101
0110101
1010101
01010101
01010101
01010010
01001010
100101010
00101010
01001010
0101010
010010101
00101001
10001101
01010101
10100101
010101001
10101001
010010101
101010
10101010
0101010
01010010
010010010
100010010
00100100101
101010001
101010001
01010101
010010010
10001010
0101101
101001
1010010
010101010
10010101
010100101
010101010
010101010
0101010
100101
01010101
101001
00101001
1010101
1001010
00101010
0101010
01001010
10101001
100101
10101
010101
01010010
1001010
010011010
0100101
00110010
0101010
10001010010
100001010
0010001010
101001010
0101010
000011010010
10001010
01010010
10101001
01010101
100101010
00100101010
01001010
00101010
0101010010
01010110
01001010
0010100010
00010001010
101010
101010010
00101010
0100110
00101010
010101010
000101010
10101010
01010100
101001010
101001010
100101010
001001010
0010010010
1001010
010101010
1001001010
01101010
011010
01010101
100010101
01010101
10100101
0000101010
101000010
0101001
011001
101010
10101010
1010100
010101001
01010010
0101010
10010010
1011010
01001001
100010101
100010101
1010011
01010101
01010101
11101010
10101010
10010010
10101010
0101010
01001001
010010
101010
0010010010
00101010
1001010
101001010
010010
001010
010100010
001010010
0101010
0101010
1010001010
010101010
01010010
0101010
01001010
1011010
10101010
0010101010
101010
0010010010
01001010
0101010
10010010
101001010
0101001
01010101
1001010
0101010
101010
10101010
01001010
0110010
101010
01001010
101010010
000101010
0110010
0101010
01010
0010101010
010100101
1010101
1010101
10101010
0100101
101001
0101001
0101011
01010
100101010
0101010
01010101
010110010
10101010
01001010
0101010
101010
0101010
001001
010010101
0101010
0101010
101010
1010101010
10101
0010101
101011
01010101
01001001
010101
0010100010
01010101
10100010
0101010
0101010
01010010
0101010
100100010
0101010
0110101
0101010
10010
1010101
1001010
0100101
101010
1001001
1000100
100010101
010001001
10101010
100101010
0100101
010001010
010101001
0010101
00010101
0101010101
0101010101
0101001
1010101
010101
100101
100101
0101001010
01001010
01010010
1010010
010101001
010100101
10010101
010101
01010101
01010101
010101
01010
01010010
0101010
00101010
001001010
10101010
101010
101010
0101010
001010010
0011010
1010101
010101
1000100110
101001010
1001010
0101010
101001
010101001
101010
0101010
0101010
01010010
0101010
01010010
1001010
01010010
100101
0100101
0101010
10010100100
010101010
1001010
01001010
00101010
101001
00100101
10101101
010010101
001010110
10010101
00101101
00101001
10101
010101001
0101010
0101010
0010101
010011
0101011
1010101
1010010
01001010
001010010
00100101010
00100101010
001001010
0101010
010110
010101001
0010101
10010100101
010010101
0100101001
01010101
10010010
0101100
1010010
00101010
10101010
10010010
01010101
01010001
010010101
01010101
100001010
001001010
011001
1010101
100101
0101001
01011001
1010101
0101001
01010101
001001010
0100101010
1010110
010100101
01101010
101010001
101010
01011001
1010010
110010
001010101
01010101
1001010
01001010
10010010
010010010
10101010
010101
1010010
010101010
1010101
001000101
001001010
0101010
01010100010
01001010
01010010
101010
010101010
0101010
1010101
01010101
010010
0101010
10100010
01010110
0110010
10101010
00101001
01010101
10100101
100101010
01011001
001010101
101011
0010101001
101010
10100010
0101010
01010010
11000100
0101010
01001010
0101010
01010
001010100
001001001
010100101
10101
01010101
01010101
10100101
101010
110010
101010
1010010
0001010
0100000010
100000101
010000101
010010
0101010
01010010
100101010
010100010
10101010
01001001
010100101
01010101
00101001
10010101
101011
001001
0110101
100101
1010101
010101
01010010
01010010
0111010
010101
10101010
100010
0101010
0101001
00101001
00100101
1010101
101010
0101010
101010
101010
0101010
0101010
010101
010100101
01001010
1010010010
010010
0101010
101000010
01010010
01010010
101010
101010
101010
010100101
01010101
1001010
100010010
001001001
01010101
0100110
10101010
010101010
10101010
1001010
0100100
100101010
0101010010
101010
101010
0001010010
101001010
00101001
010010
10100101
1010101
1010010010
1010010
10101001
0101001
01001010
1010010
01000001010
101001010
100101
01101100
1010010
101010
01010010
101001
0101010
101010
1010101
1010001
011011
01010101
1010010
01010010
0101010
1010101
010101
0101010
0101010
101010
010101
01010
1010100010
00101010
00101000
01010101
010111
1010101
000101
0100101
0101011
0100101
10010101
0101010
0010101
10010101
101001010
101010
010011
01001101
10101010
0101001010
00101001
01010101
00100101
0101011
0010101
100010010
011001010
00001101010
010101001
0100101010
0010101
0101010101
01011001
1010101
0101000101
00100101
10101
0010101
0101010
1001010
0101010
0101010
010010110
010101010
01010101
10101001
01101010
10101010
01010101
00101001
0100101
001010101
1010101
1010101
01010010
0101010010
0100100101
1010101
0101101
010011
1010010
01010010
100101010
0101010010
00010101
100100101
010010101
10100101
010101
10101
010101001
0101011
010101010
001010010
10100101
1010101
10101010
010011010
101010
0010010010
01001010
01010110
0101010
001010010
0101010
0010101
0101110010
0101001010
100110010
0101010
100100101
01011001
1000101
0100101
01010101
0101010
1011010
100101010
100010101
10000000101
0101001
1101010
101001
1101001
00101001010
010101010
0101001
10101011
010010010
0101010
0101010
10010010
100101001
0010100101
10101010
0101010
0101001
10011001
0101010
010001010
10101010
1010011
1001001
0010101001
101010
0100100101
101010
00101010
00100101010
010101
1001001
1010101
1010010
0101010
0010010
0110101
10101010
0101010
101010
1010101010
10101101
1001010
0011001010
010101010
01010010
10101010
010010010
010010101
0000101
01010101
01010101
010100101
10101010
0010100010
101010101
100110101
1001101001
101001000101
00010010101
0101011
010010010
10001010
01001010
10101010
1010110
01010101
0010101
00101001
010010010
01001010
0101001
1000011
0010101
1010100
0101010
101001010
10000101
000010010
1001010
10101010
01010010
0101010
01001001
1001010100
001010
010100101
010101010
00101010
001001010
10010010
00101010
00101010
000010101001
010101011
011010010
01001010
100101
1010001
0101010
10010010
01100101
0011010
0100101
1001010
01101010
0000100010010
010010101
0010101
101010010
0101010
101010
0010100010
1010010
01001010
01010
100101001
01010101
0101001
0101010
100101010
0101010101
10010101
01110010
0101010
10101010
010001010
01010101
1000101
1010010
1010010
010101010
100101010
0101100
100101010
10100101
100101001
1010010
000101010
10101010
00101010
0100101
101001
100001010
0101010
00101010
10101010
01011001
100100101
01010
010101001
1010010
10100010
010010101
010010101
01010
1010101
01010101
10101
0100101
101000101
1001010
101010
1010101
0010101
0101010
101010
1010010
0101010
10010010
10110010
01001101
100101010
01010101
0101010
0101010
01010010
01010101
0010101
01010011
010101
1010010
011011
0100101001
101010101
010101
101101
0101010
101010
01010101
0101001
00101010
1010010
0110101
00101001
01001010
010100110
1000010
1010010
0100101
01010101
1010101
100101
101001
1010101
1010101
0100101
010101010
01010010
100010010
1010010
100101
10001
100101
101001
1010010
00010010
010010
1001010
010001001001010
01001010
0101010
01010010
10100010
101010
0100101010
0010010010
1010101
010010101
01010101
1010011
010110
1010010
1010101
1010101
00010010
0000110010
101010
101010
10010010
10101010
00101001
101101
001010
0101010
010010010
0101010
010010010
0100101010
00100101
101001
1010110
01010101
001010011
01010101
01001010
01010010
10010010
00101010
010101001
0010101
0101010
101010
10010010
0101010
101010
0101010
0101010
101010
00101010
001001010
101010
01010010
101010
0101010
00101010
0101010
01010101
1010101
100101
01010101
10100101
0101001
01010010
0101010
1010010
1001010
0101010
10010010
0010110
0100101
10010010
00101010
010100101
10010101
01010101
010010101
000110
0101010
01010010
01010010
101001
1010010
011010010
010101010
101010
0101010
101010
0101010
10101010
01010010
010010
0101010
0110101
10100010
1010101
01010010
0010101
10010101
1010011
10100101
010010
0101010
01010010
010101010
010100010
1010010
101010101
01010011
010110
1010010
100110
0101010
0101010
01011010
01001010
0110010
101010
1001010
1010111
0100101
0100100001
001001001
101010
101010
0101010
0101010
10101
10101010000
1010010101
0101010101
1100010
10101010
01011001
1001001
00010101010
010011010
010101010
010101010
01010011
0101001
10110010
0101001010
10001010
101010
0100101001
101011
010010010
00101010
01010101
101010110
010101
101011
0101001
0100101
10010010
0101010
010101
01010101
10100110
1001001001
00100101
010101010
0101010
0101010
00101010
00101010
101010
0101010
0101101
010110
1001001
001010
1010101
1011001
01001010
0100000010
1010101
001101001
01010010
1010010
1100010
00101010
1001010
010101010
10100101
10010101
01001010
001001010
0100010101
01010101
101010
000101010
01001010
0101010
101010
01010010
01010010
10101010
1010101
01010101
01010110
1010101
01010101
0101001
101
1001001
01010
101010
01010101
00101001
10010101
0100100101
10101010
01010110
0101010
010010
0101001
010100101
01010101
10101001
01010101
01010101
01010101
101010
1010010
10101
1001010
001001010
01010010
01001010
000110
0101010
101001
010100001
00101010
0101010
1010101
10100101
010101001
101010011
10101001
0100101
010011001
10001001
01001010
10101010
100101
0010101
101001
01011001
0101010
10101010
01010101
101010
010100101
1010101
0101011
01010101
0010100100
1010101
101010
100101010
10001101
01010101
001001010
0010100010
01010101
001010101
1010101
0101001
1010010
0101010
00100101001
0101010
1001010
0101010
01010010
001001010
1010010
010101010
01101001
0100100101
01010010
010010010
010101001
1010101
0010110
0101010
01010101
010101
010010101
0110101
1000101
01010101
01100101
0010011001
1010101
0101011
0110101
000010101
010101
0110101
001101
01010101
101010
0110010
100101001
0101010
011001010
0101010
01001010
010010
00100101
01010010
100101010
01101010
010101010
01001010
1010101
010010101
1010010
01010010
010101000
01001001
001001001
01010001
01010
00101010
010101010
01010010
101010
101010010
10101010
01010110
01010100
010010100
0101010
0101010
00110010
00101010
00100101
01010101
100101010
001010010
01101101
1010101
00101010
10101010
10101010
010100
1010010
1000101010
0110101
001010100
0010100110
01010010
00110010
101001010
01101010
0101010
0100101
101001
0110101
0101001
1001010010
010101010
000001001
010101
10010010
0101010
1000101
010100101
00100101
0110101
00001010
10101010
10101010
0010100
010101
010101001
010110
0101010
01101
01010101
101010101
0101010
01001010
100101010
0101010
10010010
01100101
0100101
0101010
0010011
01010
1001110
0101010
001010010
1010010
010010101
0111010
0101010
0100110
01010010
0011010
001101010
101010
00101010
0110010
110010
010101010
0101001010
0101010
0101010
01011010
01001010
01010100
000101010
101001
00010101
01101001
0010101
0101010
1001010
0001010010
0101010
101001
010010101
00011000100
1010101
10100010
0101010
01000101
011011
100100101
10100101
10010001
101001
01001010
0110010
10101
11011
100101
101010
1010101
010010001
0010100101
001010001
01010
010110
01001101
01011
00101010
10101
010101101
010101
1010010
0101010
1001010
010101010
1100101
10100101
10100101
01010101
10101001
01010101
1010101
00101001
101001010
10100101
0101010
10101010
1010010
10011010
011100
00101010
0100101010
1000101010
01010101
100010101
1100101
010101
10101
0101001
010100101
01010101
101010
101010
100100101
0101001
01010101
101010101
010010110
100100110
10101
01000101
0101010
01010010
0001010
010010010
0101010
101010
101010
0100101010
001001010
0100101010
01010010
10010001010
00010
1001010
01010101
01010101
01010010
1010010
0101001
01010101
00101010
001001010
010101010
101001010
10100101
010101001
010101
01010101
0101011001
01010101
10010
1001010
110010
0101010
010101010
010110010
101010
0101010
1010010
101010010
0100101
00101001
010110
10101010
01010010
1001010
01010101
1010101
0101010
01010101
1010001
100101
10001010
0101010
000101010
0100101010
01010101
1101010
010101010
0010001010
1010010
00101010
01010010
1010010
101010
101010
0101010
0101010
10110
0101010
0101001
1010101
101001
101000001
01001010
10101010
0101010
10010010
010010
00101010
01001001
01010101
01001101
101001
0010101
01010101
01101010
0101010
101010
010100010
0101010
1010101
01010010
01001010
0100101
0010101
0101010
1001010
011001
00100101
101010
1000010
1010010
0101010
100101
00101101
0101001
00100101
1010101
0101010
100100010
01010010
01010001010
010101010
101010
0101010
01010101
10001010
0101010
101010
0101010
0101010
0101010
0101010
001010101
01001001
0100101
010100101
01010010
01010010
010100010
010100110
01010101
1010101
01010010
10001010
0100101
1010101
101010
10100010
0101010
101010
00101010
0101010
1010101
0101001
0100110010
010101010
0101010
10010010
10101010
00010110
010101001
0010101
01010010
0010001010
010101010
01010101
00101010
1001010
101010
0101010
0100101
0010010101
10101010
1010010
01010010
010010010
00101010
010101010
00101001
01010101
011010
00101010
010101
10010101
101010
01010010
10101001
1010101
0010101
0101001
100101010
1010100
010101
01010101
0101010
1010010
01010010
10010010
0100100010
000101010
000101010
01001010
0100101001
10101010
010101001
10010101
00101010
01001010010
10010010
0101110
1010101
01010101
0101010
100101010
010010101
10010101
1010101
010101
01010101
1010101
0100101
01001001
011010
1001010010
10101010
10100101
0101010
01001010
01001101
010010101
1001010
010101010
101010
10100010
101010
0101010
101010
01001010
100001010010
001010010
0010101
101001
01010011
0100101001
01010101
010100101
01010010
010101010
0101001
0101001
01010101
01010101
101010
10100010
1001010
01010010
10101001
10101010
100100
0101010
101010
10010010
01010010
01010010
1011001
1010101
1010101
01010011
01010010
01010010
0101010
01001010
010101010
10000010010
1000101
010101
101001
010101
0110010
01001010
01010101
0010101001
00100010
101001010
010010010
1010001010
10100101
01010101
010110
01010101
1010101
0101001
0100101
10100101
0101010
01010110
0101001
100110
10001010
01010010
1010010
0101010
01001010
010110010
101010
01010010
100101
01010101
01010101
010101
0101010
0110010
010010
101010
101010
10101010
1010010
00100001010
101010010
01010010
011011
001010010
01001001
0010101001
1001010
1001010
10101010
010101
01010101
01010101
101010
1010010
0110010
010010010
101010
01010010
0101010
0101010
1110110
10101010
10101001
0010101
101010
0101010
1010101
010101
1010101
100100101
10101
10010101
000101010
0110101
010101
011010
01100110
001010110
0100101
010100101
101010
01010101
1001010
010001010
0101010101
010010101
0101001
10100101
0010101010
0101001010
000100001
10100101
1001010
01001010
01010101
01010101
1010101
00100101
01010101
001011
0101010010
010101010
10110
0101010
10101001
1001001
01010010
1010100
101010
011100010
010010010
010110010
1010101
1010101
0010101010
10101010
0010010101
00101011
010101
001001010101
100101010
01001010
0100101010
01010010
01010010
011010010
0101010
001010010
10010010
000101010
0101001001
01010101
101001
0101001
001001001
10010101
010101
01010
101010
0101010
01010110
01010101
001010101
100100101
101010
1001010100
1001010
101010
100101
1010101
0101101
01010101
100010010
01010010
1010101
101010
110010
0101010
1001010
01010010
0101010
01101010
1010101
10101001
1010101
010101001
0101010
01010110
10001001
001010101
00010100
01001010
010101010
0100010
10101010
01010010
0101010
010101010
0100001
010101001
1001110
0100110
001100101
01010101
101010
1010101
00100100
000011010
0100101
010010101
01010101
101101
0010101010
0010010010010
010101010
010101010
0101010
01001010
01001101
010101
101010
00010101
11001001
1010011
0101001
010101
01101001
0100101
01011001
010101
010101
1010101
1010010
0101010
101010010
0101010
1010101
00101011
101010
010010010
1001010
01010010
10010100
10010100
10101010
01010010
1010101
10001101
00100101
011001001
10010011010
100010010
01010010
01010010
0101010
101001010
1010101
01100001
1001010
10001010
1001010
010101010
001001010
00101010
01010101
10101001
0100100100
1010100100
1010101
010101
01010101
01001010
00101001
0101001
1001010
0101010
1001010
1010010
01001010
0101010
1000100101
010010101
10001010
010010010
0101010
100100010
10010010
0101010
1010010
001010010
00101010
1000101010
010101
1010101
1010010
01010010
0101010
0100101010
001001001
10100101
0101010
0101010
011000001
001011
1000101
0001001101
100101010
01001010
0101010
010010010
0101010
00101010
00101010
1001010
010101
0101011
0101010
10010
0101001
01010010
0010010110
0100110
01010
0101010
010010
0101010
10010010
0100110
00101001
0101001
01010101
1101101
01010101
10100101
0101010
00101010
1001010010
01001010
011010
01010010
101010
01010101
0100101
01010101
010101
10010101
0101010
1001010
0101010
01010010
010011
01001001
010101001
101010101
001010
1001010
010010010
01001001
0101001
0100100101
01101001
0101001
01010101
0101010
010011
001010
01010010
010101010
01010101
101010101
010101
101001
0101010
10001010
0101010
0101010
010010
0101010
1000101
0010101
00100101
1010101
001010010
010101010
00101001
010010
01010101
101001
010101
1110101
00101101
010110
001001
0100101
01011001
0011001
01010110
01010101
010110
10101010
101010
10100101
1010101
0100101
010101
010101
0101001
0101010
10100101
01010101
011010
00110
0100101
10001101
0101010
11010110
101010
10101010
0101010
101010
1011001010
10010010
010110
0101001
01010110
10101010
00101010
100010010
001010101
0010101
100010101
00100101
0101010
1010101
010101
01010101
0110110
01010101
10101001
1010101
010101
01010101
0010101
000101
1010101
0101101
0101010
01001010
010100101
01010101
010100101
0010101
10101010
01001010
0101010
0101010
010101
0101001
0101010
0001010010
01001010
0101010
10101
01010101
0101010
0101010
010010010
0101010
101010
01010110
001010010
0101010
101010
01001001010
010101
100010101
01010101
00010101
101001
010011
101010
01010010
010101
0100101
100101010
0101001010
001001010
001010010
00101001
010101
10010101
10100101
10101001
1010101
0000001010
00101010
010101010
0011000101
00100101
01010101
01010010
10101010
001001010
01010010
1010101
0101011
001001001
0101001
010010010
10101010
1010101
01010101
010010010
101010
01010010
00101010
1010010
01010010
01001010
10101010
01010101
1000101
010101
010001
0101010
01001010
101010
10101010
00100101
01010101
10010
01001010
1001010110
00010100101
1010010
0101010
01010101
01010101
1010101
1001001
10011010
10101
101010
01001001
101011
001010001
0101011
010101
100101
01010101
0101010
101010
0101010
0101101
00101101
101001
01010010
00101010
0101001
000110001
1000101
0110101
01010101
10100101
101010
01010010
101001
010101
1010010
101010
010101010
011001010
01001101
1010101
0010101
1010101
010101010
1010101
00010101
010101001
01010100101
010010101
010101
1010101
010101
10101
0101010
01001010
0101010
101010
100101000010
01001001010
01010101
010010101
011010010
00101010
0101010
0101010
0001010
101000010
010110010
00101010
101001010
1010010
0100101
01010101
101010101
0101001
010101010
10100110010
010100010
01001010
01010010
0101010
01010010
0101010
01010101
010100001
0100101001
0101001
0101010
1011010
100101
01010101
01010010
10110010
0101001
0100101
10101001
100101
01010101
001001001
01010010010
10101010
00101001
00100101
010100101
010101001
010101
101010001
0100111
10100101
0101010
01010010
1001001010
010000110
00101010
10101010
01001010
0101001010
0101010
10101010
0101010
10101010
0100100101
010010101
010001010
000101010
01010101
0100101
0101001
0110101
01010101
0010100101
00101010
010101010
010010
0101010
010101010
010101010
101010
0101010
10101010
001010010
0100101
1001001
1001010
0101010
00010001
010111
01010101
101001
100101001
0101010
01010101
01001001
10101010
01010
0101001
1010101
01010101
0011010
101010
101010
1010101
0110101
1010101
1010101
01001010
0101010
1010100
01010100
010100101
001010101
010010
01001010
0101010
0101000
0100101
1010101
1010101
0100101
00101010
010101
10101001
0101010
010101
01001001
01010101
010001101
10100101
010100101
0010101001
0101101
01011010
01010010
0000101
0010101
0101001
010101001
0101110
10010101
00110010
1001010010
00101010
001001010
01010100
0101010
010101
1010101
010101001
01100101
101010
10101010
10101001
0100101010
1010101
10001001
00101010
01001010
011010
0101010
1001010101
01011001
011010010
0101010
1010101
100100101
10101010
010101010
010101001
100100010
11001001
0101010
001010
1000101
010100101
1010101
010101
100101
01010101
10010101
101010
01001010
101010
1001010
1010101
1010101
01010101
101011
0101010
00101010
100100001
1010101
00101010
10101010
0101010
110010
0101010
0101010
0101001
01010101
011011
1000101
0100110
0100101
010100001
001010101
1010101
01100101
00101001
010101001
101001
01010101
0101010
01010010
100101
0010101001
010010
0101010
0010010010
10100101010
01001010
101010
010101
010100101
010111
1001001
101010
101010
1010101
100101010
01010010
010101010
01011010
10101010
01010
0100101
1010010
01010010
101010
1001010
01010010
010010
0101010
101010
1100010
10010010
1010010
01010010
1010010100
010100100
010010101
0101101
0110101
01010101
0110010
01010010010
01010101010
001010010
1010101
1010101
0010010101
0100101
1001010
0101010
10110
1010101
0101101
0101001
0100101
0100101
01001010
110010
01001001
01010101
10010010
110010
101010
01010010
01001110
0100101010
10100101
0100101
0010101010
010101010
010101101
001010101
10101010
0010010010
10100100101
0101010
0101010
01010010
00101010
1010010
0010010101
01010101
01010010
101010
00101010
0101001010
00101010
0101010
10100001
01010101
0101010
0110010
0101010
0101010
001011001
1010101
01010101
100101
010101010
1000110
101010
01010
01100101
101001
010101010
00101010
01001010
10010010
01001101
01010101
101001
0101001
1010101
1000101
101010
1010101
010011010
0101010010
0101010
010101010
1010101
0101010
010010101
1111001
01010101
01010101
0100101
1110101
01010101
0101010
0101011
1001011
100010101
01010101
0101010010
00101000010
0101010
0011001010
0101001010
0101010010
010010
10101010
10000010
00101010
10101010
0101010
010101
0100101
01010010
01001010
0101010
0101010
1001010
00101010
0101001
010101
101001
01010101
0101010
0101010
1010101
0100101
010101000
0010101001
01010101
01010101
0101001
10100101
01010101
1010101
100101
010101
0010101
01010101
0100101010
01010010
101011
00101001
010101010
0101010
101000010
100101010
10100101
10100101
1010010
1010010
10010101
01010101
01010010
0010100101
01010101
01011001
10010101
1010101
0100101
1010101
100101001
00100101
101010010
0101010
010101010
0101010
0110010
0100101010
10001010
01010010
01010010
0110010
01010101
00101001
01010101
001100101
0101010
01010010
0101010
0101010
01001010
10101010
0101010
10101010
0100101
01001001
1001010
01010010
001010001
010101001
001001010
00010101010
1010101
010101
0101010
0101010
1010101
0100101
01010010
110010
010101010
1010010
0101011
0101001
101001
0101001
10101001
0101001
01010010
100101010
101010
0101010
01010101
1010101
010010
0101010
001001001
01010101
001001010
010110
0101010
010010101
10011010
010101010
0101101
0101001
010101
0101101
101010010
0101010
1010001001
0101011
10101010
0101010
1001001
0101011
01010101
0100101
0010101
1010010
01010010
100010010
1010101
0100101
10010101
000010101
010010100
100010101
00101010
0101010
00101010
10101010
1010101
1010101
0100101
0101011
01010101
101001
1001010
0101010
0101010
011010
101010
01001010
0101010
00101010
01010101
0100101
1110010
10001010
010100110
01010010
0101010
0101010
01010010
01010010
0100101
01010101
000110010
010101010
01010101
0100101
01010010
10010010
001001010
10000010
10010101
01010101
100101001
010101
010101
010100101
010100101
010101001
0101010
0100100101
010100101
0100101
011001
010101
010101
10001010
10101010
01010010
0101001
101010
1010011
010001001
1000001
010101
101010
10010110
001010
00101010
010010010
01001010
10010010
00100101
0101010
001001010
01010010
001010010
1001010
1001010
01110010
010101010
01010010
000101010
1010101001
01010101
1010101
010101010
01101001
001010101
10101010
0101010
10100101
0101101
01010101
001010101
010101
0101001
010101
010101001
01010101
0101001
101010
1010101
011010010
0010101010
00101010
0100110
001010010
001010010
0101010
101010
101010
01010010
01000101
0101001
010101010
10101010
10100001
01010101
01010010
0101010
0010101010
1010100010
101010
0101010
1010101
0101010
101000011
01010101
100101010
0101010
101010
101010
010101
01001001
100101
101001
0101001
1001001
1010101
1010101
01010
0101001
010101010
01001010
100011001
011010101
010101
10101001
010101
0100101
001010
0101010
00101010
01010010
0110101
010011
010101
010101001
101001010
1010010010
10101
0101001
011010
10001010
101000101
01001
01010101
100101001
01010001
1010101
010101
1000101
01010101
1001101
0101010
01010010
101001
0010101001
01010010
1010010
1010010
10010010
01010101
001010101
1010101
001001001
0101010
01101010
010101
01001001
10101010
10100010
101010
10010010
0101010
101010
0101010
0101010
010101010
01010101010
01001010
0010110
01010101
010101
10010
010101010
01011010
0101101
010011010
0101010
010101001
0101001
001010011
01010101
010100101
1000101
0101010
0001001010
0101010
10101010
101001
00100101
11011010
0101011010
1010101
010101001
0100010
0001001010
00101010
0101010
00101001
0100101001
001010010
0101010010
0100110
0101010
00011010
010110010
1010101
010101
1010101
0010101
101001
01010101
01010101
101001
0101010
10001010
01010010
100101010
01010010
01001010
101000101
010101001
01001001
01001001
0101010
01001010
001010010
0101010
0101010
00100101
01010101
010010101
010010010
00100010
101010
10010101
101001
01001010
1010101
010110
0010001010
1010110
0101010
0101010
0100101001
01000101
01010101
001010001
00110101
01010101
010101
100101
01010010
101010
01010101
011001
0101010
0101010
101001001
0100101
10001010
01010101
1100101
101010101
01010110
01010010
0101001010010
0100101010
1001010
010101010
10101010
0101010
0101010
01010
0110010
0101010
010101
001001001
0101010
1110110
001010101
10010101
10101010
101000100
01010101
10101010
01010101
010101001
01010010
01010010
010100101
01010101
101010
001010010
010101
0100101
01010101
01010101
001010101
01010101
1001001
10001001
0101010
001000101
0100101001
001010101
10001001001
101001000
0101101
010101001
01101011
01010101
1000101
010101
01010101
01010101
0101010
10001001010
10100101
01010101
101010101
0101001
01010010
01001010
010101010
100100101
0101010
1001010
01001010
001010
0100101010
00001010010
0101010
100101010
0010100101
1000101
0101010
10001010
0101010
0000110
100010101
10000101
100100110
0101000010
101010
010010010
010101010
0101001010
001010010
010101010
001010010
01001010
0101001
0101010
0101010
10001010
0101001010
0100110010
0010001010
01001010
0101010
01010101
010100101
0111010
100100101
010101
101010101
010101
100100101
01010101
10010110
10010010
10100010
10101010
1010100
010101001
01010010
0101010
111010
10001010
001010101
100110
1010010
001010010
0101010
0101010010
01001010
0101010
101010010
00101001
10010101
010101001
101010010
10101010
010101010
10001010010
010101
010101
001010101
001001001
