1010100
01010101
100101010
010101010
0101001010
010101010
00101001
1100101
010101001
01011001
10011001
0100100101
010101010
01010101010
01101001
0100101001
010101010
01001010
01001001
01010101
0011010101
0100010101
0100100000
10000101
0101010
01010101
10101001010
0100101010
0010101
010010101
010010010
010101010
0101010010
0100101010
01010101
001010101
0001010010
0101001010
01010101
010010101
1001001010
0101010010
01010101010
001010010
0011001010
0101001010
010100010
10101010
0101001010
0101010010
0100101010
00101010
01010100100
00100100100
010011001
0101001001
01010101
10010101
0110101000
0101010101
000011001
010101001
10101010
0100101001
1010010010
01101010
01010101
10010101
01010001
10010101
010101010
10010010
01010101
0101010101
0100101010
10101010
0110001
01010101
10100101
01100101
0100101
0100100101
010110
010100101
100101010
1000101010
010101010
010101010
1001010101
0010010101
010101010
0101001010
010100101
010100101
010100101
001011001
00011010010
0101001010
10100001
0101010101
001010001
1001010101
010101
1010101
00110101
01010011
01011001
0100101001
0100101110
010011010
010101010
010101001010
10101010
010101010
01001010
10001001010
010101001
01010101
011001001
001010101
101010010
001010010
010100101
101001010
01010101
1010101
01100101
010101001
0101001001
01010101
101001010
01001010
010010101
01010101
01010101
101000101
01010001
010101101
1010010
0010101
100101010
1101001001
010101000
0101010100
00101010101
01001010
010101010
010101010
0010001001
101000101
101010101
0101010101
010101001
01010101
01010101
01010001001
1010110010
1010010010
01001001010
001001010
0101001010
0101001010
10100101
1010100101
010101010
010100010
01001010
010110101
010010101
0101001001
010101010
0000101010
00100101010
01001000010
001010100101
01010101
