010101010
100001001010
1010010101
1001010101
01010101
01001001
0010101
010101001
10101010
10101010
010010101
010100101
1010001010
10000101010
01010101
010101
010101010
0101010
01000010010
101010010
101001010
10101010
10010101
011010
10101001
01010101
00101010
0010101
010001010
10101010
010101010
001101010
0100101
010100101
010010101001
0010101001
01001010
101010010
0101001
001010010
00101010
001010101
100100101
1000101
100101010
101001010
1001001
0101001
1001001
1010101
010100001
10010101
101010010
100101010
10101010
010110010
0101001010
10101010
10101001
0101101
10010101
100010101
1010100100
1010101
01010110
100101010
0010010010
0101001010
10101010
10101010
10101010
010101010010
01010101
0101001
010010101001
101000101
01001010
101010010
010110
01010101
0100101010
0101001010
00100001001
1010000001
10011010010
10101010
01001101
100101001
1000101010
010101010
010101010
1000100110
01010101
01010101
010010101
01010101
01001010
0110101
0010110010
010101010
0010101
00100101001
01011010
10010101010
0010001010
10100010010
010001010
0101001010
1000001010
10101010
0101001
1001000101
10010101
01010101
10010100
01010101
101011
01010101
01001010
010010010
001010101
1010101
010010010
10110001
0010100100
1000101
010101010
0101001010
001001010
0001101010
01001001001
0110101
0101010
10010101
01010101
010100101
0010000101
1010101
10010101
01010101
010101010
001010010
00110101001
010100101
01010110
01001001010
010101010
1000001010
0101010
010101010
1001010100
00101010
1001001010
010101010
1001001010
010101010
0010101001
001010101
1001010010
100101010010
1000101
010010101
01010010010
010101010
01001010
00101010
100010100
00100101
100100001
1010101
01010101
1010101
10100101
01010101
01101010
101001010
001001010
100101010
1010101
100000101
10101010
01100101010
010101010
00101010
0010101010
1001010010
01001010010
101010010
010101010
10101010
0101001010
101010
0101010101
010101
010101010
01010010
01011010
010010010
1001010101
1010101
1010101
01010101
101000100010
001010010
010010010
10010010010
0101010100
01010101
11001010
1000100010
010101010
10101010
10101010
010110010
10101010
101001010
01010101
010100101
10001011
01001001
1010101
10001101
01001101010
0010101010
010101010
00101001010
100010010
0101001010
010101001
100100100
010010101
00101010
010100101
1010101
010101001
01010101
100101
010100101
00100010010
01001001010
0010010100
0101010101
0101001010
10101010
001010010
100010100010
010101010
10001010
01010100
010100010
0100101010
1000110
010010101
100101001
100001010
00001001010
0010100001
10101001
00101010
0101010010
10101010
0001010010
010010010
0100101001
011001001
10011001
01101001
01010101
010101001
10100101
001010010
100101010
00010100110
1000010010
01010101
1010101
10010001010
0100101010
01010101
010100101
00101010
01001000010
1000101010
01001010010
10101010
010101010
1000010010
1001001010
0100100100
1010101
001010101
101010
10010101
0101010101
0001001010
01011010
0101010001
10010101
0010101010
101000010
010100110
100010110
10010101
10010101
101010001
01010101
0101000010
10101010
0010001010
100010010
0010010010010
0001010010
10101010
1001010001010
01001011
001010101
010010101
01010101
011010
01010011
01001000010
00100001010
0100101
0010011
1010101010
10010010
1010101
010101001
010101001
100010101
1010101
10101001
010101010
101000001010
010101010
010010010010
0101010010
00010010010
1010001010
010101001010
101010010
010100101
1000101010
011001010
010101001
101000101
1001001010
0011010010
1010101
0101001
0101010101
010100101
0101001010
100101010
10100101
0010010010
0010010100101
100101000010
10010101010
01111010
100010101
1011001001
010010101
001010101
10010000010
0010010010
011001101
010101010
00100010110
010101010
00101010101
010101001
001010010010
011001010
1010010010
010101010
1001010010
01001001010
1001010101
01010101
00101001
1010101
001001010
01011010
01010101
001010101
0101010010
0101001010
1001010101
100100101
011001010
0001001010
100010011
010010011
100110001
010010101
001010101
1010101
11001001
010101001
1000101
0101101
00101010
01010101010
001010001010
001001010
100101001010
01010010
01010101
01010101
1001010010
101001010
100101001
0100101000101
010101001
1000101
01101001010
10101010
100100101
01001010101
010101010
01001010010
01010101
01101001
00010101001
10010001
010101010
10000001010
01010101
0110110
10011010010
0001001010
01101001
010010101
010101001
001010101
010010010
010101010
0101001101
10001001001
00010100010
1101010010
11001001
110100101
1101010010
1101010000
100010010
00010101010
01001001010
010010010
001000001
0101010100
010100101
00101001
1010101
10101001
010101010
01010010
1010101
01010101
001010101
0101010101
001010010
01010010010
1001010010
0101001001
1001010101
1000100101
1000101010
10010001010
10100101
10101001
101001010
01010010010
10100010
10101010
1000101010
010110010
001010110
0010100100
0100110010
01010101010
10100101
1010101
0101001010
001010010
01010010
0100100010
01000100010
010010010
001001101
0010101
10010011
0101010101
1010101001
01001101
010101010
001010010
001010101
100100101
0010100010
100101010
00101010
1000100010
010010011
010010101
10010010010
101010010
010101010
010101010
10100101
10010110
0101010
1010101
010101001
010010101
01001001
10100100
0010101
1010101
0100101010
0010010101010
10001010010
10101010
0010100010010
01001010
01010010
01010101
101001010
10100110010
10100101
101000101
10100101
010010101
0100101
010010101
0100100101
01001010001
010010101
1000010101
10101010
01011010
01010101001
0110101
01001001001
101001001
010101001
01101001
100100010
01001010010
010100001
10110000101
101001010
00101010
010100101
0010010101
0100101010
0100101010
01010101
100101001
1010101
0100101
1001010
010101010
00101010010
01001010010
10100101
010101000
01001010
010101010
1010101
010101001
101001010
10101010
0101010
010101010
1000101010
0101010
0101001
0100101
1010101
00101001
01010101
1010001
0100001010
101010110
01010101
0101001001
0100101010
10010101010
01000101010
010101010
01010101
0110101
01010101
010101
01001010
1000101010
1000101
1010010001
01000101010
101010010
00100101
0101010001
10101010
010010010
00101001001
010100101
010010101
010010101
1000100101
010100101
010101001
010100101
001000010010
100010001010
01011001
0100100
0010101
01010101
010101001
010010101
1010101
1000010101
10010101
1010101
101010010
001010
01010101
0010101001
0010100010
10101010
100010101
01010101
0010101010
01010101010
01010101
010100101
100101010
10101010
1010100101
001010101
0101001
01010101
100101010
010100101
0101010101
01001010100
1001001010
010011010
0001010101
100010101
01010101
010100101
010100010
00010010010
0101001010
001001010
100010101
100101001
101000101
0100101001
010100100
001010010
1000100101
01100101
0101010
100101010
101010010
001010101010
01001001
010010101
010101001
0010100100
00010101001010
0101010010
011010010
00101010
00101001010
10101010
101000101
1000100101
1010010001
010010101
0001010000
010101000101
01001010010
10000001010
10101010
101010
01010101
01010101
0101010
0010101010
01010101
010100101
001101
0100100
010101010
01100010
01010011
010010100
01010101
100100101
0101011
010101001
01010101
1001001
0101010
0101010010
101001001
100000101
10101
1010101
00101001001
10000101
010101010
00010100010
000100001001
1010010011
01010101
10101001
101001010
1000010010
0010101001
1010101
100010010010
010101010
100011010
001001001010
010110010
01010010
10010010
011001010
10100010100
01000101
101010010
1000101010
010101001
1000100101
010101001
101000101
00101010101
10000101
00101001
00100101001
011001001
10010101
101001001001
10010100101
010000101
1010101
10001001010
01000101010
010101010
100101010
00101010
00010101010
0101001001
10101001
10010010101
101001001
10101010
10010010
010101010
01011010
010010101
01010101
01010010010
1001010010
01010101
0101101
10101011010
10001010
101001001010
10101010
00100010010
0010101010
100101
0100101
001010101010
00101001010
100101010
10101010
10101010
10001001010
01010101
10010100
1010101
01010101
010101010
001001010
101010010
0100101010
00101101
00101000101
0100101
000010101
10101001
10101001
010100101
01010101
00001001010
10010010010
01010101
1010101
1010101
01010101
0101010
0010101010
01010010
1001010010
01001010010
010101010
010101010
01001010010
1010101000010
101001010
0101010
0100101010
00100100101
01010101
0101001010
010101010
0101001010
10101010
010010011
001001101
1010101
001010101
001001010
00101010010
010101010
1000101010
10100101
0101010101
101010010
10010010
00101001010
1001001010
0100101010
010101010
01010101
0101101
00010101
10010101
01010010
10001001010
01010010
001010010
100101010
01001010
101001001
1010101
0101010010
00001010
100101001
1010101
10101010
010100101
101001010
0101001010
00101001
00100101
1001010010
0010001010
00110101
0000100101
010101010
1010101010
01010101
010101
101010010
0101010
1010101
101000101
0101001010
01001010010
1010101
10100101
1000101010
01010101010
100010101
00100101
010101010
100101010
010010101
10100101
10101010
10101000010
10010101
0101001
100101010
010101010
010100101
01010101001
0100101010
010011010
1000101010
1000101010
0001001101
100010101
1000101010
10010101010
00001000101
010101001
01000101010
00010100010
0100100010
0101010010
00110101
0101001
1010010010
10101010
01001001
01010101
0101001010
01010010010
01000101
101000101
1010101
01010101
010101010
01010010010
010101010
1010100010
010010010
1010101
101001010
10010010
0101101
10101101
1010101
010010101
001000101
10101010
100100010010
010010010
1001010101
0101001001
001010101
100010101
0101010101
000110101
101001010
010101010
010101010
010101010
0101001010
0100110010
0101010010
010101010
10000101010
01010101
01010101
1010101
010101010
101010010
1010101
01010010101
100101010
11001010
00100101
010010101
0010010110
011010010
101010100
0011010100
010010101001
1010101
1001001001
0100100101
0101001010
100101010
01010101
10100101
0101010
01001010010
001010010
101010100
1001010100
101001010
01000101010
00101010
10010101010
1000101010
100101010
001010100010
01010101
101010101
1000101
0110101
001101001
0010100101
100010010
01001010
0010101001
1010101
01010101
010010101
10101010
0101010
010100001
10101001
01001101
0100101001
0100110010
11001010
010100101
1000101
010101010
1001010
010101010
0101010
0100101010
101001010
1010011
0100101
0101001001
001010101
0100101101
101010001
010010010
010101010
100010010100
010010010
010101001
100010101
010100101
010010010100
0100010101
01010101
01010010010
010101010
100101010
0011010010
10101010
0010011010
00100101
01010101
010010101
1010101
1010101010
010101010
00110010
101010100010
0010100101
0101010101
0100101
1010101
10100010
010101010
01001001010
01000110
100011010
00101010
01001101
1011001
0101010100
00101010
01010001010
1001001010
010101010
100001010
101010
000010101
100100101
001010101
011001010
0110010010
00010101010
00100010010
10101010
001010010
01000101010
00101001010
0101101
1000101001
0100101010
10101010
00100111
100010101
10010101
0101011
1001010010
0010101010
001010010
010110010
0001010010
01010010
001010010
00101010010
0010010101
10010101
10001001010
0101001010
10101010
0101001010
10001010010
10000010010
001010101
10010101
0101010
010101010
100100010
1010101
01010101
01010101
010010101
0100010101
001001010
00110010
10101010
100001010
01010010110
01010011
010010110
0101010010
0101101
010010101
010101010
01010010
001101010
01010001010
01010101
010101
100101001
01010101
00100101001
01010101001
010101010
0101010010
01001010010
1010010
101001010
01001010
00110010
101001001010
1000101
10101001
01001010
10001010010
010010101
00101101
10101010
01000101010
010101
01010101
00101010
10101010
010010101
10010101
100010100
010010100
01001001
00110101
10101010
0101010
0010101010
100101010
1001001010
10101010
0101001
10011001
010001001
0101010100
0101001010
01010101010
1000101010
011010010
0100101010
01010010
01101001
0101101
10100100010010
101010010
100101010
100000101010
100101010
1001001010
10100010
1010010101
010101010
101010101
011000010
01010110
00010100010
010101010
000100001
010101001
010101
10100101
1010010010
001010010
1010101
10101001
01010101
01010101
00100101010
1001010010
0101101
0101010001
01010110
0001010010
10101010
00100110
001010010
01001010
000101010
010101010
0100100101
010010001
010001010
1001010
00100100101
1000101
1010101
0101001001
10001010010
100101010
00101001
10010101
100001010
01011010
010101
1000100001
1001010010
010101010
0101010
1100101010
100101010
01000101010
100001010
010110010
01010101
0010101
01010101
0100101
101010000
101010101
0101010010
01001010
10101010
0101010
1010101
100010101
1010101
101001
00101010
010001010
00101001010
1010010
0101010010
0101010
010101
10010100001
001010101
01010101
0101010
0101010010
10000101010
00010100010
10100101
100100101
010101010
0101010010
0101001010
0010100100
0101011
010101001
0101001
10010101
100010001
01010101
10000101
00100101
01010101
000010101
0110101
10010101
0101001001
001010010
00101010
100101010
1010101
01010010
1000101010
100101010
100010101
01010101
0100101
010101
01011010
010101010
10100101
0101010101
01010101
0101001001
00001010010
001101010
100001001
01010101
00000101010
1010001010
010101010
010101110010
10101010
0010010010
00100100010
010101010
0100101
1010101001
010100101
0101010
101001010
1001001010
10101010
0101010110
1010101
101010101
010010101
1010101
010010010
10100010
010101
01010001
10010101
01010101
0010010010
00100101010
0101001010
0101010010
0101001010
0100101010
10101001
01010101
101001001010
010101010
01010100010
1001010010
101001010
010001010
101001010
100100010010
101000100
01010101
1001001010
1001010
010101010
0101010
10101000010
101001010
10100101
10010101
010100101
10000100101
1010101
010100101
0010101010
0101001010
01010101
10001001
0100101
0100101
1011011
10010101
1000101010
0101010010
01001001010
10001001010
101010010
001001010
010101
010010101
010100101
0010010001
010010101
1010101
010101010
101001010
101001010100
0101000100
010100101
01010101
1011001
01010101
10010001010
0101001000110
00100010
01101010
10101010
10101010
0101010
001010101010
100101010
0010101010
00100101
01010101
01010010010
1010001010
0101010010
01001010010
0010101001
01010101
10101010
100101010
1000101010
00101001010
010010101
101001001
0101001010
0101010010
10101010
010010001010
1000100001001
01010101
101001010
0010101010
10000101010
01010001010
1000100000010
100001001010
010101010
010101010
01001010
10101010
010101
101001001
101010001
0101000
010101010
0010101010
0101010010
10101010
10100101
001010101
0010010010
00101001010
0101001010
010101010
10101010
10001010
00101001
1010101
00101010010
00100110010
0100101010
101001010
010101010101
100010101
010000001010
0100100000001
1001001010
000101010
1101100
01010101
0101101
100100101
010101
0101001001
1010010010
10101010
01010010
00101010
10101010
001001010
01010101
010100101
100010101
01010101
0100100101
0001010101
101001011
010100101
01101010010
010101010
00101001010
010101010
0101010010
01101010
100101001010
0010101010
0010010011
010001000101
001011010
1001010010100
1010001
10010101
0101001010
1010101010
10001010010
01010101010
101001010
10001010
01001010100
1001010
10100010
001010010
01010101
00110101
001101
0101001001
00100101010
0100101010
010101
10010101
010101010
0101001010
010100101
1010010100001
100101010
00101000010
010101001
010101001
0100010010
0101110010
010101010
0010001010
10010110
001010101
001010101
0010101001
0101000010
011001010
1010101000
010010010101
0101010101
01010101001
100101010
0010100010
10101001010
0100101010
01010010
0100101
0010010010
01011010
0100101
1010101
1000101010010
001010001010
10010010010
0010010010
010101001
00100010101
0101101
01010011
100101010
0001010001
10101010
0101001010
1010010101
0101001
100101010
1010100110
010101001
100101
010101
1010010101
1010101
1010101
010100101
1010101
1010101
10101001
01010100010
00010100010
1000100010
010010010
0010100101
10010101
01101010
0101010010
0100101
001010101
001010010
1001000010
010101010
0101001010
101001001010
1010010100010
01010010
100101010
01010101010
1010010010
01010101
10010101
1000001010
0010010
1000101010
100101010
010100101
001010101
0010101001
10100101
001001010
010101010
1000100101
01010100101
01010001000
10101010
01010101
001010101
10101001100
101001000
1010010010
100101010
0101010010
01001010010
01010101
0100100101
010011010
010101010
01010101
10101001
01010101
01010010101
01010110
10101001010
0001010010
101010010
10100101
001010101
01001001010
100010100010
0100101
01010101
01010010
10011010
10101010
1000101010
101001010
01101010
101001010
100101010
010101010
10001010
01001001001
0010101001
101000101
10100101
0101001010
1010001000101
0101001010
01001010
1000101010
00001001010
001010100
0100101010
010100101
00100101
010100101
010101001
01010101
1000100101
00101010001
1010101
010001010
00001010010
1010010010
010101010
00101010
01010110
01010101010
00001010
0010101
000100101
0101001
101000101
010010101
1010101
10101010
10101010
0100101010
0100010
10010101
0101010001
000101010
1011001010
1000101010
01001001010
10101010001
1001001001
00101010001
01010000101
0010010101
10101010
01010010010
10101010
00100100101
1010101
011010
101010
1010101
0011001
10001010100
001001001010
0010101010
0010101010
10101010
01010010
10101010
0100101010
0100111
10101001
0100101010
10101010
01101001010
010010010
1000100101
010010101
001010010
001101010
101001010
010101010
100000100010
00011010
10101001
010110001
010101000
0010100100
0010101010
10101010
010100010
0100010010
010101010
1001010
0101010010
001001010
010100101
01010101
0101010010
010001001010
010010101
0110101
01010101
01010101
100001001010
010110010
010101010
0100100101010
10010101
01010101
00010101010
1010011010
010010101
010100101
0101010010
10101010
01001010
0101001010
0101010
10101010
100101
1010101
01010101
10100101
10010101
010010101
101010
0010010010
10001001001
1010101
01010001
0101101
0010101010
1000101010
00101010
010101010
10000101
0010010101
10101010
01001010010
010101
0100100101
010101010
010101010
1010101
1000100101
001010101
1000101001
10010101
00101001
0100001010
1001010010
101000010
10101010
