010101010
00101001001010
010010110
100101001
0100101010
0101001010
10100100
100100010
010101010
00101001010
0000101010
001001010
1010010010
001001010
0011010010
10101010
100010010
10001001010
010101001
01011001
1000101010
1001001010
100010101
001010101
1010010100
10101010001
1010101
101001001
100101001001
10000101
0101001010
101010010
10001011
10010101
00101010
100100100
101010001
010011001
1000001010
100100010
0101001010
010101010
0010010
0100101010
0101001
1010101
101001010
10101010
0100101010
010100100010
00001010010
010101010
01010101
100100101
0101001010
1010101010
0100100101
10010010101
00010101010
10010001010
10001001010
0100101010
1000101010
10101010
100101001010
0100101010
100101001
001010101
001010101
100010101
10011001010
010101010
010101010
010100100
010100101
10001000101
0100101010
10001010
1010010010
101001010
1000100100
01010001
10101010
1010001010
10100101
001000101
00101010010
001010010
010101
0101010
10010101
0010101
01010101
10010101
1010101
0100101
01010101
10010101
10101010
0110001010
001001001
01001010
00101001001
0101001001
1010010010
10010101010
0010100101
100101001
100101010
00101010
00100101010
10010010010
0100110010
01001010010
0101010010
0101101
010100101
001010101
01010010
010101010
0010010010
0101001010
010010011
10100001
0010100100
00101010
0110101
101000101
10101010
100101010
1010101010
010010010
0110001010
010101010
1010100010010
0010101010
0100101010
01010101010
100100100
101001010
0010010110
010011001010
01010101
10010101
010100101
00101010
011010010
100101010
01010110
01010010
0101010010
000001001010
1010101001
010100101
0101010100
10101010
0010010010010
01001010010
100001010
001010001010
01101010
0010101010
01010100010
100101010
0010001010
10101010
010101001
010010001
010101001
010101001
0100101000
1001010100
101010001
1010101
01010100101
1010101
01010010010
0110010
010101001001
00010101001
10101000010
0100010010
010101000
10010010
01010101
0100101
10001010
00010100010
001010101
01010101
00110101010
1000101010
010010101
1001001000
100100101
010010101
101010101
010101001
100101010
001001010
0101010
0101010010
10001001010
10001010
010101010
10010101
01010101
010101001
01010010010
010101010
00101001010
001001001010
0011010010
11001010
010010101
010100101
01010010
0101001010
10101001
001010101
01010010
10010001001
10010010
101010010
010101010
0100101
1000101010
010101010
010101010
100001010
10100101
0010010101
0101001010
1010000010
1000010010
1011010
101001010
0101010010
10010001001
001010
00110101
0101000101
010100101
100101001
100010010
010101010010
100101010
101010010
100001010100
01001001
10001001010
000101010
01000010101
0010101001
000100010010
101010010
0010101010
010011010
0010010010
1001010010
0100101010
01001010010
0101010101
101010001
1010010100
010110100
100110010
011011
010011010010
1001001010
00101011
010100101
1010100101
0101101
0010100101
001010001
010010101
101001001
0010101010
100010010
010010001010
0101001010
10001001001
100101001
00101010010
0100101010
001001010
0010010101
010101001
101010101
010101010
100101010
1010101
010010101
001000101
101000101
01001010010
10001010010
0010101010
010010010
100100010
101001010
100100101
1010101
010010101
011010101
101001001001
100101
100101010
010001001010
01000101001
0100101
00101011
01010101
01001010
10000100010
010101010
101101010
10010101001
00010101001
0101010010
0101001010
010100101
01001100101
000101001
010101
0100101010
001000010
0100101
01010101
0010101000010
100101010
0100101001
10100101
10101011
00100101001
1010101
0101101
100010101
000010101
0001010010
0101010010
00101010
1001001010
100101010
0101010101
000101001
010010101
01001001
010100101
010101010
10101010
0101010010
10001010
01001010010
0101000110
010101010
01010101010
010101010
100001101
100010001
010101001
010010001
100010101
01000001010
010101010
01010101
001010101
100101001
001101
001001010101
10101001
011010010
01010010
0101001010
1001001010
0110110
01101001
1010100101
10010101
1010101
010101
001001010
10010101010
100010011
1010101
010010010
100101010
011000101
1010110
010110010
0101000010
001010010
1010010010
010101010
10101010
1010010010
101001010
010101
100100001
00101010
01010010
01010101
000100101
100100101
01010101
001010010
100001010
010001101
010010101
10100110
010101010
01001001
1010101
100110100
010100101
0010010001
01010011
10101001
0110101
100101010
10010100010
01001010
001010001010
101001001
010101101
1010010101
01010101
1010101
1000100001
101001010
0101010001
10010101
01010100101
1001010
1001101
0101010101
10010101
010001001
1001010101
0010101010
10010010010
010100101
1010001010001
100100101
100100101
00101010010
10101010
1000101101
01100101
1010101
010101
101010010
100011010
1000101001
0010101
0010100010
01001010
010000101
010010101
010010110
01001001010
1010101
0101001
0101010010
100101010
0101010010
01001001010
10010001
01010101
1010101
10010101001
001001010010
10101010
0101001001
0010101
010101010
1010010010
10101010
00100101010
1001011
100101010
