010010101
010100101
000100010010
0101010010
100101010
10001010
101001010
1000101010
1010010101
01010101
10101010
10101010
01010010
0101001010
00010101001
0100101
101001010
010101010
10101001
0101000101
0000101010
00101010010
01001101
10100100101
100101001
001010001
010101010
010101010
010010
0101010
01010001010
100101010
01010010
100001010
0010101010
001101010
101001
01010101
01001010
01010101
0100101010
10101010
001010101
010010101
001010101
10100001
01010101
10100101
0100001
01010101
01010101
100001101
1001010010
0010101010
0010101010
10001010
1010101
0101001
10010001
1010101
01010101
0100101001
0110001010
0101010
001010001010
10101010
10010001010
11011010
00101010
0100100010
01010101
00100101
010101
0101001010
01010011
00101001
1010101
1010101
010010010010
1001010010
10101010
101001010
0101101
0101010001
100010010
101010010
1001010010
0101001010
100000101000
010101
10101010
00101001
000000101010
0100101010
1010101
100010101
101001010
000001010010
10100101001
001011001
010101001
001010101
10100101
01010101
1010101
0101010101
10101010
01010101010
010101010
101000010010
1010101
100001010
001000101
00010101001
0010010010
01010010
10101010
1000101010
010101001
1010101
010101
0001010101
01001010
0010101001
001000101010
10110010
101011
0101101
0101001010
0101010010
1010101
0101010100
101001001
010101001
1010101
0101001001
001010101010
10010100010
1101001
10010101
00101001010
1001010010
100101010
010010010
101000101
00001010101
001000010
01010100
101001
1010101
101010010
100101010
101001010
10101010
0010100101
01010101
1001010010
01001010
010101001
00100101000
101001010
00101010
100101001
0101101
101010010
0010110
010101010
101010010
10101001
10101010
101001010
0101010010
00010101010
0010001010
100100101
001010101
00101010
0010001010
010100100
0011001010
001001010
1000010010
010101010
1000101010
0101010010
1001010010
100101010
1001010
100101010
10101010
0100101001
0010100101
01010101
1010101
10010110010
0100110010
010101010
00100000010
0010101010
01010010
0101001
10010101
100100101
001101
100101010
00101010
001001001
01010101
100010010
100010010
001010010
01001010
100010001
1001001
01000100101
0011001
0101010
0010101010
010101010
100010010
101010001010
100100101010
10010101010
000110010
01010101
01010101
0101101
0010101
0010101010
0010100010
01010101
0101010
010010101
101010101
0101010
001010110
01010101
1000100101
0101010010
100101010
0010010101
10001101001
010010101
01010101
01010101
101010001
00100101001
10010101
000101001
10010101
0110101
100010101
10100101
001000101
10101010
01010010010
101001010
0101001010
010101010
01001010
100010010
0101001010
010101
10100101
010101010
1000101001010
100010101
0100110101
01010010010
01010001010
100100101
10010001
00101010101
0110101001
1001001010
0010101010
1010001001
10010101
000001001
01010011
010110010
001001010
10010010
10010100010
001010101
0101101
101001
0100011
10101010
001010010
0110101
10110010001
001010010
1010000010
010010101
01000100
1010010010
01010101010
0100110010
100101010
001010101
10010101
101000011
0010101
1010101
1001001
1000101
0101001001
010101010
00101010010
1010100010
010010010
001100010
10101010
01011101
1010101
01001010010
0101110
100010101
01010101
011001001
001010101
101001001
010101001
010101010
10001100010
0110101
010100101
1000101010
010010010010
0010001001
00100101
1010101
0010001
010101010
1010010010
1010010101
0100101
0100101001010
10001010010
0101010101
1001010
00101010010
010010100010
1010001010010
10001010010010
1000000101
01001001001
10101010
001001010
0101001010
01011010
001001010
101010010
1000100010
1001010010
10100101
1000101
1010101
1010101
0100101010
010010010
0011010010
011001010
01010110
10101
010101010
0101001010
1010010010
001001010
1001001010
10010001010
0100101
01010101
10101010
1010001010
01001000101
010010101
01010010
1000010100
1010101
10001001
101000101
0010100001
10010101010
10101010
101101
100100100
001010101010
101000010
100010010
010101010
10001010100
01010100
001010010
010101010
100101
10010101
0101001010
1000101010
0101010101
0010100101
1010111
1001010101
010101010
0100101010
10100101
0100101
010101001
0101001
10101010
100101010
1010101
010101001
001010010
01010010010
10010000101
010110101
010100101
1001000101
110010101
10001011
100101010
0010010010
10010101
1000010101
101010101
1010101
0101010
100101010010
010101001
100101001
010101010
0010101010
0101001010
1010101010
01010101
01010101
100110101
01010101
01010101
01010101
1010101
0101100101
0101001
01001010
001001010
01001010
0101010010
0010101010
0010101010
010110010
0101001
001010101
1001001010
00101001
1001001001
10100101
01010001
1010101
1000010101
1010101
010101010
101001010
0101001
1010001001
000110010
100101010
10101010
100101010
001010101
10010101
01010101
10101010
1000101010
001001001010
0001010010
10010101010
10101010
00101010
0001010110
10101010
1010001001
01010011
1000100101
1001001001
010101001
010100101
10101010
10101010
00101010
10011010
010101010
011010010
100010101
100101001
000101010
10101010
0100101010
10101010
100101
01010101
010001001
10100101
10010101
1010101
10010100010
10101010
100101000
1010010010
0101011
0010001001
001010101
1010100
10101001
100010101
01010101
010100101
00101101
01010101
01010101
0100010101
0101010100
10101010
01010010
0010010010
1000101
001010001
101101010
010100010
1010000101
0010001
1000010101
1010101
011001
010101
010110101
1010101
10101001010
0101001010
101000101
0100101000
101001010
01001010
0101100
01010101
0010100010
10101010
0101010010
00101010
10101010
10010001010
001001010
10010010010
00101010
1010100
10101010
01001010010
00101010010
100100010010
