1010101
010001
01010100001
100010101
001001001
01010101
101000101
0110101
010101010
0101010010
101010010
01001010
101001001
0100101
1011001
10101001
100100101
101010101
1001010010
100101010
01011001
101001001
0101001
10110101
01010010010
10101010
0011010010
01011010
1001011
010010101
1010101
01001001
0010100010
1000101010
000010101001
10010101
01001010
001010110
0101010101
01010101
00101010
001010010
0101010010
10101010
101010000
01010101
10101010
0101001010
100010101
100100101
0100010101
1010100
010100101
100011001
010101001
010010101
010010101
0010010101
10101010
100101010
10000101
00100100101
1010101
1010010101
1001100010
10010010
00101010
00100001010
00101010101
001010001
0100010110
10101010
1001001010
0101001010
0010101001
10101001
01010110
010101010101
0010001010
101001010
10010010010
00010100010
100101010
01010010
10000101010
01010101010
0010100100
01010101
1010001001
1000101
10001010
1001001001
1001001001
010010101
10100101
100100101
001101001
101000101
010100101
10010100
000101010
01010101010
00100001001
0101000101
01010100
01010
1011001
1010101
0101001010
0100101010
10101010
010100100101
0101010001
0101001001
1010001010
010100101010
01001010010
0101001010
000100101010
0001000100010
01000101010
010001001010
10010010
101010101010
101001010
010100001010
01010010
10001010010
1010101010
100101010
10101010
010101010
0101010
01001001
10101010100
0100100101
0010100110
0010100010
0010101010
01001010
10101010
000010010
0101000101
010011011
101001001
010101010100
10100011
010101
001010001
001001001
01010101
0000101001
1001101
10010101
0000101010
01011010
0110011
1001001001
0101010101
100101010101
0010010
1001000101
1000101010
010001010
10100101
010010101
01010101
100100101
1010001010
01001010
0101010010
01010010
010101010
100101010
