10100101
1010100101
1001001
110100101
010101
1010010
0101010010
10001010
0101001010
0010101000010
0010001010
0100010010
100101001
10010101001
01001010
100001010
01000110
00100110
01010010
001010010
10101010
1010010010
0101010
0010101010
01010101
01010101
10001010001
10101010
10010100010
00000110010
100101010
100101010
01001001
1001010101
01010010010
00010101010
1010101
001001010
1000101010
01001001010
01010010
1001101010
01010101
10011001
01011001
001010101
100101010
01011010
10101010
10001001010
1010010010
10101010
0100101010
010101010
010101010
01001010
10101010
101010010
01001010
00101010
100101001
00011010101
010100101
00100001001
1001001001
010101001
001001010010
0100101010
10000101
10101001
1010010010
0101001010
0010101010
0101010
01010010
01010101010
010100101
1010101
100101010010
100010010010
0010010010
001010001010
100010101
01010101
1000101001
01010101
0100101010
101001010
010101010
0100010010
10010010
0010101010
010101010
010101010
010011010
01001010010
1010100010010
001001010
0001010010
0101010010
0101001001
0101001
0101001010
10010010010
0101010010
1010110010
010010101
00101001
010010010
010010010
0010101010
01010010010
01010100010
010101010
10001010
001000010
00001001010
0100101010
01011010
0101001010
100010010000
10101001010
101010010
00101010
00100101
001001001
10100010
100001010
001101
01010101
01001010101
01100101
010101010
0000101000010
01010101
1010010
1001101
00100001
001000101010
10001010010
1010101
100110010
0010101010
001001001010
10101001
1010101
00101001010
10101010
001001000101
10100101
01010101
0101010001
0010101010
1001100
001000101010
10100100
1001010100
0100101001
0100101010
100001010
010101001
0101010101
10010010010
101001010
0010101
1010101
01011001001
01010101
0010010001010
0010101001
1000100101
010001010010
101000101
0001010001
00101010010
0101001010
00101001001
10100001001
0001010010
0010101001
0101001
00101010010
010010101
00101000101
001000001010010
010101010
