10010101
101101
010100101
0010100101
01010010010
1000101010
1010101
101001010
1010101
100010101
1001010000
1010100010
01011001
0100100101
0101001
00100010101
100101010
100000001010
0100001010
10101010
101001001
1010010001
01001010001
1010010101
1010101010
01001010
0101010101
001010101
100010010
00010101010
010100101
10101001
1010100010
010101010
0101001010
10100101010
1010000001010
010101010
1001010010
00101001010
010101010
100101010
010101001
001001001
0010010010010
0010101010
01101010
1000101010
1010101
010010101
010101010
001010100010
001001001010
001001010
0010100010
01010010
010101010
0100101010
01010101010
100101010
01010010010
0100101010
10101010
010101001
10101010
1000101010
0101010
1010101010
00100101
101001001
010101
0100100101
101001000
01010101
01010101
10010101001
00101010
010101001
01100101
01010101
0101010
001010010
0010101
110101
1010101
01001010100
100100010
010101010
010101010
10010010
0101010101
0111001
10010101
010101001
0101010001
1000100101
01010101
10010101
010001010010
0101010010
001010010100
10001001010
0101001010
010001010
01010101010
01001010
0100101010
001010010
101001
010101001
10100101
01010101
1000101010
10010101010
0101001
010100101
01010101
01010011
010010
100100010
010101010
1001001010
00101001010
1000001010
01010101
10010101
0100100101
100101010
101010101
0010100101
0101001010
0100101010
100101010
10101010
01010010
0101010010
00010101010
0101001010
001010010
0101010010
10101010
01001001010
10101010
010001010
01010101
10011010
100100010
0101001010
0010100010010
010101010
01010010
0010101010
010101010
100101010
1001010100
010100101
10101010
100101010
0010100101
10001001
101001010
10101010
01010
10101010
100100101
010111
00101001010
10101001
101001010
0010010010
100101001
01011001
01010101
01001010
10101010
010101010
0010101
01010101
010100101
00100100101
010010101
00101010101
10110001
10100101
100001010
100101010
100010101
1000010100
0101010010
001010010
010100101
1010001001
01010101
01010101
101001010
0101001010
0101010010
01010001010
0100101010
01010100100
100010010
0101001010
010101010
0001010010
0101001
010001001
010011
10010100100
1010101
001000101
00101010
010101010
1110101
001001001
0010101010
100110010010
010100101010
0010010010
10101010
101001010
0101001010
101010010
10100100101
00101001001
01010101
01110101
100010010
0101010
010101010
10101010
001010101
0101000101
1010011
0010010000
010101010
01001010
001010101
0010101001
0010010010
001010010
10100100
010101010
010100101
01010101
01010101
1011101
1010101
0101001001
010101010
00100101010
1001011010
010100010
100001010
00001001010
0110101
0101101
01010101
1010101
010101010
01101010
010101001
01011001
010101
1100011
010001010
01001010
0100101010
10101010
0010101010
0100101010
100101010
00110010
0101010001
001100101
100010101
01010101
01010101
010101001
0100101000
010101
010101010
001001010
100101
01010101
1010101
010100101
01010101
01010101
101001010
10100101
1001000110
010101010
010100101
001010100
01010010
10101010
001100101
0101100100
0100101
010100101
10010110
10101010
1010100
00101010010
00101010
01011010
0101010010
0101010010
010101
100010001
0101001010
101000011010
01010101
1001010001
1010101
100100101
001001
10100101
01010101
10101010
10100000010
010101010
1001010010
01001010
010011010
0101010010
001000100010
001010010
10101001
01010101
01010101
01001010
101010010
010101010
101001001
010010101
10101010
0100101010
01000010
00101010010
1010101
10101000
1001001010
0110010
10010001010
01010100
010100010
10000101010
010010100
0100101010
101000101
0001101
101001001
0101001001
1001100010
100101010
1010101
0010000101
01010101
01010101
101010010
01011010
100101010
10101010
10100101
001101001
1010101
100101001
010101010
10101010
1001010010
010101010
010010101
1001000101
10101010
0101001010
101010101
1010101
10010101
0101000100
01010101
10101010
0101001010
0010101010
0001010
10101010
10101
10101010
01010011
1001100
0010101
100101
001010101
0010101
101001010
01010101010
1000101
010101001
01000100101
100010101
1010101
010101001
0100101010
0101010
01010101
100110101
1010101
0101010010
010101010
11011010
01010101
01010101
0101010
01001100
0101010010010
10101010
01010010
0101011010
1010101
1010101
01010101
010010101
001001010
11001010
001101010
10101010
1010101010
10101010
01010101
01100101
01001001
10100101
010101
01010101
010010001010
010101010
01010101
010010100
101000010
1010010
101000101
0100101
0001001010
10001010
10101010
0101001100
1010101
0101010
01010101
100010101
1001010101
00101
10101010
01001001
1010101
010101001
001010101
010101001
101101
0101010101
0101001010
010101010
010100101
1000101
0101010
00101010
01010101
100101001
10101010
0101010
0101101
1010101
10001001
100010101
10001010
10101010
00100101
1010101
0101010101
1010101
1001001010
10001010
01010101
001010101
001010101
1010101
010110010
001010010
1000101010
0100101010
10101010
01010010010
1010101
0101001
00100101
1010101
1001001
1000010
01010101
101010
0101001010
010101010
0110101
0010101001
010101
10100101
10010010
0101010010
10001001010
0100101010
100001010
0010101
10110010
001001010
100100010
1010101010
01010101001
0101001001
01011010
01010010010
10101010
010101010
01010101
01010101
10100101
1001010101
1010101
01010010
0101001010
001001010
01010101
010101001
010101010
010101010
00100010
1001010
010101010
10101010
0101010010
0101001010
01010101
00100101
01001010
010101010
010100010
010000010010
010101010
1000101010
0011001
10010101
10101010
101001010
10100100
1000101010
0101001010
010101010
0010100101
01010101
01010101
1010100
0101010101
010101001
