0101010
01000101010
010100010
01001010
10010101
0101001
01010110
0110010
1001010101
01010010101
01010101010
10101001010
00101010001
01010101
00101001010
10000101010
0101010101
1001010001
0010101
00101001
100010010010
101000010
0010101000
01100010100
01001010
00100101010
0101001010
010101010
0010101001
1001010101
00101001010
1001010010
0010100010
01010010
010001000001
100101001
1010010010
00101001010
01000101010
10101000110010
01010101
0010101001
010001010
010101010
001010010
10010101
10100101
0010100101
0010100101
100101
101010010
101010010
0010100100
1000100101
10101010
100101010
0101010010
10100010010
11101001
10010101
001010011
01010100
01000110
100101010
0001010010101
1001010
001010101
1000101010001
01001010
01001010
10010101
01010100
100001010
10101010
1010101010
00100101010
1100101
01010101
10101010
1010101010
1001010001
101010101
1001000101
1010100101001
010010010
0101010010
10010101
1010101
010101010
1010101010
100101001
010101
10101010
01000010
01010
01011010
100010101
1010101
01001001010
0101010
10100101
10101001
01010101
010010101
01010101
1101
010101010
1001000110
0101010
00100101
1001001010
0101010010
001001010
010101001010
001001010
10100010
010100101
10100101
01010100101
01010100
01100110
101010010
0010010010
0101010010
10010101
100011
100101010
00101010
100010010010
101010010
010010101
10101001
101010010
0110010
100101010
101010010
10010101010
100010101
010010010
10101010
01010101
01000101000
10010100
100101010
010101010
10101010
0101001001
101010101
0100100011
10100101
01010101010
010101010
000101001
01010101
0010010101
01010101
110100101
010101001
010101010
01001010010
10010101
100010101
011011
10100101
100001010
0101010
10001010100
00100101
010101010
1001001010
010101010
101010010
011001101
0101010
10010010
0101001010
101000010
1001010
010101010
101001010
00101010
100101010
10101010
1010001010
010010101
110101
10101010
01010010
010010101
1000100101
1001010010
101001010
010101
0100100101
101010010
10101010
10010000101
10010101
0010010101
0110101
010100101
010010101
001010101
010101100
01010101
0100101001
010101010
00101010
01010101
1010101
010010101
00100100101
010010010
0101001010
100010101
00100101001
1000010101010
100100010
0001001010
10101010
1001001010
010101010
10001001010
0010010010
01010010010
100010010
01010101
10100101
010100101
0110101
101010010
101001010
10001000101
0101010
001001010
0010001010
1010101010
101010100010
0010100101
1010101
010101010
0101001010
010100101
010100101
00001001001
010100101
01011001
01010101
010100101
01010101
010100101
01010101
010101001001
010100101
10100101
010101001
001101010
100100101
010101001
010101
00101101
01010101
0100101010
01011001010
10101010
01010101010
101010101
00101010001
100001101
01010010101
100101000
00101001
100010101
0100010101
0010101
10101001
10001010
01010110010
1010001
0101011001
100100101
001010101
010010010
0100101010
10000101010
010101010
10010101
100000101
001010101010
01001010
01000101010
0101001010
001000101
1010101
0000101010
010010010
0101001011
001101
0101010010
0001001010
10101
10010101
10101010
00101001010
01010101
10101001
101001010
00101010010
01010101
0101101
01010101
100010101
01001001001
1010101
01001010
1010100001
1010101
010010101
0101010010
001010010
00101001010
10001010
01010101
01010101
101010010
10001010
001010110
00101001
10000101010
010001010
100010110
0101001010
100010101
0101010101
01010101
1010101001
0010010010
0101010
010101010
101001010
101000010
10010010
01101010
101010
001010101
001000101
1010101
00101
0010100101
01001010
0110101
010001010000
0101011010
01001010010
0101001010
010101010
10010100010
1010010010
0010101010
1010101010
101000101010
0101001010010
01010101
010010101
0101001010
01010010010
1010101
100010010101
10101010
01001010
01010100101
00100101
10001010010
1010010010
001010010
101001010
001011010
1010001010
0101010101
1010001001
000101010
01001010
00101001
010010101
011010001
01010101
01010101
01010100100
10101010
001010010
0010101010
0010101010
01010101
0010010101
01010101
010100101
0110001010
101010010
10100001010
100100001010
1010011
00100101010
101010001
010010101
101001001000
010100101
0100010101
010010101
01010010010
001010010
00100101
1001101
01011001
010101010
0100101010
0101010
0010010101
010101
0101001010
00101010
00100101010
10101010
10101010
0101010
101001010
00101010
01000101010
001001010
100100101
0110110
0101010010
0100110010
0101010
1001010010
010100101
0101010101
1010001000000
100100010
0101000101
0101010101
001001010
0000101010010
010100101010
1000101010
010101010
00101010
0001010010
10101010
1001010010
1000101010
1100101001
1010010001
100010001001
0100101001
1000101010
101010010
1001001000101
01101001
01001010
100100100
01010110010
10110010
10100010010
001010010
0010101000000
1001010101
00101010
111001010
01010101
0101010101
10010101
00110101
00100010010
000101010010
100010101
10100101
100100101
01010101
001010101
0010000101
10001010100
01001011001
110010101
01100101
10001001
0101100
100101010
0101010010
010010101
011001
0010100001
10100101
1001010
1001101
010010101
01010100
1001010
1001010010
0110101
10100101
10010101
0100101001
001010101
1010101
01010101
100010101
10010101
1001010001
10010101
1010101
010101
0101010101
10010001
0110001001
10010100010
10101010
010101010
100001010
010101000
100010010
100101001
0010101001
10101001
10010101
010100101
001010101
010000101
10010011
100101010
10011001
01000101001
100100001
1010101
100110101
1010100001
00010101
01010100101
10000001
001010010010
10100010100010
01010101
100101000
10001001101
01001010100
01010010
01010101010
01010101
100101001
001001010
0100101001
10010010010
100010010101
00100100001
100100101
01001001010
010100101
0001101
01010101
010100101
0101001
100010101
100100101
10010010
1001010010
