100101010
0010010
0010101
100010101
0100101000
01010101
00100100010
10101010
0100101010
101010010
0010100101
010101010
01001010
0101101
0101010010010
100101010
00100101
1000100101
0010110010
010101010
1010101
10101001
0101010001010
1000101010
0010101010
0101010010
011010000010
00010010010
01100010
010101010
100101010
0101001010
100100101010
1010010010
0101010
010011010
101001010
101001010
010010101
1010010101
0101010010
0101001010
0101010
00010101001
010101010
0010101010
010101010
0010101010
0101001
010100101
010101010
00101010
001000101
100100101
10010101
001010101
01011001
01010101
010101010
100010010
101001010
010101010
01010101
01010101
0010101010
00101010
00101001
0010101001
01001001
01010001
010001010
100110010
0100101010
1001001010
010010110
010101010
0110010
1001010010
0100101010
0010101010
010101010
00101001010
0010101010
1001001010
101001010
0010101010
010100101
01001011
0101010100
010101010
1001010
00001010010
00101010100
100100101
00100001010
00111010
001001010
1000010010
100101010
001011010
10010100010
101001010
1010010010
0101010010
101010010
00101010
01001010010
0010010100
01010101
00101001001
010101001
1010100101
0101010010
100101010
10101010
0101001010
0100010101
1001001001
0101001010
001010010
01010100001
0010101001
0101010010
10100110
1000100010
010101010
1000010101
00101001
010010110
101010010
010110010
10101010
01010101
00100101001
0101001010
1000101010
00100101
001010101
0100100010
00101010
0101001010
01010100010
01010101
01010101
101010010
101001010
010010101
0010101
1010100101
101100101
010011010
1010101010
01010101
10001001001
100101001
001010101
01010010
100101010010
10000101010
100101010
1000100001
100010101
1010000110
100001001010
010101001
10101001
10101010
10000101010
001001010010
010010010
01101010
0010100101
1001010
011010010
1010101
1010101
1010101
010100101
00101010
011001010
00101010
00101010
0101001010
10101010
0100010010
000101010010
010101001
0101010101
010010101
10001001010101
0101010101
010100101
1000100100010
0110010010
0010100101
100101001001
1000101010
010101000010
10101010
1001010010
10001001010
010101010
0010010101
1001001001
10101010
10010001010
0101010110
10001010010
00010101010
001001010
10010010100100
100010010100
01100101
010010101
10001010010
010101001010
01001001010
10101001010
0101001010
010101010
00001010
100101010010
100010101
01010101
0100001001
010101001
010010010
1001010010
010001011001
1000101010
010101010
1001010010
0010101001
01010101
10010100010010
0010001010
10100110
010101010
10101010
01101010
010100101
01010101
010101010
0101010
10010101
010100101
01010101
101010101
001001010
010010010
1010010100
0010101010
0110100101
00101000101
0010010101010
0101001010
010101010
010010010
0100101001
01010101
010100101
0010100101
01001001010
101010100
101000010
10101010
0010001010
001010010
0100101001
0101001001
011010010
0010101010
100010010010
0101001010
0010101010
0100101010
0100100010
101010010
100010001010
01011010010
101010001
010010001001
0100101010
1001000110
010100101
0101010001
01011010
100101010
1010101
00101010100
010101001
010101
01001010100
100000101
100101010
1001010010
10010101
00100101
10010100001
001001001
01010101
010100101
01010101001
001010101
1010100
001010101
10100101
010010101
01010010010
0010101010
100101000
01001001
0101001010
101010
01101001
010010101
10100101
1010101
0011010
100001010
10101010
00100101010
01010101
001010010
010101010
0100101010
10100101
00101101
1001001
100010101
101001001
1001010101
101000101
01010101
010101010
010101010
010101010
01001010010
010101010
000010001010
00100001010
10101010
00010001010
010101010
0011001010
00101010
010010001
101000101
1010001010
101001001010
10100010010
0101001010
00100101
01010101
00101010
010101010
0010101010
1000100010
10001000010
10001001010
1000100010
101010010
10101010
10001010010
10100001010
101011010
0100100101
0101010101
010101010
0101001010
1000101010
010010101010
01010011
100100101
1010100101
00100101
01010101
01010101
101001010
010001010
010101010
100010100010
010101010
010101010
010101010
0101010010
01010010010
10101010
010100101
0100010101
0100100010
00100101010
100101010
01001010010
010100010
01001010010
001010010
0100101010
010010001
01010011001
00010101010
101001001010
01010001010
01010010010
01001001
1010101
0100101010
010101010
100100101
10101001
1010101
1010010101
0101001010
100101010
01001001010
010101010
101001101
01010100101
0101010010
0010101010
01001001010
100101010
10101011
001010101
00101010
0000101010
101010101
01010101
010010101
01010101
01001010
0101001010
100010101
100010100
10010101
10010101
0101001010
001000010
01010101
010100101
001001010
001010100
010100101010
0101010010
01001010
101001010
1010101
1001010100
10010100110
1000101010
010100101
100001001
010110010
01001001010
100101010
10101010
00101010
010101010
01010000101
01010101
0101010010
0010101010
01000101
010101
001001010
10010100010
10101001
10100101
1010010101
01010011
01010101
1000100001
1010101
1000101001000
01010101
010010101
00100101010
010010101010
10100101001
10100111
010100101
001010101
011000001
01010101
10010101
010101001
100010010
1000101010
010101001
0000101001
010101010
1000101010
00101001
01010101
10100101
10100101
0101001010
10101010
00100101
10100101
010101010
10101010
1011011
010100101
1010101
10001001
01001010
10001000010
000001010010
00010100010
1010101
10001000101
100101001
010100100
101001010
10101010
00101010
0101001010
001010100010
00001000010
010101010
10010101010
01010010010
0100101010
010000101010
101001010
10101001
0101001101
10010010010
001010100010
010010101
100100101
0100101001
10010101
0001010
100101010
010101010
0101001010
1010101
010101010
010101010
0101010010
01010101
010000101
10100010
011101010
010101010
000101010
0100100010
1000101010
01010100
010101010
01010101
100000101
010101001
00101001
101001001
100010010101
10010010010
0100100101
10100101010
10101010
1010101
1010101
01001010010
0100101010
0101001010
101001010
010100101
0101010001
01000101010
100101010
0011010
0101010010
1010101010
00100101010
01010010
010110010
01011001
01001001
01001001001
01010001001
010101010
010010010
1010101010
10100101010
0101001010
0001001010
0100101010
010101010
101001010
100101010
010100101
01010101
1000101001
00101001001
11000100
00101010
010100101010
0101010
101000101
10001000101
100101011
10010101
01100100
1001010010
00100100101
100010101
10010010000
1010101
0001010100
0101000101
010101010
10101010
100100101
10100101001
1001001010
10100010001010
01010101
1010010101
100101010
01001010
101010010
10101010
10101010
10101001000
000101001010
01010001010
1010101
10100101
0010101010
00110101010
001000001010
101010010
01010101
10010101
1000011010
0101010010
01001001010
001001010
01101010
010101010
0101010101
10000100
0100001010
001001001010
1010100101
0010010101
001001010
10011010
01010101
10000101001
01001010
0100101
011010010
10101010
101010101
01010101
01010010
0010010100010
010101001
001001001001
01010101
10010101
0101001001
1010010101
10101001
1000101
010100010
1010101
1010101
010101001
01010101000
0010100101
1010100010
10100001010010
001100010
100101010
1010101
01010001001
0010100001
10101001
1010101
0101000101
0010010100010
010010010
001001000010
01010101
010101001
00101010001
00101001010
001001010
1010101010
0100010010
1010011
01010101
0101000101
10100101
010001010
00101010010
00101001
00100101001
0101010010
10001010001010
