10101010
01001001010
1011010
01001010010
1010101
1001010001
00100101010
0101010
00101001
0011001
1010101
01010101
01010101
10100010
101001
0000101001
010101001
0101101
10101010
010100100010
010100010
10101010
010100100
1001010010
101001010
0101001010
01010110
10101010
100010010010
01010100010
101001010
0010101010
1010101
10100101
010101010
0101010010
010101001
010101
10101010
1000101010
001010
1001001000
100000101010
0100101010
01100110
10010110
00110010
0010101010
0101010010
001010010
010100101
010100101
01010101
101001001
01101001
10000101
0100101
01010101
10010101
01010101
00101010
0001010010
100010101
010110101
101000101
010100101
10100101
1010101
010010101
0100100100
010101001
0101101
0001001010
010101010010
101010010
01001010
0101001010
010101010
10010100010
10101010
001010010
010101010
000001010010
0010010010
100100101
1010101
100101010
100101010
010100101
10010101
010101001
0101001
1000101000010
01001001010
10011001
1010101
001001010
100101010
000010101
01010101
001001010
001010010
01001010
10001010100
01010101
100010011
1011001
01010010101
01010010
10101010
1010101
10100101
10101010
10101010
1010101
0101001
010101010
0101001010
100001001
10101001
011010010
10101010
00101000101
0010010101
10010010
10101010
100010001
00101001
00100010010
0100101010
1010101
1010101
0101010
10010011
010100101
01010101
00010101010
0000101010
1000101010
1001010010
10011010
100101010
0100101001
100110001
01010101
100101001
01010100010
001010010
01001010
01010101
1000101010
0010101010
100100101
0001001001
1010101
10010010101
1010010000
0100110101
10010101010
001010001010
01010101
001010101
1000100101
010100101
10100101
10010101
00001010010
010101010
10100101
100101001
100010101
010100101
101010010
00101010
00100101
100010101
01001010
1010101010
1010101
001010100
1000101001
0010101001
0100101
00101000001
00100010101
001010101
0010101
00101010
00101001
010100101
10101001
1010101
100101010
100101010
010101
10101001
010001010
100101010
0101001010
100001010
010101
0101000101
01010101
01000101
1001000101
01010101
0101101
01010100101
0100101001
100010101
01010101
0000101001
010101001
1010101
01010100
1010100100
010100101
010010101
010001010
0101010010
0101010
00101010
1010010010
01010101010
10101010
01011010
0101010010
010101001010
10010010
0101001010
0100101010
0010010101010
010101010
10001001010
1010101
001010101
010100101
10010010101
0101010010
0101010010
0100101010
010101010
1000010101
10100101
10010101
01010101
01010010
01001010
010010010
10100101
0100101010
1000101010
1010101
0010101
01001010010
100010100010
10001010101
0010101
010101010
0000101010
10010101
01010001
010100101
01010101
1001010010
0010100010010
0101010010
1010010010
01010101010
0110101010
0101010010
01010101010
0110010010
001011010
010101010
001010010
1010101
0010101
1010101
0101010001
0100100101
10100101
0010101010
0010010010
001000101
010010101
00100100100
01001010100
001001010
01001010
001101
00101010
010110110
10101001
010011010
101000010
10001010
101010010
101010
0101010010
10010101
01010101
01010101
01010101
100010101
1010101
1010101
010100101
101010001
100010101
1010101
010010010
100101010
10100100100
10101010
100101000010
01010101
00100101001
1010010101
001010010
010101
1001010
1010010
10101010
1010101
101010101
0101010
010100100
01010101
100100001
01001001
10010101
1010100101
0101001010
0100100101
0010101
010101010
01001010
001010100
10110101
0010100101
01010100101
100001010
10101010
00101001001
0001010101
101010010
101001010
01010010010
0101010010
0101101
001010101
1010101
1010100101
0100101
10100101
01010101
101001101
010100101
00101000101
001001010
10101010
10010100010
101010010
01010101010
0100101010
10101001
1010100101
01001001010
01010100010
101010100
0100101
001010010
010101010
100101010
100101010
01010011
101010
1000101010
0101001010
010101000
0010101
100101001
1010101
11001
0100101
1010101
101011001
01010101
10000100100
1000100101
01100101
01000101010
00100101010
010101010
10110010
0101001001
0010010101
10010000010
0101001010
10010101010
001001010
100101010
1010000110
010100101
10000101
10000101010
01101010
0101010100
0101010101
01010101010
0010101010
1010011
01010101
0010101010
00100101
0010001001010
010101010
1010101
10010010
01010101
1010101
001001010
000101010
00110010
10101010
01010010101
0100100001
0100101001
01010100
001010001
01010101
001010101
1010100101
01010101
0010101
0010101010
1010000010
100101010
100010001010
1000000
1010101
101001001
10010101
01010101
10110010
0010010100
100010100
010101010
001001001010
000000101010
0000101001010
0001001001
001010101
010101010
100101001010
100010010
000101010
000011000100
10010101
0101001
0010101001
001010010
000101010010
0101001001
101000101
0101000101
100100101
0100101010
101001010
010101010
00100101010
0101010001
1001010101
010010101
10010101
01010100101
101000101
001001010001
100101001
01010101010
10101010
00100101
0101010101
1001010010
00100010010
001101010
10000010001010
0010001010
010101010
10010100
0010101
101001001
0100101
010101010
0010100010
100100100010
10000101010
0100101000
010010101
0101010101010
0101010010
10010010101
100101000
10101010
010010010010
01001010010
000100010010
100010100010
0100110010
01010101000
100101010001
10010010010
1000101010
10001010010
0010101010
0101001010
010101010
1001101
01010101
010101001010
0100101010
001010101
100101101
1000101010
100101010
01010100
1010010100100
010101101
10101011
010101010
101001010
10101010
1010100010
0101010
1010100101
00100101
1001010101
