00110101
001010101
10101010001
00101010101
01010100101
0110101001
00101010010
01010101010
010100100101
001010010101
01010010010
0010101010
101010101
100100101010
001010101
001010101
1010010010
00100101010
0010101001
10001001001
0011010010
10001001010
0100100101
01010101
010101010
00101010
010010010010
1001010010
01010101
01010101001
0101001010
0101010010
010101010
01010101010
0101010101
010100101
01010101010
0010101010
00100100101
001010010101
010010101
01001000101
01010101
010100101
001011010
011010011010
01010010010
0101001001010
010110101
01010101
101010010010
010001001010
01010010101
010100101
010010001
010100101
0100100101
00100100101
010010010
1000000010010
010101010100
0100010100100
0101010101
101001011
10001010101
010011101
00101010010
001101010
001000000101
010010101
010010101
101010101
0100100101
0010101010100
001010010
010100101010
001001001001
01010010101
010100001010
0001100010
010010101
010101001
001001001010
0001001010
0010101010
00100100010
0101001010
000101010
0100101001
00110010101
0010101000010
1010101010
00010010010
0100101010
0001010010010
0100101010
010001001010
00101010010
0101010101
0100101001
010100100101
010010101
0101010101
0011010100
0100101101
00101010101
0101100101
00101100101
10100101010
010100101010
001010101
001010101
10010100100
0100000010011
101001010
010101010
101001010010
010010101010
0010100010010
10010101010
01001100101
001010101
10101101
010100101
0101001010
0101001010
101001010101
0100010010101
010101010
0101011010
0101001100010
00101001010
00101001010
01001011010
010101010
01010010010
0100010010101
010101010101
010010001010
010101010
0101010101
1000100101
1001001010
0101001010
01010101
01010101
1010101
01010101
01010101010
01001010010
0100101000
1001000101
001001001
001000010101
10101001010
0100101010010
0101100010
001001010010
10101001010
10000010010010
01010101000
001010101
010110101
010100101001
00101010101
010010001
0100010101
01010100101
0101010100100
010101010101
0100101010
010010010010
01001010101
01010100101
01001001010
00100001010
01010101
01010101
00101000100
01010101010
001001010
0011010010
00100011001
010010101
010010101
01001010101
