101001010
100101010
10010010
0101010010
01010100010
1000101010
1001001010
000100100010
0010100010
0100101010
1001010010
10101010
00010010010
0101010
0101001010
0100001010
00101010
1000100010
100001010
01010101010
01001010
010101010
101001010
010101010
010101010
010100110
100101010
0010100010
10100001010
100101010
10010101
01010101
01101010
100010010
0101001010
010100010
010010101
01011001
01010101
11010100
1010101
10001001
10101010
010010010
011010101
01010101
1000101010
010101010
0100100101
10001010101
100010100
0010010010
0101101
010010101
0100101010
01010010
01010010
1010100010
010101010
00001001010
0101010010
01001001010
01010010
1000101010
01100101
100010101
001010010
1001010010
010101010
0001010010
010101010
1000101010
010101010
010101010
0101010
100101010
101001010
1010001010
0010101010
0001010010
0101001
101010100
0010001001010
00010101010
101001010
00101010
01010101
10010101
010101010
01001010010
01010101
0110101
010101010
010101010
00101010
010101010
10100101
10010101
10101010
0010101010
1010101
1010101
10101010
010101010
0110010010
01001001010
01011010
01010010
010101010
0101001010
0010101010
00100001010
010101010
100101010
1010010
010010110
010101010
10001010
010010010
01010010
1010101
001101
1001010010
010101010
100100010
010001010
0000100101
010010101
1001001010
10101010
1010101
1010101
11010101
1010101
10101010
0101010
01010011
00110101
0101001010
0101001010
10010101
0101001
1010101
01010101
000101010
10101010
110101010
010101010
01001010
00101010
10001010010
0101010100
10010101
010100101
001001001
01010101
010101
01010101
100101001
010100101
0010101010
01001010
0101001
01010101
0100001010
10001001010
10010101010
0101001010
001001010
00010010010
010101001
01010101
010101010
0010010010
1001010010
010101010
00101001
010101001
10000100010
10001010010
000101001
001001001001
01010101
001010101
001001010
0000001010
010101010
100100010
010101010
00101010
10110010
010101010
1010101
10101001
01001010
1000101010
001001010
00101010
1010010
1001001
010011001010
100101010
01010101
01010101
0101010010
001010010
10101010
00100101010
101001010
0101001010
01001010
010101010
0010101
10100101
00101010
10010010
1010101
00110101
00101010
101010010
101001010
01101010
010101001
1010101
0010101010
000101010
010101010
0010010010
010101010
00101010
1010100010
010101010
00101001010
101010
0010101
1010101
1010101
01001001
0110101
1010101
0100101
01001010
00101001
10010101
01010101
01010101
1010101
10110101
1000101010
010101010
0101010010
10001010
010011010
1010010010
10010010
011010010
1010101
01011001
10101010
010110010
011001010
01010101010
010101010
01010101010
010011010
1000101010
1010010
00101010
10100101
0010101
0101001010
01001010
01001010
1010001010
100101001
1000010101
010010010
0010110010
01010101
1010101
010101010
10101010
010101010
001010010
0101010
10101010
010110010
01010010
10001010010
00101010
010101010
1000101010
10100101
01010101
10001010
0101010
00101010
010101010
1010010
010101010
010010010
01001010
001001010
010101010
010101010
10101010
100100101
01010100001
00101001
010101001
010101010
010001010
010001010
0101010010
00100101
00100101
01001010
10101010
010011010
1000101010
001101010
0101010010
10101001
0100101001
101010010
000010001010
10100010
10101010
10100100010
1010100100
101001000100
1010010100
10100100010
10100100010
10100001
101000101
1010010010
1010100010
101010001
101010100
101010100
101010100
10100001
0010100100
10101010
101001010
1001000010
10101010
1001010010
0010010010
100010100100
1001010100
01010010010
100010010
010010101
1001000101
10010010010
01010101010
000101010
101010010010
101010010
010011001010
01010101
0100101
0100100010
10010010
110010100
010101010
000010101010
10101010
0101010010
000110010
01001010
001001010
001010010
01101010
001001001010
0100010010
010010101
0010010001
010101010
101001010
0100101
1010101
0101001
1000010001
01010101010
101010010
0000101010
010101010
010101010
0011001010
010101
10010101
0101010010
100010001010
0100101010
00101010
010010101
01001001
10101010
0101010010
01001010
010101010
010010101
001010101
010101001
01010101
1001010
01010101010
10101010
00101010
01001010
0010001010
101001010
0000101010
10100101
01010101
01101
100010001
01101010
00100001010
111010
01010010
1010101
11010101
1010001001
1010101
1010101
01010101
00101010
00101010
01100010
01001001010
1000101001
01000101
01010100
1010101
0101010101
010100101
0000101010
1000101010
010101010
010101010
100001010
0101001010
0101010010
10101010
100000100010
010101010
0100101010
101001010
100100010
10001010
10010101
01010101
000000101010
10101010
10010001010
10101010
100101010
10001010
010100101
1001010101
10001010010
0100101010
010101001010
010101010
101000100
100100101
010101010
0000101010
01010101
001011
1001010101
01010101
0101101
010101
01010101
101010
10010101
100101001
010100101
0101001
010101010
010101010
010101010
1001010
001010101
011000101
010101010
0101010010
0101010001
01010101
01010101
100110101
100101010
0100101010
0100101
01010101
0110001
1010101
010101010
10101010
0101001010
00101010
010101010
10001001010
01010101
01010101
0100101001
1010101
1010010101
010110101
0110101
10101001
0100110101
01010110
010010101
010010101
00010101
01010001
01010101
01010101
010101010
1001001010
001101010
010101010
1001001010
11101010
010001010
101001010
10010101
010101010
0101010010
01010010010
01010101
101010101
01101010
10101010
1010101
100010101
10101001
001101
1001000010
00101010
010101001
10101001
100101010
000001010
01010101
1010101
101010111
010100101
01000101010
001001010
01010101
001001011
01000101
1100101
01010101
010010101
010101010
10001010
10101010
10001010
10100110
010101010
0101010101
10000101
110101010
00101010
010101010
001001010
010100101
01010101
00101010
010101010
0100101
00100100101
001100101
01010101
0010001010
010010010
01010101
010011001
0101001010
1001001010
101001010
0010100010010
1001010101
01010101
0100101010
1000001010
00101101
10100101
101000101
1010000101
100101010
0001010000010
00010010010
10001100010
1010101
00100101
0101101010
0010010010
001010010010
0010100010
010100101
010100101
01010010
010101010010
01010010
100010101010
1000100010010
001001010
100100101
100010101
100010101
01010101
010101010
0100101010
011001010
100010010010
1000101001010
01001010
0110000010
010101010
01010100
01010101
101010001
01010101
100101010
10101010
1000100101
010010101
01010101
01010101
10100011
00101010
001001001
00101010001
10010101
1010101
10100101
1010101
01010100010
011001010
010110001
1010101
1001010
00100101
01010010010
010010010
01001001
01010001001
10100101
010010101
0010010010
1001010010
100100010
010010110
010000001
10100101
010101010
010001010
010101010
010101010
01011001
100010101
0001011010
100101010
1010101
0110000101
010010101
00101001
001001010
010100010
0100101010
0100101010
10001010010
0100110010
010101001010
0001001010
100101010
010100010
0101010
0101001010
0101001
00100101
10100001
010100101
100101001
00100101
1010100101
100010101
01010101
01010101
100010010
001001010
0101001010
010010001010
01010101
01010101
001101001
010101010010
0010101010
010010110
1010011
01010101
010000110
10101010
0101010010010
01010101010
0100100101
001001001
0101001010
101001010
10101001
010100101
010001010
011001010
0101001010
100010010
1001010010
000110010
100101010
100001010
0010101010
10101010
100010101
001010000
10100101
01010101
001010101
10010101
10010101010
010101010
1010101
010101001
1010010000
10101001
100110010
0001010010
010101010
10010001010
011001010
001001010
0101000010010
0010010010
10010010010
0100001010
100101001
01010101
1001001
0010101
1000001010010
000101010010
10001010
1010001010
101001010
1010001010
0100101010
1000101010
100010101
001010101
101001010
1001000010
10100101
010000101
1010010
1000101010
00100001010
10101010
10100101
001010101
01010101010
10101010
1000101010
0001001010
10101010
100010010
101010
000101010
0010001001
0100101001
01010101010
01010010
101001010
01010101
010101010
01010010
101010010
010101010
101001010
010101010
01010101
0010101
100101010
010101010
0010100010
0010101010
001010100001
10010010
00001010
10101010
00101001
0010100101
0101001
01011001
001001010
10010100010
10010010
10001001010
001101010
01001010
0100101
10101001
010101010
1000101010
10101011
01010010
100101010
0000101010
10100101
01001001
01010101
01010101
1010010010
0010101010
01010101
010010101
010100101
01010101
010101010
0010001010
010101010
0010100010
100100000100
10100101
010001010
1001001010
10101011
0101010
0010101
010100101
00100010
00101001
000101010
010101010
0000001010
1001010
1010101
00100101
010101010
00101010101
0010101010
101001010
010101010
00101010
10101011
0101010
010010010
010101010
010010010
010101010
011000101
00101001
010101010
100101010
01010101
01010101
01010101
1001001
01100010
1001001010
0101010101
0100101
010101010
0010010010
01010100
01101010
010101010
01001010
0101010010
10101010
01010101
01010101
01010101
010101001
1001010010
0010101010
010101010
1001001010
100101010
10101010
0101001010
10101010
100010101
1001010101
001010101
10010101
10010010010
00010101010
100101010
100101010
010101010
1001010010
0010101010
10101010
01010101
1010101
10101010
00101010
001010101
100101001
0100101010
0101010
10101010
0101010010
010101010
01001010
10100101
010101
010101010
010101010
01010010
0101001010
01010101
100100101
01010101
010101
0100101010
100010010
1000101010
1000101010
010101010
10101010
01010101
0010101
010101010
010001010
00100101010
010101010
0010100101
1000010001
10101001
010101001
10100101
0100101
010101010
0001101010
0100100010010
0101010
100101010
010101010
0100001010
10100110
010110010
1000101010
010100101
10010101
10101010
10010010010
01010101
01010001
0101001
0010101001
01001010
011001010
10101010
10101010
000010010
01010010
01001010101
01010010
0100101010
0100110010
001010101
0100101
01010101
01010101
0101001010
0101001010
01001101
01010101
0101001
01010101
00010101
01010001
00101001010
100101010
010101001010
01010101010
100100101
10000101
01010010
010101001010
0101001010
101010010
100010001010
0100101010
01010100010
0101001010
0101010010010
0101001010
010101010
1010000010
10010101
100010100
01010101
00100101
001001001
00100101
01001010
10101010
10101010
010101010
10100101
100100101
101001010
010101010
0011001010
00101010
010101010
10101010
01001010
1000101010
0100101
010010101
0101010101
0101001
110010
01010001010
00100100010010
00101010
0101010010
010101010
10101010
01010101
100101010
000010101010
00101001010
01001001010
1000101
010101
0100100101
01010101
00101010
00101010
0101010
010101001010
010100101
0101001
010101010
0010001010
10101010
000101010
010101001
01010001
0010100010
010101000010
100001010
10001001010
0101010010
010101010
010001010
101001010
1001010
010101010
010110101010
010101010
0110101
10010101
000001010
001001010
1000101010
001010010
010101001010
1000001010
010101001
100101001
1001001010
01010010010
1001001010
001001010
01000101010
0101010010
0010101
101010001
010001001010
000101010101010
10001010010010
100101010
010101010
010001010
100011010
010101010
010101010
011001010
1010101
00100101
001010010
010110010
1010010
010101010
1001010101
0010010101
10100100010
01010001010
010001010
101001010
0101010010
101010010
01010101
01010101
010100101
1010101
0101001010
010110010
100010010
001001010
1010001010
0011010
101001010
1010100010
010101001010
0000101001010
0101001010
1000101010
10010101
00100100101
001010010
0101000110
01001010010
01001001010
1001001010
01010010010
01010101
01001000101
10101000010
010101010
101010100
0101001
010101010
0101001010
10010100010
0101000010
0100010010
01010010
001001010
01001001010
1010101101
01010101
01010010
011001010
1000101010
000101010010
010101001010
010101010
001001010
1010001010
0101000010
10100010
10101010
00110010
1010101
10100101
10001001010
10101010
01010101010
01001010
01011001
00101001
0101010101
01001001
100101010
0101010010
101010010
01101010
010101001
01010101
01000101010
00101010
100010101
010101001
010101010010
01001010010
010100101
100101
010010101
1010101
10010010
010101010
100101010
0101010010
0101010010
1001001010
10100100101
001000101
0101010
1001010010
0101001010
00001010010
01010110
10100101
0101010101
10010101
01010101
01001101
01000101010
0000010010010
101001010
01001010
00101010
001001010
010100101
0010101001
10101010
0010101010
010101001
010100101
100011001
00100101
10010001
01000101
010101010
001010010
101001010
010101010
010001010
1001001010
100010010010
01001001010
10001010
010101010
010100101
1001010001
100101010
0101001010
10010101
0110101
1010010010
01010010
010101010
001010010
0010100010
1010101
1001001010
00101010
010001010
101000100010
010101010
1010001010
010010010
10101010
01010010
01001010
101001010
10001010
010010101
0100101
010101010
0101010010010
01001001010
010101010
0010101101
10010010
10010101
10010101
0101001010
01001101010
10100101
10010101
10100110
10101010
100101010
01001010
0010101
0101001
1001010010
001101010
0100110010
010101010010
0100101
0101001
010101010
10001010
00101010010
0010001010
0010001010
00101010
001010101
01010101
101010101
100101
101010
0010100010
100101010
1001010000
1010101
100010001
10010010
1001001010
01010001010
010010010
100100101
100100101
100101010
10101010
010101001
1010101
010101010
00110010
0101001010
01010010
101010010
1000101010
0010100001
0100110101
010101010
1000100010
010101010
01010010
01010001010
000101001010
01010101
01010101
010101010
100101010
010010101
01010101
101001001
010101001
1010010010
10101010
10101010
10001010
1001010100
1010101
10001001
1100101
01010101
0000101
01010101
0101010101
101010101
10000101
100110010
00101010
010101010
100101010
0100101010
1010101
100101001
0100101001
010010010
0101010010
100010010010
00101010
1001010
1010001
100101
01010101
101010101
01010101
1001010
0010101010
101001010
010010010
010101001
00101001
0110001
01010101
001010010
10101010
1010101
100101001
01010010
010101010
1010101
0010101
0101010010
1001001010
0101001
00101101
001101
1010101
00100101010
0100101010
00101010
10101010
1010101
0100101
100010101
01001001
10100001
1001101
001010101
1000101
10100010010
0001010010
0011001
100100101
011001010
0010010010
010101010
0101001010
101001001
10000101
00101010
00101010010
001010110
010101010
10000101
10100101
001010010
0101001010
001010010
10010010010
0010001010
10101010
010100010
0001000010010
1010101
00010101
10101010
0001010010
10001010
010000101010
0101001
1010101
100101010
100101010
100101010
001001010
100100101010
010101010
010101010
1001010010
001010010
100101010
0100101010
1000101010
10001010010
0100101010
0100101010
101001010
100101010
010101001010
01001010
001001010
10001010
1001010100010
010101010
0110010
0101001
0010101
01010101
1010101
1000101010
100010001010
10000101010010
100010010
010010101
000010101
0100101010
0101010010
010010101
010101001
010101010
1000001010
10101010
000101010
1001010010
01011010
010101010
0010001010
1001010010
001001010
01001010010
10101010
010100101
1011001
01010101
010100101
010101010010
010101010
0000101000
10101010
1001010010
100101010
010101010
0101001010
01010101
0101010001
010101010
0101001010
010010101
01010101
0010101010
0101010010
01001010
1000100010
010101010
1001010010
0100001010
010100110
100101010
010101010
0101001010
001000110
000101010
001001010
10101011
10010101
0100101
10101010001
00001010010
1000101010
010100101
101000100
1000010100
1001010010
00101001
010010001
10000100101
101000101
1001010010
01010100100
1000101001
01010101
10001010010
101001010
10001001010
100101010
10101010
100101010
00100101010
0001010001010
010101
10001001010001
0010101010
1010100010
0101010010010
100101001010
0010001010010
1001010010
100100101
100100101
01001001
00100101001001
010100101
101001001
010101010
010101010
0100100101
01010101
10010010
0010100010
10100101
10010101
0101001
0010100101
010101
01010101
001010010
000101010
010101001010
010001010
1010100
1010101
100010101
01010101
010101
100101001
0010101000
100010101010
001010101010
01010010
100001010
100010010
01010101
010100101
010101110
0001001010
0101001010
001010010
100010101
01010101
01001000101
010100101
00101010
0100010010
01010010
0010101010
100100101
1001001001
010101010
0010010010
00100100101
10101000
10101011
0100100101
100100010
1001010010
01010010010010
1000101010010
010010100
01010101
001010001
01010101
0010010101
001010101
01010101010
1001001010
010101010
001010010
01001010
0100101010
01010101
10010101
0101001010
010101010
10100101
10010101
01010101
01010101
00101001
01010101
0010001010
10101010
01010101
01010101
0100101010
01010010010
10010010010
0101010
0100101001
010100101
01010101010
010101010
010101010
000010010
01001001010
01010010
00101010
001001010
0100101
000101001
001101010
00101010
01001010
100101010
1010101
00100101
10100101
01010101
0010101010
10010010010
1000101010
10101010
000101001
010100001
10010001010
1010101
01011001
010101001
01010101
001101001
0101001001
1001010
010101001
01010111
10101010
001001010010
01000010
01010101010
010101010
10100001010
100101010
01010010010
100101010
0101001010
00101010
00101010010
01000101010
10001001010
1000101010
100010001010
010001010
010101010
101000101
010010101
010100101
010101001
0101010010
010010010
101001010
0001101010
00101010
00101010
010010010
00100100010
0100101
1000100101
00010101
100100101
010101010
10101010
010101010
10010101010
01010101
0100101
0101000101
10100101
01010101010
0101010
0101001010
00101010
0010101010
01010010
010100100
01010101
01010101010
011001000
010101010
101001010
01010101010
100101010
01010101010
0101001010
01010101001
101010101
010101010010
101010010
010100101
010101
0101000101
010010101
0101010101
010101
00101101010
0100101010
010100101
101000001
0101010101
0010101
01011001
010100010
01011000101
10100101
001000101
1010010100
001010010
0100101010
10101010
1001010010
0010001010
010101010
100101001
01010101
010101010
10001010010
010101010
010101010
00001001
0101001
1010001
10100101
10101010
011001010
01010101
010101001
0101001010
00100101010
11101010
101001010
00101010100
101001001
010101010
0001010010
1010101
100100101
0101010010
010101010
01010101
1000101
0100110010
10101010
1010101
01010101
10010101
1010101001
10010101
01010101
1010101
10010101
010101001
0101001001
010010101
001010101
01010101
1000100101
1000010010
0101001010
0010001010
010101010
010010101
010010101
010101001
100100101
010101010
010101010
010010101
010101001
01010101
100101001
01010101010
0100101010
10010010
010101010
00101000101
100000101
001010001
101000101
01010001
0010101001
011001010
010100100000
0101010001
1010101
010101010
1001001010
0101001010
0010101010
01010101
01000101
010110001
010010101
10010100010
01001010
10010010010
00101010010
0010001010
0010001010
1010101
0100101001001
100101010
01010101010
