101001010
0010101010
010101010
10001010010
010010101
0100101001
0011001010
001001010
0101010100
0101001010
1010001
01010101
0010101
010010101
00010101010
100010010010
1000010100010
01101010
010100101
0101001
0100100101
0100101
1010101
01010101
1001001010
010101010
101000101
00101001
0010101010
1001010
0100101
01010101
01010001
10001101
01011010
0100101010
01010101
1000101
0000101010
00001001010
0010110010
010011010
01010110
0010101010
0101001010
01001010
010100101
0010100101
01010100101
010010101
100000110
00101001010
010101010
100101010
000010010010
00101010
01010101
01010101
0100101
100010101
00101010
10100101
010101010
00011010
10010101
100010010
010101010
100100110
10101010
00101001010
010101010
100101010
100101010
010101010
10101010
10011000
011010010
010001010
0010101010
010101010
101001010
010101010
1000101001
1000101
10100101
10100101
0101001010
0101001010
0101001010
01001010
100001000100
1010101
001001010
00100101010
1010101
100010100
10110110
100100101
100101
010010010
100010010
100001000010
101010100
1010110
1010101
100000101
01010100
0101101
0010101
010101
010100110
00010101010
10001001
01010101
10100010
01010101
01001010
1000010010
1010101
1001001
10010101
01010101
00101001
0010110
010100101
100101100
1000101010
1000001010
01001001010
01010010
0101001
1010101
010101010
0010100101
1010101
01101001
10101010
00101010
0010101
1010010
0010101
01001001
101001010
000101010
1010101
10010010100
100010010
10001010
100101001
10010101
001001001010
000101010
1010101001
10100101
010101010
00100011010
10010101
010000101
0010001010
0101000010
0100101
01010101
10100101
101001001
10100101
1001010101
01010101
1010101
00101001
1000101
010101010
0010001010
101001010
0101001010
1010100010
010010010
00101010
00100101
1010001
0010101
10101001
0001010101
10100101
10101001
01010101
10100110
0010101
01100100
100100010
010101010
0010101
01010101
1001011
001010101
10100101010
01001010
10101010
0101010010
010100101
1000100101
101001010
10001001010
10001010
100010010
01010101
100101001
101001
1010101
01010101
0100001001
00100101
01010101
100101
001010101
010010010
010101010
0101001010
100101010
101010010
10101010
01011001
0000101010
010101010
010101010
1001001010
010101010
1100101
01010010
00101010
1010101010
1000101
0100100101
0010101001
01010100101
10010101
01010101
01001010
10100110
01010010010
100101010
01001001
01010010
100010101
101000101
