001010010
10101010
0101001010
01001010
010101010
00101010
010100010
01101010
0100101010
0101001010
0101010
10010101
10010101
10010101
1010101
0101101
010100101
100101
0100101010
010010010
0101001010
100101010
1010101
10001001
00101010010
001010110
10101010
0101001010
100101010
010101010
001010101
0010101
010101010
0100101010
0100101010
101010010
010101010
0111001010
010101010
01010110010
100101010
010001010
010101010
101010010
0100101010
010101010
1010101
100101001
10101001
01010101
01001010
1010101
0101001010
010010010
0000101010010
10000101010
100100101
01010101
0010101010
0101001010
0101001010
0101010010
0101001010
00101010010
010101010
010101010
001010010
1001010010
001011010
0100101010
010101010
101010010
010010110
01011010
00101010
101001010
0101010010
101001010
001010010
10101101010
1010101
0101001
001001010
10101001010
0100101
01010101
00100011
10010101
010101010
0010010100010
010001010
000101010
