00101010
010101010
010101010
010101010
1001010
00101010
010100101
1010101
01001010
01001010
10100101
010010101
001010101
010101001
01001001
001101001
0000101010
010101010
1010101
01010101
10000101010
10010100010
1010101
01010101
0101001010
010101010
10010101
101001010
010100101
001010011
00101010
100110010
1000100101
1001001001
010010101
00100101
001010101
0101101
010010101
10010101
010100001
10010101
0100101
01010101
010101010
000101010
010101010
010010010
1010110
0100101
010100101
01010101
101001010
00101010
00101010
010101010
0100101
1010011
010101010
001010101
01001010
00101010
00100101
100110001
010101010
010101010
010101010
10101010
0101000101
1010101
1001010010
01101010
10101010
10101010
10111
01100101
0101001010
01010010
10101010
101010
010100101
001010101
101010
0010001010
01010100
100101010
0010100010
100010010
10001010
01010010
01010110
100010101
01010
101001
010101010
101001010
1010101
010101
00110101
10101001
1011010
01001010
100100101
0100101
010100010
010101010
010101
1010101
100010101
10010101
010101010
010101010
1001010101
01010101
001101
100101
01010101
1001001001
01011010
010010101
01010101
0100100101
10100101
0101101
10011
100010101
1010010
0101000010
1010101
01010101
010101001
10100101
0010100101
0010101
10000101
100100101
100101001
011001
10101010
00101010
010101
101000100
010101001
1010001010
01010010010
010100010
1010101
0100101
10101010
010101010
01000100
01010100
010101010
01101010
010101010
010101010
1010011
10110
0110101
010100101
010101010
01001010
01010101
100100101
0100101010
10101010
010101
10101001
010101
0100101
001010001
001010101
010101010
10101010
10101010
1010010
01011001
1010101
010101
01010101
010010110
01010101
001000101
00100101
0101010101
1010010100
01010110
10100100
1010101
10100101
10010101
1010101
01001010
10001010
10100101
1010101
10100101
0010100101
01010110
01100101
0101001
1010101
10101010
10101010
1000101010
10101010
10100101
010100101
1010101
10010101
010100101
01011001
01010101
010010101
0101010
010100101
1010101
01010101
00101010
10101010
101001010
010101010
1010101
01010101
01001001
10100101
1000010010
1010010
010010010
101010010
100101
1001101
100100100110
0010010010
01011010
0100101010
10110010
10101010
00101010
100001010
010101010
100101010
00101010
101010010
010101010
110001010
1010101
10010101
10101010
10100010
010100101
01010101
010100101
0101010101
100101010
10101010
1010101
01010101
0010101
0101101
01010101
001100101
01010101
100010101
01001010
010100101
0101011
101010101
10101010
10100010010
01010101
01010101
0010101010
010100110
