00001001010
0101010010
00001001010
10101010
0101010101
10100101
011010
010100101
10010101010
0101010
100100101
100100101
0010010010
010100110
00101010
101001010
1010101
00101000101
01010101
011001010001
100010010
010101010
100100101
10001001
101000101
101011
01100101
010101001
010101010
1011010
010101010
0101010010
0100101
1000101001
0101001010
001010010
0101001010
10101010
1000101010
101001010
0101001
01010101
0100101010
1000101010
001001010
001001001010
010100101010
0000101000010
010110101
1010101
01010101
10101010
101000010
100010010
01010101
1001010001
0101001
01010101
0101001010
01001010
0010101001
10010101
0101010010
1001010010
01010010
00101010
01010101
010100101
001101010
000101001010
101001010
10101010
10101000100
10010100
100010101
01010011
10100101
001000101
010101010
01010001010
100101
01010101
010010101
10100101
01010101
010101001
1010101
00101010
001100101
0101001
10101001
01010101
10100101
10010101
001010101
101010101
1010110
01010101
001001010
10010010
100100101
010101000
0101000101
1010101
10100101
01011001
01011010
0100101010
0100101
10100011
10100101
1101101
01010101
100100101
1001001010
010101010
0101010
10101010010
01001010010
0010001010
100101010
10101010
01010101
00101010001
001001000101
10101001
01001000010
101001010
10100101
10101
010101
010010011
010010010
1010010010
10101001
010100000101
01010101
0010101
100110010
0101010
100010101
000010100001
001010010
101010010
10101010
1101001
0101000010
10010010
001001010
001001010
010101001
0010100101
01010110
001010100
01010101
01010101
100011010
00101010
01000101001
10000101
100001
01010101
01010101
01000101001
10101001
010010101
10101010
1010001010
10101010
010101010
1010101
10010010101
0101010
0101010
0100101010
10010001010
01011010
100001010
1010101
010101001
1010101
1010101
0010110
100101010
0101010101
010110101
001010101
10001010001
100010011
010100101
10101001
010100101
0101010010
010101010
10101010
0101001010
1011101
01100101
010101001
00111001
0100100000
0101010
0100101
010101
010101001
0100100101
010101001
10100101
01010101
010010101
10101010
01001010
10101001
010100011
0100100101
01010101
010100100
010100010
10101010
101101010
01010101
0101010101
101010101
1011000101
0100010010
0010101010
10101010
01001000110
01010101
10010001
0101001
01010101
10101
101001001
101001
0100101
100101010
001010010
10100101
01010101
00101001
10001101
0010101
0101010001
100101010
00101010
10010101
10100101
1001010
10101010
010100101
10100101
0101010010
0101011010
1010001010
001010010
1010101
0010100101
00100100101
010010101
10010101
01010101
01010101
010100101
010101010
010101010
01011001
0100100101
010101010
001010110
1010101
001010101
0010010110
100101010
0101010010
0101001010
