1000101001
010010001
1010101001
011101
01010101
1010101
1010101
0110101
01001010101
0110101
1010001
101010101
00101101
1001001001
1010101
00101001
01010101
10010101
0110101
01010101
1010101
0101100
0101101
0101100101
101010
010101010
1010101
010101
10100101
101001101
010100101
100100101
100101001
00101001
01010101
100101010
101001010
1010010
1010101
0100101
0010100010
0100010010
000011010
011001010
101001010
0101010010
1010101
101100101
01001101
00100101001
010101
010001010101
01010101
1010101
010101
01010101
010101
1010101
1010101
010101
1010101
0110101
01010101
010010001
01010101
1001001101
010101010
0101010010
001010100101
010101
01010101
1001001
01010101
01010101
0010101
0010101001
1101001
010100101
1001001010
00101010
01010010010
101101010
00101001010
101001010
00100100101
010010101
101000101
100100101
1010101
010100101
10000010001010
00010110010
0100101
01010101
01011001
1001101
01010101
101100101
101010
0010101010
01001001010
010101010
01010101
01010101
010010
1010010
10101
1010101
10101010
0101001010
000010010010
1001001010
01010101
1010101
01010101
100101001
10100101
10010101
101010010
100101010
10101010
10101010
10010101010
10101010
10000101
1010101
0100101010
01010010
01010010
0100101010
1001010010
010101010
10100001010
010101010
001010101
00110101
100001010
10101010
001001010
10101010
01010001010010
0001010010
010101001
10010101
1010010010
010101010
1010001010
010101010
001001001
1001010101
00101010
1001000010
0101010101
1001000101
0001001010
10101010
0001001010
0000001010
001001010
10101010
101000101
0101010101
01010101
1010101
1011001
1000101
101010000010
010101010
000101010
01010101010
010101010
001001010
001101
00101010100
1010101
1010101
1010101
101000101
1010001001
101010
00101001010
10101010
10010101
000100100101
0101010101
00010001001
1010010010
0100101010
00101001
010010101
10101001
1011001
01010101
0110101
10100101
0001001010
00100101010
1001001010
00101000101
01010100
10101010
100100010
10010101
101010101
100010101
01001001
0010101
010100101
010001010
10101010
100010101
0010101
01001010
00101010
101010
10101010
101000010
010101010
10010101
10100101
01001010
1001001010
1010101
100100001
010101010
010101010
01101001
010100101
010101010
0101001010
010101010
1000101010
10010101
1010101
1001001
01010101
010010010
000101010
00101010
010101010
10101010
010101010
10101
100100001
010101
100101
01010101
1110101
0101001
01001001
1010010
10101010
10100101
010100101
100010101
01010101
100100101
1010101
1010101
100100101
10010001
01010101
00100101010
10100010
1010101
1010101
0101010
001001010
01010101010
101001010
010010010
001001010
01010101010
010101010
1001001010
010101010
1010101
1010101
10101001
010010010101
10110010
0101010010
01010101
0101001
01001001
10010101
100010101
01010101
01010110
10010101
00101010
10110010010
10101010
0101001010
0101001
000010101
1000101
01010101
1010101
10100101
010101
01010001
01010010
100100101
010101010
10101010
001010001
010010101
1010101010
10101010
001010010
0101010010
0100101
0101000101
01000100010
0100101010
1010101
010101001
0101001010
01001010
001010010
1010010
10010001010
10101010
1000101010
10001010
010010101
010101
10101010
10010101010
010100001
01001001
