010101010
0010101001
010101010
1010001
10101010
01010101
0010101010
001010101
01010101
010100101
01010101
01011001
1010100101
0110101
01010101
0010010001
001001010
01001010
01010101
10101010
01010101
010101010
001010001
010101010
01010101
010101010
0101001010
0101101
01010101010
1000000101
010100101
010101001
01010101
10010101
0001010010
00101010010
101010010
0100001010
101001010
01001010
0100100010
001010010
100010101
0001001010
010101001
001001010
010001001
01001010010
010000101
010101010
0001000101
100101010
010101001
0000101010
010100101
000101010
10010100100
100101010
01010101
100100101
010100000000
1010101
1010101
010000001
01010101
01010101
0101000101
001010010
100100101
101010010
0010101
0101010010
0001010101
100101010
100101010
01010101
010101010
01010101
010101010
01010101
0100101010
1010101
10101010
000101010
01001001010
100101010
1000101010
010101010
1001001010
100101010
1010100010
001010001
00101000010
01010101
01001010
1010101
010100010
1010101
000010101
0101000
01001001
100010101
1001000101
100010101
100010101
1101001
000010101
0100101010
100100101
01001001010
1000100101
01000101010
10101001
1000101010
010101010000
0100101010
100101010
1000100010
10101010
0010101010
010101010
010010010
000101001
01010100010
10100010100
0101001010
100010101
0100101010
10001001000
100101010
00101010
010101010
111101000000
1001001010
0101001010
0101010
100101010
01010101010
010101010
0101011001
10000101010
01010101
10001001010
0101010
000101010
01010000100
0101010010
01010101010
10010000010
000101010
1000101010
10010101010
101000010
10001001010
10101001
10010101
01010101
1010101
010110010
10100101
0100101
000100101
0010101010
001001010
10101001010
000101010
01001010010
0100110010
10100101010
10101010
0101001
1010110010
0101011
010010010
010101001
000101010
0010101
1001010100
100100101
0100100101
11001010
0010101
010101010
01010101
010010101
0010101001
1001000010
0100100101
010101010
0101001001
1000101010
101010101
00100101010
000100101
100101010
0010101010
00101010
10101010
0101001010
10010010
001010010
0101010010
10101010
101010010
10101010
010010010
1001001010
01010101010
1010110010
1000101010
101001010
0101010010
010101010
00101010
0010101010
010101010
101010010
10101010
10100010
01001010010
1001010010
101001010
10000101010
10010001010
10101010
001001010
01010101
100001010
10100101
1001010
010100101
1010001010
010100101
101010010
0101001010
010101010
0001001010
10101010
010101010
0101001010
0101001010
101010010
001010010
10101
00101010
0001010101
100010101
0100101
1011010
100001001
0101010010
101000010
100001010
001001010
01001010010
0101000000000
10100100
1001010010
0101001010
00101010
00101001010
0000101010
100001010
0100101010
010101010
010101010
100110001
001101010
01010101
010101000000
01010101
001010010
010101001
0101010010
010110010
100101010
10101010
100101010
01010001010
01010101010
01001010010
1010000010
001001010
0000101010
101001010
0101010010
10101001010
01000100010
01010101010
101010010
