010101010
1000101010
010010001010
0101010
01010101
010010010
0010100101
010010101
010101010
10100001010
101001010
001010100010
0010001010
10101010
10010010010
010101010
00110101
0010010101
0100101
001010101
0010100101
00010101
100101010
010101010
100100101
1010101
01001010010
10010010010
100100101
101010101
010101010
1010001010
101001010
0000001000110
0101001001
010101001
00101001001
101010101
01010101010
010101010
100101010
100100010
0100101010
0101010010
010100101
10101001
01010010010
100000001010
01001010
0100101010
0101010010
0101001010
01000011010
101010010
010101001010
01010010
101001010
001001010
0101101
10010101
001101010
101001010
0100011001
1001000101
01010101
00010101
101010010
101010010
100010100
010101010
0010101001
011100101
01010101
000100101
010001010
010101010
1000101010
010100010010
10101010
010110010
101001001
0100100101
01010101
01010110
0010101
01010101
01010101
0010101
00100101
1000101001
011001010
1001001010
10100101
01010101
0101010010
1000001010
01001010
0101001010
100100101
00101001
010100101
0010010011
01001010
00010101010
001001101
01010101
01010101
1001101
0010101
0010100101
10101010
01001010010
101010010
0101001010
01010010010
10101010
010100101010
010010110
100010010
0010110010
0010010010
101001010
01010110
0010101010
010101010
10101010
00010101
010100101
0010001010
0100100101
10100101
01010101
0101010
0100101010
0101001010
10101010
0101001101
00100101
000010001010
101000110
010101001
01010101
010101010
100101001010
10010101010
100010010010
010100101
010010101
00101001
10010101
010101010
01010010010
01100101
10000101
0010100101
10010101
10010010101
01010101
0100110010
1010001010
010101001
001000101
01010101
010100101
01100101
100101010
10010001001
1010100100
0101010100
010101010
0100101010
100101010
1000001010
0101001010
101000001010
0010001010
0001010101
0101010
0000101001
00101010
1001001010
0010010001010
0010101001
1001001001
1010010010
010001010
0101001000
01010101
0101001010
0101101010
010101001
101010101
01001000
1001010010
10010101
100010101
0101010010
101010010
100000001010
01001010
10010010010
10010010
010101010
000001010010
01010101
10100101
100100010010
0101001010
010010101
10010101
10101010
1010100010
01001001010
010001010
001010010
10100101010
10010011
11101001
010101010
010101010
01001101
010100001
101001010
10101010
0001010010
100100110
01001010
100011010
100101001
010010101
0101010101
10001001
10010000010
10101010
01010101
010010101
00000101
10100101
100101010
0101010010
010100010
10101010
0010101010
0001000010010
01010101
010010101
1001001010
100001010010
010010101
01101001
100100101
01010100101
00101010
0101001010
0010100101
010101001
010101010
100101010
10100101
00101001
100010101
01010101
101000101
00100101001
0010101010
001001010
0010001010
0101001010
0101010010
001010101010
01010101
010100101
00010101010
1010001010
100100101
01010101
010100010
101001010
011001010
001010010
1000101010
0010001010
0100101
10001000001
10001001001
0100101001
010101000
10010000101
1001001010
0010010010
1000101010
1000101010
10010010010
1010100010
0100101010
1010001010
100101010
0010010100010
01001101
10101001
0010010001010
10010101010
011001001
100001011
1010101
100010001
1000101010
01010010
01001001
10010101
100010101
0010001001
101001010
010101010
100110010
000101010
10101010
01010001010
010100101
0101010
00101001010
0101001010
101010010
0100101010
010001010
101010010
1010101
01010101
01011001
010100101
010101010
10010001010
1010100010
000001001010
0110010010
010101010
1010101
100101001
101001010
1000100010
1010101010
0101010010
0101001010010
01001010
001010010010
0010111010
010101001
1000101001
101001010
010101010
10100101010
100101010
001101010
010101010
0100100010
0010010010
0101001100
10100101
1010110
10100101
1010111010
1000101010
010001010
10101010
1000101
01010101
0100001010
010100101
000101010
01010101010
1001001010
010100010
001001010010
0100101010
10100101
01010101
01001010
0100101010
100110010
010001010
0101101
10010101
001010101
01010101
010100010
010100101
010001010
10101010
010101010
1000101010
000100101
01010101
010101010
101001010
01001001010
010101010
0100110101
1010101
01010101001
01010101
01010101
0111001
01010101
010010101
10101010
0011000010
0100100101
00100101
100010010010
00101010
100001010
1010101
01011001
01010101
1001010010
101010010
10010101
01010101
000100101010
010101010
01010101
001000101
10101010
01000101010
0101010010
01000110100
00101001
001010101
01010101
0010101001
0100100101
100010101
010101010
010101010
0110101
0110101
0101010010
10001010
10000101
01010010101
010010010010
0010101010
1010100010100
01010101
001010101
010100101
001001010
00101010
010001001
01010101
01001001010
010101010
1010010010
1000100010
001001001
1000101001
010110010
01010000010
101000100100
0010101010
01101010
001010010
1010010001
0101001001
1001101010
101001010
01010010
010101010
001010010
00001010
010101010
0001010010
01010101
010010101
