010010101
010100101
1000100001
001010101
0100011010
100101010
00101010
100101010
1000010101
100101001
000010101
10010101
010101010
010101010
0101010
10010101010
1001010
00010110
0100101010
010101010
0101010101
0010010101
100101010
00110010
001010010
11011010
01010101
001010101
101010010
10100010
0101101
00100101
01010010
010010010
10001010
100010010
1010101
0010101
01010010
00101010
101010101
0101010101
0101001010
0010001010
101001010
0010100010
01010110
100101001
1001010010
0101001010
010101010
10101010
0101010
01001010010
0001001010
010101010
10101010
0101001010
10101010
10010010
0010110
100101010
001001001
101010101
01010101
1010101
10000101010
100101010
00101010
11010000010
01011010
001001010
01001001010
1000101010
0110101
01010101
000100110
01001010
10010101
1010101
01010101
0100101
100101010
101001010
010100101
01010101
10011010
0100101
1001010100010
010001010
00100101
00100100101
010100100
1010101
010101010
01001010
1000100101
10010101
010001010
01001010
1000100101
1010101
001001010
00101010
10100101
0101000101
1010101
01010101
01010010
0010010010
1010101001
10100101
01010101010
01010010
1000001
01010101
10010101
1010101
0101001010
0101001010
100101010
1010100
0010101010
010101010
10101001
10010101
100001010
100101010
1000100110
1000101010
010101010010
01001010
01010101
1010110
1010101
1010101
01010101
001010001
001001001010
10101010
00101010
1000101010
01010101
10101001
101101
1010101
101010010
01010010
010100101
101010
1000001010
0101001010
1010101
010101001
010101010
0010101010
0101010010
010010010
010100010
0101000101
1010010
10100101
1010001010
1010010010
0101001010
010010010
0101001010
00101010
10000101010
1001010010
010101
1010101
10100101
0100101
100101001
01010101
0010101010
100101010
0010101010
010010010
00101010
1001001010
10101001
01010101
100010010010
010001010
010011001
010100101
010100101
1010001
01111001
1010101
001001010
101001010
101001010
010110010
01010101
1001010
10010001
10101
10010010
010001010
100100101
0100101
010001010
00110100
011011
0100101
0101000010
01101010
0101001
01010101
0010010001010
0100101010
100100101
0100100101
0100101
010010101
10101010
00101010
0101010
0101010
010100001
01010101
1010100100
10100101
01000101
1010101
010101001
0100101
100101010
0010101010
0100101
0101001001
0101010
01001010
01001010010
0101010010
010001010
100101010
01010101
10100101
00101001010
10101010
10000101
0100101
010110010
10001001010
10101010
101001010
010010101
1001010001
100101010
10010010
01010010
0100100010
00001010010
10101010
100101001
010101010
1010101
01001001
1000101
01010101
0100100101
0010101
10101001
00101001
001001010
0101000010
001010010
00101010010
0110101
1000010
001001010
100101010
10101010
011001010
0010101010
010101010
0101010
010010010
1010101
0101001
101001010
100010010
01010101
1010101
01101010
1000110
010101010
101001010
0101010
10101010
01010101
10010101
0100101
10100101
01010010
01010110
10010101
101001
01001010
001010101
01010010
00101010
10101010
010010100
101001010
01001010
10100101
0110101
10101010
01001010
01001001
1010101
10001010
01001010
0100101
001010101
1001001010
000010001010
0100100110
01001010
001001010
0100100110
010100101
010010101
010101010
00101010
010101
0101010
01000101
1010101
01001010
010101010
1010101
010100101
0010010010
01010010
0000101010
0010101
0010101
1010101
101010010
10101010
01010101
1010101
010101001
10101001
00010100101
0100101
01010101
100100101
0010101
01010101
10100010
001010001010
10101010
01001010
010101
001101
0101010
10001010
001010101
10010010100
001001010
00101010
1010001010
101010010
100101010
010001010
100101001
0000010101001
010001010
00100010010
00101001
0101010
000101010
0100101
0010100101
01010101
0010100
010101010
10101010
1000101010
100101010
00101010
100101010
010101010
100101010
010101010
1010101
0010101
0010101
100101001
1001001
01001010
01001010
100101010
0100101
010010001
10010101
0100101
101010010
010100110
01010101
0010101
01010101
10010011
0101010
01010010
0100010101
1010101
10000101
10010101
010110010
010101010
1010101
10100101
001011010
10101010
010101010
0100010010
0010101010
010101010
01000101
0100101
01010101
01011001
0000001010
010101010
1010010
0100100100
010101010
1001001010
100101100
0100100101
10101001
0100101
0101001010
00100110
10101010
0101010
0100100101
010100001
101010010
100101010
001010100
10100101
1010101
10100101
1011010
1000101010
0110010
1000110010
010010101
0100101
10101
00100011
010010101
0000110101
011001001
10100101
001001010
01001001010
0101001
01001010
10001010
1010101
010101
01010111
0010001010
00101010
0110101
100101
010010010
1001010
01001010
10001010
01000101001
00101001
1001010100
101000101
00101001
00100001
001010010
1010010
010101010
01001010
01000101
10001001
0100101
1000100001
0101010
00101010
01010010
001001010
10101010
100101010
01011001
101001
10001010
0101001
0100101
10100101
0101001010
10101010
010101010
1010100010
01001010
01101010
010110010
010101010
0010101
01010010101
011001010
00100110
10100100
1001010
010010101
1001001
0100010101
10100101
010101010
010101010
100010110
010101010
00101001
1010101
100101010
101001010
10101010
00100101010
101001
010101001
10100101
010100101
0100101010
10100010
10010101
1100101
0101001
10010101
0100101
001010101
010101
01010101
1100101
100101
010101010
01010010
10011010
01001010010
0101010010
001010010
01001010001
100010101
01010101
1010010
01010101
100101
0010101
010010101
10100101
01100101
001100101
010000101
01010101
10101010
00100101
1001101
100010010
010101010
010100101
1010101
01001001010
0100101010
100001010
1010010
00101010
0101010
01010010010
0100101010
010101
0100101
00010001010
01001010010
001010010
01001001010
010101010
10101010
101010010
01001101010
100010101
0101001
10101010
00101010
10001010
0100001010
001001010
0100101010
01010101
00101001
001000101
1000100101
1000011001
10010100
001010110
01001010
00101010
0101010
01001010
1001100010
1000101001010
010001010
1010101
1011001
100101001
100011001
010101010
0101010
010010101
001010101
100101010
01001010
01010101
10010101
010100101
01011001
100101
00100101
010001010
1000101010
10101001
01010101
010101010
001001010
01001010
0101010010
100101001
01010101
001001010
1000010010
01010010
1010010
010100010
0010010010
001000101
01010101
010101010
0101010010
10101010
10101010
010101010
011001010
01010101
0111001
0100101
010101
0100101010
1000010
101001010
0010001010
100101010
0101010
0100101001
100101001
1010011
1010101
10101010
0001001010
1010101
101000101
1001001010
01010010010
10001010
0010110010
100101010
0100101010
101010010
010101010
01001001
101000101
001001010
0101001010
101010010
101010
00101010
10001001010
01010010010
0101001010
100010101
1000001
00101010
00101010
01011010
110011
010101
01010101
01010101
01010101
01001010
0001010010
0101010
0010101010
001010101
010001001
100101010
010101010
1000101001
1010101
100101
010010100
1010101
1010101
010101010
010101010
0110010010
100101010
1001010
010010010
01010010
00101010010
0100101010
00101010
10101010
0100110
1010101
10010101
10101001
10100101
01001001
0101001
10101001
00101001
01011010010
10101010
10010101
01010101
010101000
10010101
01001010
01010010
01100101
01001101
1001010
10001010
001001010
1010010
01001010
10000010010
00100101
001001001
01010101
1010101
010101010
01001010010
010101010
010010010
010100110
0100101
010101010
100101010
01001010
00110010
10010000101
010100101
01010101
100010100
10100110
100000101
10001001
10101001
1000101010
010101010
1000001010
1000101010
01010101
01010101
01000101
1010101
10001010
101010010
10100010
100100110
0101001
01010101
01010100
101010
01010101
1010101
010101010
01010110
010001010
11101010
01001010
1010101001
100011010
00101010
1001010
00101010
10101010
1010010
010101010
001101010
01010101
000101001
0010101
1010101
001101
01010101
1001001
010010101
010100101
10001001
0011001
0101001
1010101
101001010
0101010010
010001010
00100001010
010110010
10101010
001001010
100101001
01010010
001000101
100010100
001001010
00100010010
101010010
0101010
0101001
100101001
010100100
0101010
010101001
01010101
0100101010
010101010
10101010
0101010
0010101
0100101
010101
1010101
010101010
00101010
01010001
01010101
00101010
00101010
01001001
10001010101
0101010010
10101010
1001010010
0010001010
0101101010
1010101
001010101
1001000101
0101011
001010101
1001100101
01101010
0100101
0010101
1010101
010101
100101010
01010011
01010100010
100101010
100101001
1010101
01010011
10010001
010101010
01001010
10010010
010101001
001001010
1001010010
0100101
1010101
010101010
0010101010
011010010
010101010
100101010
00101010
100110
10101010
01010101
010101001
1010101
0010101
1010101
010101001
010101010
10101010
0010001010
100001010
01010101
0101010010
0101010100
01010101
011001010
00101010
101001010
010101010
01010101
0100101
10101010
01010001010
100100010
101001001010
1010101
010100101
1000110010
0010101010
010101010
01001010
010100101
001010101
0100101
01010101
001001010
100101010
101001010
00101010
10101010
010101010
1010010
1000101010
00101001010
010101010
010101010
1000101010
0010010100
1001000101
01010101
0100110101
10010101
01010101
0101001010
010101010
001001001
001010101
1101001010
10001010
10100101
1010101
10011001
101001
1011001
01001001
001000101
01010101
001010010
00101010
0101011
01001001
1010010
010010010
10101010
011101010
101000010
01001010010
101010001
001010101
01001001
10010101
010101010
101001010
00100101
01011001
00101101
100100101
0101001
1010101
1010101010
10101010
00001001
0100101
00101010
100101010
0101001010
1001010
0101010
1010101
00110010
10101100
010101010
010101010
010101
0101000101
1010010
0101001010
01010101
1010101
0101001
100100101
010101010
01010010
10100101
10101001
101001010
1000101010
0010101001
01010101
00101000010
0101001010
001010010
10101010
000100101010
0100101010
010101001
101001
00110101
000010101
00100101
010010101
1010001
1010101
0101010
100101010
0100101010
010101010
010101
01010101
1010101
00101101
0010010
010010101
1010101
01010101
01010010
1001001010
100101
00101001
100001010
101010010
100100101
010100101
00101001
10101001
10010101
010100101
10000101
01010101
0101001010
100100101010
001001001
10001010
010101001
100101010
0010101010
1001010010
01001010
01010010
0100101
0010101
100101001
1000011001
01010101
10101
10000110
011010010
1010100110
10110010
010101010
01010010
0100101
0010101
1010010
010101010
0100101
1001001001
10010010010
10010010
01010010
00101010
0110101
1010101
0110101
01001001
0101010101
1010010001
0101010
000101010
1010101
1010011
1001011
10010100
10101001
1001010
01010101
10010101
010101010
00101010010
101001010
1000101010
00100101010
1001001010
101010010
0100101010
100101010
01001001010
010101010
0001010100
010100101
10100101
0011010
010110
1010101
0101
1001010
010101010
