101001010
0100101010
010101001
1010101
010100101
01010101
101001010
0101010
1010010
110100010
0100101010
001001010
100100101
01010101
010101010
10101010
01001001
01100101
00101010100
1010010100
0100101
0010101
0100101
1010101
01001001
1010101
010100010
01010010
10010101
010100101
010010
0101001001
100101010
010101010
010101010
010101010
10001010100
010010101
0100101010
0101001010
10101010
00101010
00100101
010100101
0101010
0101010
100101010
100101010
010101010
010101010
010101010
101001010
010101010
10101010
1010101
010101001
01010000
010101001
10101010
00101010
010101010
010101010
01010101
00100101
10101010
001001010
1010101
1010101
101010
01010010
01010110
010010101
0100101010
100101010
001010101
01010101
010101010
100010010
01001010010
0000011010
0010010010
001001010
010011001
0100010101
01010010
101010010
10001010
001100010
0101010101
00101010
1010101010
0101010010
10100101
0010100101
001001010
0100101010
10101010
00101010010
01010101
001010101
1010101
0100101001
00101010010
01010101010
0100101010
0100101010
10001001
00101010010
10100101
00100101
01010010
10100101
00101010
1010100100
01010101
010100101
1010101
1000101
011010101
10100101
01001010
01010010
01001010
01010010
010100101
01001
100101010
010100010
1001001010
01101010
00110010
010101010
010101
01010101
100101010
10101010
0101001010
100101010
01010101
010100101
10101010
101001010
01010101
010100111
01001010010
0010001010
0010001001
10101001
010101010
010011010
101010010
01001010
100101
10101001
10101001
010101001
010010101
10010101
010101010
00101010
010101010
010101010
010100101
010100101
01010101
0100101
10101001
001010101
0100101
01010101
1010101
0010101
10010101
1000101
100101
100101001
100101010
0101010010
010101010
0101001010
010010101
0010101
00101010
011001010
01010100
00101010
01010101010
010101010
0100101010
0101001010
010010100010
10101010
01010101
01010101
1000101010
100101010
01010101
0010100101
010101010
010010010
010101010
010101010
0101010010
0101101
1100101
010010101
10100010010
101001010
00101010
0100010010
0010001000010
01001001010
