01010010
1001001010
10100010010
1001010010
010101010
101010010
100010101
001000101
10001010
100101010
010100101
1010101
00101010
01001001010
01010101
010100101
10101001
01010101
001010101
00100101
10001000100
100010101
01010101
01010001
01010101
010100011
10101010
10001010
10000101
001010101
010101010
010100010
1010101
01010101
101000110
0101010010
0001100010
01010010010
00101010
010101010
010011010
01001001010
01010101
10100101
010101010
10101010
1000101010
01101010
0010001010
010101010
0010100010
1000101010
10100101010
00101010010
10100001010
0100101010
1010101
001000101
1010101
00010101
001001010
010010010010
101001010
10001001010
0010010101
010100001
01101010
011001010
101001001
01010101
010101010
010101010
10000100001
1010000101
010010010010
0101001010
1001010010
010010010
01011001
10010101
001001001010
0101001010
10110010
01010010
10010101
01010101
010101010
0101010010
01010101
01010101
01001010
00101010
0100110101
010010101
10101010
0101010010
0101000010
0101001010
010010101
100101001
0101001010
0101001010
1010101010
0101001010
00101010
10010100
001010101
01010101
0010010100
010100101
010001010
10101010
1001011
01010101
01010101
010101001
10101010
01010001010
101010010
0101010010
101010010
001001010
010101010
010100010
01010010100
01010010010
01010101
01001010
00000101010
10101010
10101010
001001010
10101010
001001010
10101010
100101010
10101010
010101010
01010101
01010101
0010010100
010100101
01001010
10101010
1010101
1010101
100010101
0010100101
01010101
010100101
0010100101
01010101
010001001010
010101010
0101001010
10101010
010100010
00101010
010001010
10101010
010101010
10101010
0101001010
010101010
010101010
10101010
1001001
10101
001010010
10010001010
0010101
000101001
010101010
0010101010
01010101
01010101
000101010
010101010
100100101
001010101
001010101
010010101
001010100
10010101
01001010
0010101010
010101010
10010010
010001001
10010101
0101010010
00101010
1010101
0000101
01001010010
1000101010
100010010
10001001010
010101010
01010010
0101001010
01001010010
01001010010
100101010
10101010
0100101010
0100100110
0010101010
10100101
001000101
01010101
0100101001
1000010010
0011010
010010101
10010101
010010001
01010101
010101010
010101010
10100100101
0101010010
01010010
01001010
010000101
10010101
01010101
101001001
0010101010
10101010
10001101
10100101
100010101
01010101
00101001
100000101
00101010
010101010
01010101
01000101
01001010100
01010101
1001001010
010101010
010100010
10101010
0101010010
001010010
1001010001010
010101010
01010101
0010101
1000100101
00010101
010100100
0110101
010010010
0010100010
010101010
0101001010
10010101
10010101
1001100010
010101010
010110
10100101
1100101
010010101
0010101
100101001
0010101
1010101
001010010
0101010010
010100101
1001101001
1001001001
1010101
01101010
10010100010
01010101
010100001
1001010010
00101010
0101001010
010101010
010101010
0101001010
10010100
01010101
00101010010
1010010010
001001010
010001010
1010101
0100101
0110101
1010010
00101001
10001010001
10010101
010101
100010101
100101101
010100101
1010010001
01001010
100001010
10101010
01010010
010100101
0110011
010101010
01010100010
010101010
010100010
0001010010
1010001010
1010101
1010101
01001010
00101010
10010010010
0101010100
010101010
00101010
00010101010
0100101010
010100101
0101011
1001001010
01001001010
010100101
010010101
01010101
010010101
0010101010
10101010
0100101010
000101010010
010100010
101001010
010101001
10010101
01010101
010000101
010101010
00101010
1010101
010010101
01010101
01010101
0101001001
01010101
00101010
010101010
101001010
01000101010
0100101010
010101010
010001010
010101010
0101101
01010101
1000101010
101001010
0100100101
01001101
10001010
0101001010
00100101010
010101010
10100101
010100101
010101010
010101010
10001001
0101101
00101010
1001010010
010010101
010101001
010101010
010101010
0010101010
0011010010
0010101
0010010101
01010010
010101010
001001010
101001010
010101010
010001010
0010001010
1001001010
010001010
010101010
010101010
0010101010
01001010010
010101010
0001010
010010101
100101010
1001001010
01001010
010101010
10010101
01010101
101010010
010101010
010100101
1010101
101001
001001010
010110010
010010010
1010010010
010101010
010101010
0101001010
01010101
00110101
10100101
10001011
101000010
101001010
10100010
101001010
101001010
10101010
010100101
01000101
010010101
00100101
01010010
10101010
100101010
010101010
0100101
000010101
01010101
01010101
010101010
010101010
010100101
1001000001
0101001010
10001010
0101010010
000101010
010010101
01010101
1001001010
010101010
101010010
010101010
010101010
10101010
001001001
100100101
0101001
010010101
01010100010
10011010
01010010
1010001010
1001010010
10101010
100101010
000101010
0101001010
0101001010
10101010
010101010
010100010
00101010
0100100101
0101010
01010101
000100101
010101010
100101010
1010101
10000101
001001010
1001010010
000100101
100010101
1010010101
1010101
010100101
01010101
1000010101
010101001
010101001
1010101
01000101
01010101
0101001001
100100101
0101001010
000011010
00101010
010101010
010010101
01010101
010101010
10101010
10100101
01010101
010101010
0100101010
1000100101
00101001
010101010
00101010
01010101
1010101
010101001
001010101
1100101
01010101
01001001010
010101010
010101010
10100010
001010101
10010101
010010101
10100101
101001010
010101010
100010101
10100101
00101010
10100101
010101010
100101010
1001101
0101010100
010101010
01010010
010101010
101001010
00101010
010101001
0100101
101011001
01010101
010101001
010101010
100110010
0001001010
0100101010
010110010
0010001010
010001010
10101010
10001010010
101001010
010101010
100010010
011010010
1000011010
01010101
01100101
10011001
10001001
00101010
0101001010
100100101
010100011
1010101
1000100101
0100101
0100100101
0010101010
0010001010
001001010
0100101010
01010101
010101001
0100101010
01001010010
01001001001
010100101
010101010
10101010
010101010
01101010
100100101
10100101
010101010
0100101010
10010101
010101001
10100101
00101001
1001001001
1010101
1010010101
100010101001
0001001001
010011001
100101010
0101001010
1000100010
10101010
0101010101
01010101
0100100010
10010110010
10101010
010101010
00000101001
01010101
001010101
01010101
10010101
01010101
101010101010
1010100010
00100001010
0101010010
000110001
01010101
01010101
00101001
1010101
10000111
00101010
00101010
10100101
01000101
001010010
0101001010
0100101001
0101010101
10010101
101000101
100101010
010010010
10100010010
010010010
010111
10100101
1010101
101010101
0010010010
00101001010
001001010
01001010
010010011
1000010100
10000010010
100010010
1000101010
10001010010
0010010010
001001010
0010010010
010101010
10101010
0101001010
10100101
100100101
01010101
1010100101
0101001010
010101010
10101010
0101010010
10101010
010101010
10101010
010101010
10101001
10010101
01010101
00100101
101001001
010101001
10010010
01010101
01001010
010101010
101001010
1000101010
0100101010
010101010
010001010
1000101010
10010101
01010101
1001001010
0101000010
1010010100
01010101
000101001
10101001
0101010010
010101010
01010101
01010001
100101010
010101010
001010010010
0100101010
010101010
0100001010
0101010010
0100101010
01010101
1010101
101010101
01010101
010101010
00100001010
0101001010
01010010
1000101010
1000101010
010101010
01000101010
0010101010
100001010
10010101
01010101
100010101
100000101
01010101
0010010101
01010101
001000101
100010101
010100101
010101010
010110010
1010101010
101001010
010101010
10101010
010101001
01010101
010001010
100101010
010101010
0101001010
10001010010
010101010
10010101
01010101
010101010
10101010
010010101
1000101
00100101
010101
0101001010
010101010
10100101
01010101
010010101
10100101
0001100010
10101010
1010101
10010101
101001001
010101001
10010101
01010101
10101001
001011001
100101010
010101010
100101001
10100101
010101010
1010001010
1100100101
010100101
0010001010
10101010
10010101010
1001001010
0010100010
010001010
100100010010
10101010
001001010
0100101010
1010101010
000101010
100011001
1010101
01001000010
10101010
001010101
10010101
10101010
000101010
0110011
0110101
1010101
10010101
010101010
10101010
01010101
1010101
100101010
010101010
00001010100
001010100
010101010
0010010010
10101010
01010101010
0110101
1010101
010101010
10101010
01010101
010100101
000101010
0100101010
0010010010
010100000010
0010101010
000101000010
100001010
100010001010
010011010
00101010
100100101
10100101
1010101
010100101
10101010
01101010
10101010
00001010010
1001001
10010101
0101001010
010101010
10100001010
0010101010
00100010101
0100100101
10010101
10100101
01101010
1001010010
10001010001
100010101
1001010010
100010010
000101001
01010101
01010101
01010101
10101010
10101010
00101010
1001010010
010100101
01010101
10100101
10100101
100101010
0100101
10101010
010101010
010010101010
101001010
010101010
010001010
01001101
001010101
1010101
10010101
01010101
010101001
010101010
101010010
1010101
1010101
00101010
0000100010
10101010
010101010
1010101
0110110
101001010
0100101010
10010001
10010101
0100101001
101000101
010001101
10100101
1010101
01010101
100010101
01010101
10101010
010101010
01010101
010100101
00101010
0100101010
00101000101
010100101
01001010
010101010
010010010
0010001010
001010101
1010101
10001010010
10001010010
0101001010
10001010010
001010101
0100100101
1000011010
101001010
101001010
010101010
010100101
01100101
0010010101
01010101
01010101
00100101
1010101
01010101
00100101
0000101101
100101010
101010010
010101010
010100110
100010101
01010101
1001010010
101010010
010100100000
010100100
010010101
01010101
010010101
001010101
010101101
01010101
01010101
100101
0101010010
1000101010
010010100010
010101010
10010101
1000100101
10010101
0100100101
010100101
01010101
1000101010
0010101010
010100101
010010101
0101010001
01010101
1001001010
010101010
01010101
0101100101
1001000101
01010101
10010010010
010101010
1001001010
010101010
11010101
001010101
101010101
010100101
010010100010
01010001010
010110001
000100101
0010001010
010101010
001010110
10010100100
010101010
101001010
10101010
00101001010
100100101
101001101
01010010010
01010010
101000101
000010101
10001010101
010100001
00101000010010
1000101010
0000101010
1000101010
100000010010
10100101010
0010101010
100101010
101001010
00101010010
0010100010
010101010
1000001010
100101010
001001010
10000101010
100101001
01010101
01001001010
00100101010
0101001001
01010101
101010010
001001010
01010101
010100101
01010101
101000001
100101010
100101010
100100101
01010101
0101001010
0101010
0101010101
010100101
001001010
10001010
001001001
00100101
10101010
101001010
010001010
1000101010
0101101
1000100101
1000101010
101000010
010101010
100101010
101010101
1010101
001010101
0100101
000101010
10101010
1000100101
010000101
00010101
0101001001
10100101
1010101
0100100101
01010101
001010010
1001001010
100100101
10100101
1000101010
010101010
01010010110
10101010
001101010
1010001010
00101000110
1000101010
010101001
1000010101
010101010
10001001010
1001001010
0010001010
1000101010
0100101010
0010010101
00100101
00010100101
01010101
10001010010
100101010
1000101010
10010101010
1010101010
0101010010
10100001010
10101001010
01001010
100100101
01010101010
001001010
01010101
01010101
001001010
01000101010
01010101
10101001
010101010
101001010
101000101
0101000101
010101010
01010010010
0100000101
010110101
001010010
010101010
0101001010
010101010
001001001010
010101010
01010000101
01010101
0100101001
01010110
01010101
0101100101
1000101010
10101010
101001010
01001010010
000101001
1001010100
0101001010
0101010010
0101010010
10001010010
1001010101
001010101
100101010
10010010010
100101010
0101001010
0101001010
10001010010
100010101
01010101
0101010110
0101010100
1010010
10100101
0100011010
001010010
010110010
010100101
101001010
010101010
101001010
00101010
0010001010
101001010
00101010
101001010
01010001
0010010101
001000101010
0010001010
1010010010100
01010101
1010101
010101001
01010101
01010101
011001010010
1001010010
0010101001
1010101
00101001010
0101001010
010101010
1000101010
010101010
0100101010
0101001010
101010010
101010100
101010101
1001001010
10010100101010
010010101
01010101
01010101
010100101
001010101
0010101001
10100101
0101010101
1000101010
1001001010
0100101010
1000101010
100100100010
0101001010
010100101
1010010100
010101010
00101001010
010110101
010010101
10001010001
101000101
01010101
01010101
010101010
0101001010
010100101
10010010
00101000010
00101010
010110001
010100101
0101001010
0000001010
01010101
0101001
1001001010
01010010010
101001010
0101001010
0101001010
010101010
01100101
01010110
100010010010
010101010
01011010
0101100100
01010101
01010101
010100101
100010101
00101010
10100010010
0100101010
0010001010
10001010
00101001010
00101010101
01010101
100010001
001010101
010100101
10101001
0100101010
00000101010
010101010
01001010010
100100101
01010101
010101010
1000101010
001010100
01010101
010101010
0101101010
1001010010
101001010
1010010100
10100101
0101010010
0100101010
101010010
00001001010
001010010
0000101010000
01010101010
010101010
0101001010
000101010100
01010101
01010100101001
010100101
1010101
010101010
01010010010
10001001010
010101010
01001010010
001010010
0010101010
0101010010
0010101010
0101010010
0101010010
00101010
001010101
01001101
10101010
01001001010
10001010
010101010
0010010010010
001010010
01000101010
001000010010
010101010
0101001010
01000101000
010010101
01010101
010110100
0010101
010100101
0001010010
001001010010
01001001010
01010101010
00001010010
10101010
10101010
0101010010
0010001010
010101010
00100101010
01010101010
10100101
101010001
1001000101
01010101
1001010010
00010100010
01001001010
0100100010
1010101
01010101
1000100010
0010010110
1010010101
010100101
0100101010
010101010
1001010010
00101010
001101001
0000100101
01101010
001000110
101010010
00010001010
101000010
10010101010
01100010
0100101010
0010101010
0101010010
100010101
001010101
100101001
10010101
001001001
010100101
101001010
1001001010
1000101010
0101001010
001001010
011001010
010100101
01010101
00101101
001010101
000010100010
00100010010
0101001010
10101010
1001001101
01010010101
010101010
000010001010
0001001010
001010010
0010001010
100101010
10010001010
1001010010
0101001010
00100110010
010101010
001010001010
0100101010
0101001010
10100101
01010101
0100110010
00101010
010100101
0101010101
000001010
101001010
100101010
101001010
0010101010
1010101010
101001010
010101010
010100101
10100100
0101001010
10001010010
00100101
101010101
010010001010
1010010010
10101001
010100101
010101010
010101010
01010001010
1010001010
0101001010
0101001010
010100101
0101001101
0011010101
01010101
010101010
1000101010
010010010010
010101010
00010001010
0010101010
01010101010
0101001010
00101001010
010101010
0100101010
010101010
010101010
100010010010
1000010001010
01101010
0010101010
0010010010
01010101
01010101001
1001010010
0010101010
0101010010
01010101010
00100010010
10101010
0100101010
0101001010
0101010010
10001010010
0100101010
0100101010
0101010010
100101010
10101010
0101010010
1010100101
01010101
01010010010
010101010
0100100101
010010011
01001010010
0100101010
01001000010
001010010
010010101
010101001
010101010
0010100010010
1000000010
0100101010
010011010
010101010
0010100101
010100101
01010001010
10011010
0100101010
0101010010
01001010010
100101010
00100101
01010101
10010101010
001010010
0000101010
010101010
0010101
01010101
101010010
10001010
010101010
010101010
1010101
01010101
10010100010
0101010010
10010101010
10010101010
10001001010
10101010
01010010
01010101
1010101
0010010101
00101010110
010101010
0101101001
01010101
010101001
0010100101
010010101
101000101
1010101
00100101
00110101010
001010100
10101010
010101010
001001010
01001010010
101001010
0100001010
1010010
010101001
101001010
010101010
01001001010
0101001010
001010101
10001000101
100001010
001001010
0101001001
010101001
010101010
0101010010
10101000100
100010100
101001001000
01010101
01010101
010101001
101001010
10101010
0100101010
0010101010010
010101010
010100010010
10010010010
01101001010
0101001010
00101010
1010101010
010101010
110101001
0010010101
001010010
0101001010
010100100
0101010100
1001001010
00101001010
00101010
0100101010
10100101
1011001
010101010
01010100010
100101010
0100110010
010101010
010101010
101010101
010101001
0101010
01010101010
0101001001
01010101
10100001010
010101010
0101010010
0101001010
0101001010
100101010
010101010
01001001010
000001010010
00101010
100010101
0010101001
010101010
1010101010
01010101010
010101010
0010010101
10010101
01010101
10101001
10100101010
1001000010
1010010010
01001001010
0101001010
0101010101010
01010010010
10101010
010101010
01010101
1010010
00100101010
0010001010
0101001010
001010010
0101010010
01010101
01010101
001010101
010010101
10100100010
1000101010
01001001010
01001010010
010010101
010101011
0001001010
0101000010
01010101
00101011
010010101
010101001
00100101010
0101001010
001010001010
1000101010
101010101
10100101
10101010
0101001010
010100101
010100101
010101010
0010101010
10010101
0100110101
001001000010
010101010
0010010101
01010101
0010101001
101001001
01010010010
0100101010
010100100010
010100010010
01010101
10100101
01010101
1010101
010101010
1000101010
0100101010
0010100010
01010101
00101001001
01010001010
10101010
10101010
10100010
010010010010
010101010
10101010
001001010
00110101
010100101
0101001010
010101010
0010101010
001000101010
001010100010
010101010
0001010010
01010010010
01010101
10001001001
001010101
10001001001
1001010001010
010010001010
010010100010
0101001010
01010101
0101010001
1100101010
0011001010
01010101
01010011
010101010
001001010010
0101001011
0101000101
00001001010
0010101010
10100010
01001101010
1000100101
01010010
1010101
010100101
100010010010
01010101010
010101010
010010010
00100101
01010101
0101001010
001101010
100101010
010101010
00101010010
001010001010
10101010
00100001010
10010100010
010101010
1010001010
10101010
010101010
0101010010
010100101
01010101
0001010010
1001010010
001010100010
010101010
010100101
0101001001
001010010
010101010
010010101
010101001
01001001010
101010010
1000101010
010101010
0100010100
001010100010
1000100101
0010101001
0010001010
01010100010
0110101001
01010101
0101001010
001001010
10010100010
010101010
0100101001
10101010
010101001
010100101
01001000010
0010010010
00100010010
0101010010
010100101
001010000101
100101001
1001001001
0010010100
01010101
1010010010
0010001010
010101010
010101010
01010101
0101011
00010010100
101010010
010010101
0100100101
001010001010
0101001010
1010101
001010101
10101010
1001010010
001010100010
010101010
010100101
1010101
1010010010
010101010
001010101
010010101
010001010
1001000010
10100101
01001001
01010011
10100101
010101010
0100101010
1001001001
010101001
10001010
10001001010
010101001010
1000001010
01010010010
0100110010
01010101
1010101
1000101010
00101001010
010101010
01010101010
1000100101
01010101
010100101
01000101
0101010010
0010001010
010101001
01001000101
10100010
0010101010
0101010010
010101010
101000101
01010101
010100101
10100101
010101010
0101010010
010101010
01010101010
10001010010
1100101010
10001001
1010101
10101010
1010001010
0100101010
0100101010
100010101
0101000001
01010100010
010101010
1001010101
10100101
010100101
0010010101
1010010010
101001010
001001010
010101010
0100101010
10101010
010101010
00100101010
001001010
010101010
01010010
01010101
010010010
10101010
010100101
01010101
10101010
001010100
010101010
1001001010
001001001
100010101
01010101
01010101
1010101
010010101
10001010010
100100000010
10101001
010100101
1000101010
010101010
100100110
010010101
01010101
10100101
000101010
00101010
000011010
010101010
01010101
01010101
10101010
10101010
10101001
1010101
01010101
01010101
0101001010
10001100010
010101010
0010101010
010101010
0010101010
010110010
101000110
000010100010
100101000010
00101010
010101010
101101010
1010010
010101010
0001001010
010101010
101001010
1010101
1010101
010100101
0010101001
0101010010
101001010
1001000101
01010101
010100100100
10010100110
1000101010
001001010
001010101
010100101
0101010010
001010001010
010100101
0101001
0100101
101010001
01010101
101001
010010101
00101001
100101010
1001001010
01101010
0101001010
00101010
1000101010
000101010
0101100110
000000100010
001010001010
010101010
010101010
01011010
00100101010
010101010
1010100010
10001001010
10101010
0000101010
000101010
101010010
0001010010
010101010
01010101
10101010
10101010
100100110
010101010
1000101010
101101010
10101010
010101001010
1001101
01010101
1000101001
10100101
0101001010
010101010
010100101
01010101
1000101010
1000101010
01001010010
0100101010
010101010
010110010
0010101010
1001001010
100101010
010101010
00001010010
001001010
00101000010
10101010
100001010
0101001010
010100011
001010101
010101010
010101010
10001010100
00110101
0010101010
101100010
1000101010
010001010
0101001010
0101010010
01101010
011010100
0010001010
0100101010
0100101010
0101010010
010101101
010010101
0100101010
0010100010
1010101
01010101
101001010
001010100
0101001101
10010101
010100101
0001010101
010101010
0000100010
010110010
0101000010
010101010
0010001010
0010101010
010010100010
010101010
001001010
1010100010010
0010010010
01010101
00001000101
100100101
001000101
100100101
00100101001
0100101010
0001001010
10001010010
0101010010
01010010010
0000101010
01001001010
0101010010
10101010
0101010010
01010101
10010101
00010001010
0010100010
01001010010
10101010
010101010
0100101010
010001010
0000010010
1001001001
1010010001
00101001010
10101010
100100101010
10001001010
0010100010
01010001010
010101010
010010010
010100101
100010100
001010010010
011001010
010101010
1001001010
001000110
010101010
10010010010
0101001010
0010101010
100101010
01010101
010010101
01010101
001010101
0010101
010010101
100100010
0000101010
100010101
01010101
0100101010
00010001010
010100101
001010101
01010001010
01010100010
101001001
010101001
101010010
010101010
010100110
10100010
1000100101
001010101
10000101
1010100101
010010101010
0100101010
010101001
10010101001
0010001010
001010101010
0010000010
10001010
10101010
100000010
00101010010
100100010
010101010
010101010
01010101
10001001001
00101001010
0101001010
10101010
101001010
010100001
00101001001
010101010
00101001010
100100101
1010010101
0101001010
010101010
100100101
010100001
0100101010
0101001010
00001010010
0101001010
10001001010
0010100010
0010101010
0100101010
1001010010
010101010
0010001010
0010101010
0101010
101001010
0101001010
001010010
010110010
0100101010
10101001010
10101010
10100101
001010101
100010101
01001001
001101010
0100101010
010101010
0101001010
10101010
0010010010
1000101010
001001010
1001010010
010101010
0101001010
101010010
0100010101
01010101
0101010010
010010010
01001001010
10001010010
00100100101
001010101
1001010010
010100101010
1010101
100100101
000101010010
100010010010
01010010010
0101001010
0001001010
010101010
0101001010
000100101010
010010001
10100101
1010001010
010101010
0101101
010100101
10010100101
001010100
010101010
010101010
101001010
0100101010
001010010
010010101
1010010010
010101010
0010101001010
01001001010
1001001010
100101010
0001010010
010101010
010101010
010101010
001101010
0100001010
0101001010
1001010010
01010101
00010101
10010101
010010101
101001010
010101010
01000101010
0010101010
001001010
001010010010
101000101
1010010101
0101001010
010101010
01010101
010101001
01010101
01010101
01010101
100010101
01101010
101000110
01001001010
101001010
10101010
010101010
010100101
01010101
01010101
101010001
10101010
1001010010
1010101
10111001
0101001010
010101010
0101001010
010101010
1010001010
001010010010
010101010
010010010
10101010
010001010
0101001010
01010101010
010101001
01010101
10101010
01010010010
00101010101
01010101
0010101010
10101010
0101001010
010010010010
0101001010
0010101010
001010101
010100101
010101001
10000101
0101010010
0100101010
001000101010
000101010010
1010101
010110101
0010101010
10100101010
10001010010
10101010
00101001010
10000010010
010101001
0100100101
000110101010
0010010100010
10100101
1010101
10100101
000010101
00101010
010101010
001010010
1000101010
010101010
010101010
00101010
100101010
010100101
0101010101
010101010
01010001010
100101001
01010101
1010101
01010101
010101010
100101010
01010101
01011001
0000101010
0100101010
0001010010
100010010010
010101010
100010001010
010101010
100101010
00101010010
101000110
010101010
010101010
1010101010
001100010
1000101010
010101010
000001010010
0101010010
010100010010
1010001010
10100101010
10001011010
0101010010
1010100010
1000101010
0010001010
0100100101
10100101
01010101
010010101
0101010010
0010101010
10001001010
010101010
0101001010
1000101010
010010101
010010101
010010100100
1001000100
0100101001
010100101
10100101
0100101100
10100001
010010101
10000010001010
10101010
010001010010
0101001010
010000101
0101000101
100100100010
01010101010
000010000010
0101001010
00101001
01010101
0000101010010
010010010
0101001010
0100101010
101001001010
0010010010
0100101010
0101010010
0100010101
01010101
001010101
00100001001
101001001
010100101
01000101010
10101010
01010101
01010101
100001010
101001010
1010101
0101101
01010101
1001010001
0101001001
0100100101
100010101
010010101
001010010
0101001010
00100101
010101001
101001010
01010010
0101010010
0100101010
0001001010
0101010010
100101010
0100001010
01010010010
010101010
01010100010
001001000010
010100110
010010101
00101001001
010101001
01010101
100010011
0010010001010
0101001010
1010101
010100101
00000100010100
001001001010
0001101010
0101010010010
0101001000101
0101001010
0010101010
0001001010
1001010100
101000010
010111001
10010101
01010101
0100101
0010001010
0010011010
01010110
001010010
000101001010
1000100110
010010101
01010101
01010101
1000100101
0010101
01010101
0101010010
10101010
00101001010
0101010010
001010010
01001001010
0101010001
10000101
101001010
10101010
010101010
101001010
0101010010
10101010
010001010
1001001010
010100101
010100101
001001010
101010010
0100101010
10001010010
100001001
0101000101
0010101010
1001010010
01001001010
010101010
00100010101
01010101000
10001010101
10100101
1010101
0101010001
0101001
010100101
01010101
01010101
01001010
0100101010
0101001010
01101010
0010010010
100100101010
0001001010
0010010010
10010001
0010000101
01010100010
0010101010
010100010
101001010
100100101
10010101
01010101
01010101
010100100
0101010100
100010010
10101010
001010010
001001010
0101001010
010101010
1001010010
100101010
1000101010
0101010010
00101101
010000101
0010001010
1001010010
010101010
10101010
100101010
010101010
01010101
001001001
0101001010
0101001010
010101
0100100101
10001001
10010001
0100101010
010101001010
0100101010
010100010
10010110
0010101010
000101010010
0100101010
10001010010
10101010
01010101
1011001
010100101
01010101
01010010010
1000101010
0010101010
10010010
010101010010
0101010110
001001010
100100110
10101010
010101010
0100001010
001010001010
010010100
1010100
010101001
010100101
00101001010
0101001010
0101001010
0101010010
10010101
01001001001
011001010
010101010
0100101
001010100
1010000100
00100101
101001010
10101010
0010001010
010101010
010100101
001001001
010101010
01010101
1000101010
101001010
001010101
010100101
01101010
1010101010
0010010101
10100101
100001010001
01010101
0101001010
010101010
010101010
10101010
1001010011
100100101
0010101010
010101010
010100101
010100101
001010010
1000101010
100000101
1010101
101001000010
010101010
0100100101
1010101
0101001010
010101010
0100101010
100001010
0100101010
0101010010
01010100101
0010001001
01010110
010010010
1010101010
010001010010
010101010010
0100101010
010101010
010101010
0101010010
01010010
10101010
100001010
0101001010
100101010
01010101
0101010100
010101010
10001010
1010101
0101000101
0101010101
010100101
10101001010
010101010
0101001010
010101010
010101001
0010100101
01010010010
010101010
10001010
10101010
001010101
001010101
000101010
0100101010
01010101
010100101
01001010101
001000101
010101010
010101010
010110001
0100101
10001010
10010100010
001001010
010010010
0101000101
01010101
100010101
10100100001
01010101
01010101
10101001
0101001
0100101010
01001010010
010101010
010101010
0010101
010100101
01010101
01010101
01011000
010010101
0010101
01010101
0000010101
0100101
010101010
0101001010
001100010
001010010
000101010
010010101
100010101
10100101
0001010101
10010100000
10000010101
01010101
100010101
01010101
010100101
01010111
0100101010
1001001010
01010101001
01010101
10101010
0101010010
01010010010
101001010
0010101010
0100100110
10100101
01010101
01010101
01010101
1000010100010
0001001010
01010101
001010101
010101010
10101010
0010001001
100010101
0010101001
01010101
010101010010
10010010
0010001010
0100101010
1001010010
1000001010
10000101010
101001010
0101010100
1001101
01010001010
010101010
00101010
011010010
01010101010
0101010
1000100101
0010100101
01000101010
010101010
1000101
1010101
010101001
010010101
1010101
010101001
01010101
1010101
0010101010
110101010
01010101
0100101
0100100101
010101001
10100100010
0100101010
0100101010
00101001010
01000010010
100101010
01010101
010010101
01010101
100010101
