01001001010
10101010
0101001101
010101010
001010010
10100001010
01010101
01010101
00101001010
0101001010
00101010010
01010101010
1010101
1010011
010101010
0101010010
010010100
01010101
1001001
00101010
00101010010
01101010
00101010
01010010010
01010101010
101010
1000101
001010101
110100101
100101001001
1001010010
010101010
10010101001
0011001
1001010010
01010010010
01001010101
010100100
0100100101
010100101
10101010
1000101010
001010110
10010010101
0101001010
011001010
10001001
01010101
0000001010010
010101010
010101010
010101010
0010100101
1010101
01010010101
0100101
00100100101
01100100101
01010101
010101001
1010011
10010101
001010010
001010010
01101010
1000101010
0101101
010101001
10010010101
01000100101
01001001010
1001001010
01010101
01010101001
0010001001
001010010
101001010
00101010
0100101
0110101
0100101010
101010110
0010101010
1001001010
100101001
1010101
010010101
1010101
10100101
00101001
100000101
10100101
01010101
0100101
01010011
0100101
0100100010
010101010
10000110
010101010
0100101011
1010101
1010100001010
00101000010
10010100010
0101010010
10101010
10101010
10100101
001010101
100101010
001000010
01001010
01010101
1010100001
01010101
1010101
010101001
10010110010
01010010
10010101
010100100101
010101010
100101010
0101010010
10101010
01010010010
10010010
01010101
010100001
1010001010
00000101010
10110101
10010010101
101010010
01011010
010101
010101
010101001010
101010010
100110010
010101001
00101001010
101010110
001001001
10100101
001001001010
00010100010
0101001001
0110101
1010101
010100101
10000100010
100010010010
0101001010
010100100101
01001010010
10101010
10101010
010101010
010101010
1001100001
001010010101
1001001
10010101
1010101
100010101
001101001
01001101
01010101
1001010010
01001010010
010101001
01010011
1010101
0010101001
010101010
010101010
10101001
0101010101
00100101
0101001
001010101
01010101
010010010101
001101001
10010100010
101001010
0001001001
10100101
010101010010
0101001010
10010101
100100101
00010101010
001001010
10101010
10101010
1001001101
0101010001
10100101
1011001
0101101
10010101
100000101
010100101
0110101
00001010101
10101010
1000001010
100100101
1001000101
100100101
01010010101
100100101
1010101
001010010
0101010
101010010
100101010
010101001
101000101
011101
01011001
00010101010
1010010
10101010
001001001010
010101010
010101010
000101010
10010010010
100010100
1010100101
010100101
01010101
0101001010
010101010
010010101
10100101
01011001
10101000
01001001
1010100001
1010010010
1001010
10100101010
0101001010
101010110
10100101
0010101010
1001000010
1001010101
010000101
0010100101
001010101
1010101
01010101
010101010
0101010010
10010101
01010101
10110010
001001010
0100101001
1010101
0010101
01000010101
10100010
0101001010
1001000010
10001001010
00101001
10010010101
100110101
0010101
010100110
10000101010
0101010
011000110
010101
0110101
10100101
01010101
011001001
10100101
0000101010
10010001010
00100101
010100101
100101010
10010100010
101010010
1010001010
1000101
010010101
10100100101
0011001001
10001001010
100010101
010010000100
1010101
1000010110
10101010
0101010101001
001101
010100101
1010101
010011
10100101
001010101
010100101
010010101
001010101
001001100101
01010101
001010101
00110101
1010010
010101010
001010010
010001010
010101001
0010101001
100010101
01010101
0100100010
01001010
1000010001
10001001
101001010
0101010010
001001010
0100101010
10100101
0101010
0101010010
010101010
01010101010
10101010
1010101
0110101
000101010
010110010
100100101010
10101010
00100010010
0101010
1000100101
1010101
0100101010
10101010
101010010
010100101010
01010010
001001010010
001001001010
1001010010
10010101
0011001001
10010001010
0010101010
01001010
01011010
10010001
10001000101
0010100101
0100100101
01001001
1010000101
101010
001010000010
101010010
010010101
00101001010
01001001010
0010010010
00101010
01001010
0101001010
10010101010
0010010001010
010101010
10101010
0010101010
0101001010
0100101010
01010010010
001001001001
01010101
0100100101
01010101
0100101010
01010110
000101001010
01010101010
1000101010
10001010010
010100100010
010101010
1000101001
01010101
100101010
101001010
010101001
10100101
010101010
0101010010
100100100
001010101
01010101
0100100101
001001001
1001010101
0100100101
10100010000
1001001001
10101001
0101001010
0101010
010100101
001001010
01001001010
001010100010
000101001010
1010001010
10001010010
101001010
0101001010
0100101010
1010101010
010101010
010010101
10010101
00100101
01010101
10100101
0101001001
10101011
0100110001
101010010
10100101
101010010
1001000010
0101000010
0101010
10010101
010101001
010100101
1010101001
1001010
010101010
1010101
010010101
10101000010
010010010
1001001010
101001000010
0010101010
100001001010
0100101010
10101010
00100101010
100101010
100010001
010101
1010101
10000101
100010100010
01101010
010010010010
010101010
10001010
010010101
01010101
1010010
010010101
101001
0010101010
10010101
0101001
0101010001
0010101010
10101010
100010101
10010101
100010101
0101001001
01010101
000000101
00001010
001001010
101010010
0010101010
100101101
1010101
01010010
0101010010010
10010101000101
1010101
010011010
100100101
100101010
100101010
1001010010
0100101010
10101010
0101010
01010101
01010101
01010101
0101010
100100101001
100010010
001000101
010101
1001001010
0101010
010101010
00101010
10001010
0110100010
101010010
01010001
10101010
010101010
001010010
010101010
101010010100
0010101001
001010101
001101
10010001010
010101010
10010010101
010101001
010010101
0010101001
1001000101001
1010101
010101010
0010001010
100010101
0100101
1001001001
1000101001
101000101
010101010
0100101010
100100101
010101010
010101010
0010010010
0100101010
01010101
00100001
1010101
1010101
01010101
1010011
010100101
100101001
101000101
1000111
1000101010
0101001010
0100101
01010101
01010010100
0101001010
01010101
01010100101
0100101
1010101
01010101
0101000101000
01010100101
010010101
100010101
0101010101
01010101
10010101
01010101
010101001
01001010
001000110
100100010
100001010
0010010010
01001010
10101010
000101010010
100010010001010
101010010
100010101001
1010101
1001010
01010100010
010101010
1010010010
001010010
101010010
0101001010010
00010101010
01011010
0101010
10101010
0101001010
0010101010
0101001010
100101010
1001010010
0101001001
100010101
0100101
01010101
001010100
10100101
0101010101
100101001
010101010
0100101010010
10101010
1010010010
1001000101
0100101
01010001000
1010100101
010101001
10010101
010100101
1010101
10101010010
10101010
0101001010
010101000010
1001010010
1010001010
0101010101
010101001
1010100101
01010101
10000010010
0100010010
01001010010
010101010
101001010
010010010
101001010
100100010
01000101
001000001
00101010
010101010
00101001010
01010101010
01010101
01010101
01001001
011000101
1001010
0001010010
101010010
0101001010
01001001
010100101
01010101
1001010101
100101010
010101010
01010101
010100101
1010101
00100101001
010110101
100100101
1001010
010101010
000010010010
010101010
10100101
10100101
100101001
01010101
010101010
1000101010
1010101
0101001
0010101010
10001101010
10010010
1010001010
01001001010
0000101010
01010101
010010101
0010010101
10100101
010101010
01001010
001001001
1001000101
010101010
01001001010
001010101
01010101
10100010010
010101010
011001010
0110010
010010010
001001010
010100101
01011001
01001010010
0101010010
010101010
0010010010
10010101
0100101
10100101
11000101
01101010
01011010
010101010
0101010010
100010010010
101010010
100101010
01001010
1010010100
10100101
101001000
010011001
10010010
0010100010
010101
0101101
010110101
10010100001
10100101
1001000101
1000110001010
01001010
010010101
0101100101
0010010010
0101001010
100101000101
01010101
0010001010
1000101010
10100010010
001000101
0101001010
0010101010
010100101
10001101
1010101
0011001
0101010101
0100101001
0100101010
0100101010
1001010010
00100101010
100101001
1000010101
10101010
00101010
0010101010
01010101010
0100010110
0101010010
1000101010
1001010010
0101010
01001010
010101001
01010101
01010100
010101010
001010010
010011010
01010101
10101001
1010101010
010101010
0101001
1010001001
01010101
01100101
001010101
1001001001
10010010
0100100101
10100101
010101
010101001010
010110010
00110010
01010101010
10010100010
101001010
00010101
010010101
0101101
010100101
011010010
101001010
01010101
010100101
0100101010
0101001010
010101010
0101000010
01010101
010010101
10101010
0110001010
001010010
10100010
010101010010
101000010
0101010010
0101001010
0010101010
001001001
010100101
010100101
010100101
10100101
00100101
010010101
0110001001
00101001
10101001
01010101
1000101010
0010101001010
10101010
10001010010
00101010
0101010010
10101010
1001001010
01001010010
001010010
01000100101010
1001100010
010100101
010100101
10010010010
001010010
10010101
101001001
10001001
0010100101
10010101
0010101
10101010
10100101
010101011
001100101001
10100001010
0010001010
1010101
1010101
010001001010
010101010
01001001010
01010101010
1000101001
1010101
101010010
0010101010
010001010
100101001010
01001001
0010010101
0010001001
1000101
0010101010
000010010010
010101010
010101010
001010101
10101010
10010101010
0101001010
0010010101
10010101
10100101
001010101
01001001010
1000101010
01010100010
01001010
101010010
1001001010
0010010101
100010101
010101010
0101001010
0110101
10010110
10010101
0101000101
101010
101001010
010100100
010010010
100001010100
001000100
1001010
010101010
0101001010
10101010
0101010101
10100101
010100101
01010101
00100100101
10101010
010101010
1001001010
011010010
0101010010
10001001010
01001010010
0110010101
0101001
0101010101
01010101
10001001010
101010010
1000101010
01101010
10000101001
01010101
001010101
01010101
0101010010
0110001010
010101010
10101001010
10100000101
100001001001
010101010
01010100010
010110010
00010101010
01010010101
00101001
00101001001
00101010101
010101010
00101010
01001001
10101001
10010010010
01000101010
0100100101
100100101
01001010010
0101010
010101010
110100100
10001001
010101001
010000101010
01001001010
10101010
010101010
10101000001
00010100001
10100010101
10001001001
10010101
01001001
1010010010
10101000010
0010101010
1010010
0101000101
10100101
10101
0100101001
0101001010
0100101010
01010100101
01010101
100101010
100010010010
01010101
010101001
1010010101
0101010101
100101001
01010101
0101010
01010010
1010010001
01010101
01010101
010101
011010
10001010010
100101010101
0101101
010110010
0101010
10001010
0101010
1001010010
001010010
01011010
0101001010
00110010
10101010
000101010101
010101
0100101
10101010
10010001010
011011
000101010
0010101010
0101001
101001001
10001001001
0010010101
0101001010
10001010
000101010
1001010010
101000101
1000101001
01010010010
01101010
0101001010
10101010
100101010
010101010
10010101
0100101
10101010
010101010
010101010010
101001010
0010100010
0101010010
100100100101010
01001010010
10100001010
1001010010
1010001010
1001010010
100010010101
10010101
010101010
1010010010
001010010
01001010
010101010
01001010
011010101
01010101
0000101001
0101010101
0100101000010
1001010010
1000100101
1000100101
001010101
0010101
0101001010
010101010
0101001010
01001101010
01010101
1010101
101010101
1010101
010100101
1000101
010101001
101000010101
100010101
1010101
01010101
1010111
00100101
010101001
010101010
0100100110
001001001
1001000101
1010101
1000101
1000100101
010100101
01010101
010101
001011101
1010101
1010101
010100101
100100110001
010010101
001010101
010101001
001011010
101001010
100010010010
0101001010
010101001
010101001
101001010
00101010
01010101
01010101
01001101
001010101
100101010
100101010
1000100101
0101001010
01010101
0101001
000100101010
0000101010010
1010101
010101
0101001
10010101
010110010101
01010101
1001101
010101001
1010101
010101
0101010
0101010
01010101
1010101
010101001010
10101010
1010001
10100101
0010101010
10001010
01001010
01001010
01010101010
0010010010
1010101
10101001
0010101010
01010101010
010100101
0100110101
100000101
01010
100010101
101010101
1010100010
000101010010
01010101
001010001
0010101010
10000101010
0000101010
001001010
1000001010
100010010
010101010
10001010010
101000101
0100101
010010101
001010101
100101001
10101001
011001010
10101010
101010
010010101
10010010010100
001001000001
0101010
000101010010
00100010101
001010101
01010101010
10010100001
011010010
001010010
1010000101
100101010
10100100101
101000101
010010010
0101001010
0010001001
0100101
010101010
00101010010
0100101010
0101010010
1011010
010101010
0101010001
01010101
10101001
0101001
0010101
0101101
0010101001
1001011
01010101
0101010101
000010010
00101010
001001010
0010101010
010101010
110001010
0000101010
01010100010
010001010
10101010
010101010
101001010
00101010
1010101010
10001010101
10101001
101010010
0101001010
0101001001010
0101010010
0101001001
100101001
100100101010
101010010
01010010010
10101010
00101010010
010101010
101010
010101010
01010101010
010101010
001010101
01010101
100100101
010101001
010101010
0101010010
01010101
01010101
001001001
010101
010101010
0100101010
01001010
001010101
0100101
0100101
001010010
0100101010
10101010
0101001010
0101001010
010101001010
100101000101
010010101
01010010
10101010
0101001010
011110
10100001001010
10101010
10010010
001010101
010101010
1010101010
0101010
101001010
101010
00100101
10001010
0010101010
01001010
0010001010
01101001
010101
00101010
1000101010
0010010101
0100101001
001010010010
101010010
01001000101
101001010
1010100100
100100101
010010010
0010010110
10100101
1001001001
01001011
0010010101
10010101
0101001010
1010001010
00101001010
0010101
101100100101
10010100101
100100101
0010010001001
010100101001
1001010001
00010100101
0101010010
010101010
10010101
010100101001
010100101
0101011
00100101010
00101001010
0101000101
10010101
01010101
100010100101
0101010101
1001000101
1010001010
00101010
010101010
0101001010
0010101010
0010101010
10010101
01101011
1000001010
10001001010
10001010
100001001010
10010010010
010101010
0110101
10101001
101001000010
10001010010
0010101000101
0100101
0010101010
10101101010
001010010
10010010
101001001
10100101
10100101
10010101
01001010
0101010010
100101010
010101
1010010010
1001010
010101
1010110101
011001010
010101010
0101010
1011001
1010101
010101
010010
010010010
010010101010
0101010010
0010101
10010101
001001001
010010101
10010001010
10101010
10001010010
01010110
1010001010
010101010
001010100010
00001001010
1011010
1001010010
100101001
001001001
0010101010
010101010
1010101
0101010001
00010101
01010101
01010010
10001010
100101010
0101010
001000100
010100101
10101
0100101
10101001
10001101
10101010
0101001010
010011001
00010101001
0101010010
010101010
10010101
01010101
10010101
1000100101
001010010
01010100010
0010001010
01011010
101001010
10001010010
10000101010
101010010
0101010010
010101010
01010101010
0100110010
001010101010
010101010
010101010
101010010
01001010
100101010
1010100
1010101
01001101
00100101010
0101000010
0100101010
0101010
0101010101
10100101
1010101
10010101
1001001
001001001
10101001
10010101
001101001
0010101010
00100101010
10101001
001101
101001010
100101010
001010101010
0101010010010
001010101
0100101001
100100010101
1010101
1010101010
10101010
10101010
01010101010
01010000101
000100101
10011010
10001001010
10001010101
01010011
001001000
01010101
101001001
101010001
010101010
0101010
010010100010
0010101010
001001010
010110010010
0101001
1001000001
100110010
10101010
0010110101
0100101
010101010
1001010
100101010
100101010
010100101
1010101
010101010
100100001
0101001010
10101010
0010100101
0010100101
010101001010
01010010
100101010
10100101
1010101
0101001
001001010
0101010
1010010
01001010
10101001
0101001
010010101010
001001010
010101
010101
1010101001
01010101
101010010
001000110
1001001010
100001010
100101010
1000101010
1010101
10010010001
1000101010
0101010110
101010101
0001001001
010101101
10101001
010101010
01010001010
01010010101
01010101
1010101
01001010100
101010101
001010101
0101010101
01001001
01101010
1001001010
1010010101
10101001
0100101010
10010010
01010010
01010010010
0010010010
100010010
001010010010
001001010
10101010
010101010
01011010
00100101010
01010101
0101101
0001010101
0100100101
0100001010
010101010
010010010010
00101010
001010101
1010010100
10010101
10001001
10001000010100
010101
01001010
001010010
101001
0001010101
010101010
0010101010
1010001010
1001001010
01010101
10010101
100010101
01010101
0001010101
01001001
00101010001
01010101
0010100010
010101010
001101010
001001010
001001010000
00100101
101001001
1010101
010101
01010101
01001010
0011001010
00001010010
00101010
0010101001
0101010
10010101
0101001010
101010010
00010101010
001010010
010010101010
0100101
001010101
010101010
100010010
001010101
1010101
10010101
010101000
001010010
101010
0101010101
0010010101
010101010
010101010
100000101
0101000101
011001010
0101001010
010101010
1000101010
0010010101
10101101
001010101
00100101
101001010
10001010
0101010010
10000010
1001001
010101
1010010
101010
001010101
0100000101
0101001010
01001010010
0010100101
0100101
010110010
101000010
01001010101
01010101
0011001010010
1010010010
0010010010
100101010
001001001
0010101
10000101010
0101010
01010101
010100101
1001010101
010010101
1010101010
0101010010
01010101
01010101
1001001010
010101010
00100100101
0110101
01010101010
1001001010
00101010
01010010
00101010010
00100101010
010101010
00000101010
100100101
1010101
010101010
01001010
00101010101
100101101
01001010
10101010
10101010
1000101010
001010010
1010101010
00101010100
10010101
0101001
0010101001
1001001010
101001010
100010101
100010101
001001010
00010100010010
01010010
0100101010
00101010010
000101010
010010101
010101
1010101
1010101
010101001010010
0000100010
001010101
010010101
101001010
010010010
10100101
001001001010
101010010
0101010
010010101
01010101
1000010100010
0100001010
1000100101010
01010010
01000101010
01010010
00010010101
10010101
1100110
0101010010
1010101
00100101
101011
1010101
0101010010
0010001010010
01010010
010101010
101010010
010101010
01101001
0010100101
10101010
100100010000
10101001
0110101
10100101
10010101
100101010
010101010
0101011
01010101
10101
010110101
10101010
1000010010
10001010
010101010
