01010101
1010101
010101
1010101
01010101
10100101
00010101010
100101010
001101010
010101010
0010101001
01010101
100001001001
101101
0101001100
0010101
100010101
0100001101
01010101
01010101
1001010
101001001010
0010101
1001000101
101001010
00100010010
010101010
101001010
10010101
10010101
00101010001
10100101
101010101
1001010
0010100101
0010010010
00100101
00101001001
1010101010101
01010101
000101010
010101010
10101010
0100101
0010111001
010010101
011010101
0010101001
101001010
100101010
10101001010
101001010
010100101
010101001
100101010
100101010
10010101
101001001
010101010
0100101010
10010101
0010101
101010101
010100101
01100101
10100101
01010101
10101001
0101010
100010101
1000100010
001001010010
100100110
001001001010
10010101
010101001
001010010
011001010
10010010
0101010
0110101
0010010001
010100101
100101001
010100010
010101010
01010101001
00100101
0010010101
0101010101
100010100
010101010
01010101
101001001
0000101010
010101010
00101000010
1001001010
000101010
010101010
1010101
1010101
010100101
1010101
010101010
010101010
10100101
01010001
1000010010
1010101
1001010001
010001001
10001001010
010101010
010010101
1010100010
1000101010
010101010
01010101
01010101
010101001
00100101
101010101
00101010
0100010101010
010101010
0010101
0100100101
10100101010
0100101001010
010010100
001010101
01011010
010101010
001010010
10100010
00101001010
01001010
10101010
01001010010
01010101
010101001
00100101
10010101
100100101
01010010
100010101
010101001
0010010101
1000101
1001010101
1010010
010010101
010101001
0010001001
1010101
010101010
10101010
01010101
010001001
001010101
010010101
0101001010
001001010
001010101
0100101
0100001010
01001010010
01001010
0101001010
001010101010
0101010010
10101010
01010010010
10100101
010101001
00101001
0100010101
010101010
10010100010
100101010
0101010010
1010100001
00101001
1000101010
0101000010
10010010
010010101
10010101
010010101
0101010001
10101001
010101010
100101010
10100101
1010101
0101001010
0101010010
1000011010
01001010
00101001
0010010101
001010010
1001010010
001001001010
10000001010
0010101010
101001010
1000101010
0101010
001001001010
1010001010
00100010010
1001001010
010101001
010100101
10100100101
100101010101
010010101
00100001001
10101010
01101010
1010101
010101
10100101
1000100101
0001001010
10101010
10011010
01001010
01010101
000101000101
1000001010
10101010
1010101
01010101
100010101
01010010010
0010100010
10101010
01010100
010100001
10101001
10100101
01010101
01010101
0010101010
11001010010
10000101
00100101
010010101
0010101001
010010010
01010010010
10100101
1000101001
10001010010
1001001010
010101010
00001001010
101010001
01101010
010010010
101001010
100001001010
10101010
01010101
01010101
01010101
10010100
01010101
10100100101
010100101
01010101
1010010010
0101001010
010100101
010101
0100101010
101010010
01001001
01010101
1010101
10100101
10001010
010100101
1000100101
01010101
010100100
10100011
0101010101
0101101
010100101
010100101
0010110010
001001010
100010101
010010101
0001001010
10101010
100010101
010100101
101010101
1010010101
010010101
0001010101
010101010
10100010
01011010
001000101
10101010
10101010
01010101
01010101
100010101
10100101
010101001
01010101
00100001010
1000101010
10001010001
01010101
1010100101
100101001
01010101
01010101
1000010101
101010101
101001001
010101001
100010101
011001001
010101010
010101010
10101010
010101010
010010101
010101001
00100001001
1000000101
010101010
0100101010
10100010001
100100101
01001010
001010010
010100101
0101001
010101010
101001010
0010100101
011101
10010011
100100101
010101010
010101010
0010101010
0100101010
10100101
01010101
01010001010
00010101010
01010001
1010101
10101010
10111010
10010101
010010101
00100101010
10001010010
01010101
01010101
1001101010
01001010010
10010101
10010101
10100010010
01101010
01010101
01010101
010101010
0100101010
01100101
010100101
00101010
1000101010
0101001
1010100
1001000101
1110101
0110101
01101001
11001010
1101010
1001010010
101001010
0110100
0101001010
01001000101
01010101
01010101
01010101
10010101
0100101010
010101010
010101010
001010001
1001010101
01010001010
10100101
01010101
01010101
1101001
01010101
010110
0100100101
10101001
100100101
1001010010
101010010
10010101
1010101
001101010
0101001010
100100101
1010101
011001010
10101010
010101010
01010001010
1001000010
01001001010
010101010
0001010010
010100001
10010101
0101000101
000100101
010101010
101010010
01010101
10100101
1001010101
101000101
010101
0100101000
001010101
00101101
0101001010
010101010
01010001010
0101001010
1010000101
0101010101
1000010101
01001001
010101000010
010010010
101010101
10010100
00101001010
100100101010
010010010010
101001010
0010100101
100010101
101000101
100100101
1000100010
010101010
010101010
101101010
1000101010
1000101010
0100110101
0100101
00101000
00101001
10101001
1010101
10101001
0101001
01010110
1001010001
00100101
01010101
01010101
1010101
101010101
1000101001
100101010
010101010
001010101
010010101
0101010010
0101010010
100010101
00010101
00101000010
0001001010
0010101010
10010000010
010101010
10001010010
010101010
0100001010
100101
1010100101
01001010
1000010001
01010101
01001010
10100101
001010011
0101010010
00010011010
101001001
01010101
1010101
1010110
100101010
000101010
000100101
1010101
100100101
010101001
01010101
10100101
01010010
000010101010
100001010
010101010
0010010001
100101001
01010100010
00010101010
0010010101
1001000100
0100010010
010001010
0101101
1001010101
01010101010
100101010
010010101
010100101
1010101
00100101
010100001
100010101
1001011001
0101011
0101001
01010101
1001001010
100010010
10101001001
10010101
1011001
010010101
00101010
00101010
01010101
010001101
10101001
10010101
100101010
1010101
010010010
10101010
0101011
0110101
10101000
010011001
0010101010
1000101010
0010101001
01010101
01010101
01010101
01010101
101001010
100101010
10101010
101001010
0100101010
0001001010
0100101010
01010101
1010101
01010100010
01001001010
1000101001
1000101
00001010101
1000101001
10010101
0010101
01010101
101010000010
010101010
0010101010
1010101
10000101
010010101
00101010
00101010
0101001010
010010010010
10001010
0010101010
010101010
10101001
00100101
01010101
100010101010
0101010
100001010
01010100
01010101
10010101
01010101
01010101
01000101
0000101010
010101010
01010101
010101000
0100101
01010101
01010101
10010101
001001010
010110010
00010101001
00101001
0100101
0101010101
100101010
001001010
010010101
001010101
00010101
100010100
01011010
1001010010
01010100010
010101010
010101010
101001010
0010101001
110010101
10011010
01001001010
010010010
0101001010
010010010
00010101010
010100101
010101100
0101010010
01001010
010011001
1010101001
1001010001
00100101
10010101
1001010001
10010101
01000101
01010101
010010101
101010101
01010101
100101010
0010101010
10101001
01010101
10000101
100010101
0101010
10101010
101001
010010101
10100101
10010101
0010100101
100010101
00100101
01010101
10000010010
101001010
01010101
1010101
1000101
010100100
1010101
0101100101
0100100101
10011001
01000100010
1010101010
01011001
10100101001
001010101
010101000
01001010
010101010
0100101001
01010101
010100101
010100101
01010101
010101001
010101010
01000100010
01010100010
1010100
000010101
010010101
010101010
00101001
1000100101
01010100
010101001
00110101
01010101010
010101010010
00101010
010101010
10001010010010
100001010
010101
10010101
010101010010
001001010010
00101010
010101010
001010010
0010110010
101001001
01011001001
010101010
0101010010
1010001010
0101000010
001000010010
0010101010
01011001
001010101
010100100
010100101
1000101010
0101010
00100101
101010101
010101010
1001001010
001010101
1010101
01010101
0010101001
011010010
0101001010
010101010
1000101010
1010101
0100001001
1010101
01001001
0110101
110100101
100100101
0100100101
01010101
1010010101
10010101
1000101001
000010101
0010101000
010101000
0000101010
01010101
0010100101
10101010
0101000001010
1000100101
1001010010
01010101
101010100
100010101
1000101
01001001
1010101
010101001
100100101
01010101
1000100101
10010101
1010101
0110010
0010001001010
100101001
001010101
10010100101
001010101
0110101
1010101
10010101
10010101
0100100101
0100101001001
010011001
010101001
0100101
0010100101
10100101
0101010101
101010001
010100101
1001011
01010001
010001000
10010101
0100101
01010101
0100001010
000001010
10101010
101001010
010101001
00101001
10001010
001001010
100101010
10010001010
01001010
01001010
00100101
101001
010100101
1010101
100101010
01010101010
1010100
0010010101
10101010
01001001010
10100101010
000101001010
010101001
010101000
10101010
00101010
01010101
010101001
001010101
1010101
1000101010
00100101010
10100101
0010011
0100101010
101001010
0100101
1010101
1010101
01010101
10010101
100100001
01010110
10101010
0100011010
10001010010
0110010101
001011001
010101010
01010010
01101010
10001010010
1001010100
1010101
10101001
011001101
0110101
1000101001
1010010101
0101001
00100101
010101001
0101010010
0010101010
01100101
10100101
1010101
0100101
00101010
01010010
01000101
0101010100
00100010010
10101010
100101010
0101010010
0010101000
1000101001
1000101010
01000101
01010101
011001011
0101001010
01010101
1010100100
00100101
010101010
010101010
1010101
0101001001
010101010
010101010
010101010
0100101010
010101010
100101010
0101010
01010101
010101010
100101010
0010101
001001001
100101010010
0101010
0101001
01010101
001010101
10100001
0101001010
011000010
01010001
0101001
100101010
100110010
01010101
11001010
1010101
0101001
000100101
010010101
001010001
10000101
011010010
010010010
0100101010
101001010
00101001
001010101
1010010
01010101
001001010
001001010
1010101
10010101
00101001
011001001
010010101
01010101
0010101010
000010001010
0100100010
1000101010
1010100
10010101
10101010
00010101010
001010101001
01010101
10101001
1010000101
1001000110
01001001
01010101010
00101001010
00100001010
0101010
0101001010
10101010
01010101
1010101
01010101
0101010101
01010101
010100100
010101001
010101001
0110101
00100100100
10010101
0010010101
01010101
01010101
001010101
010100101
10101001
010101001
00101010100
1010101
1000010101
01000101
100101
01001000101
010101010
010101010
1000101
010100101
10101001
01101001
01010101
1010110
010001010
010010010
0100101010
10101010
1000101010
0101001010
0100101010
10000010000
00101010
01010010010
0100010010
0010101010
100101001
000010101
00000100010
0100101010
00101001
10100101
010101101
01010101
0100101001
0010100101
010100101
01010101
10010100101
101001001
101010010
0101001
1010010010
00011010
10100101
010100101
010101010
0101010010
01010101
010010101
001010101
100100001
0101010010
1000001010
10100100
100010101
010101010
10100101
00101001
100000101
010101010
01010010
010010101
1010001011
010100101
01010110
0000101010
10101010
101101
00010101001
010010101
001010101
10010100010
1001000010
100100010
00010010010
010010010
01010110010
001010010
010101010
1010101010
010101010010
0100101
0100100010001
00101010010
0100110010
1001010
101010101
101010001
10010101001
101001010001
100100101
1001010101
0100101001
0101001010
100101010
0101010010
100101010
100110101
10101010
01001010010
10000101010
0101001010
10001001010
00101010010
01010010
01010100
10010010
100101001
10101001
100101001
0010001001
001010010
01010010010
010100101
0010100001
10001001010
0101001010
0100001010
010010010
0100001010
0101001010
10100101
1010100100
001000101
01010101
0101101
0110101
10000101
010010101001
0101001
010010101
100101010
10100101010
10101011
00101001010
0101001
01011010
01010010010
010101100010
1010001010
0010001010
01001001000
0010010001
10101010
001000010010
101001010
01001010100
0010101010010
01001010
0101100101
1010011
001010101
1010101
010101010
010101010
010101001
00100101001
01010101
1001010101
1001001010
10101010
100101000010
10101010
100101010
100010010010
1010101
0100100101
0100101001
1010000101
00100010010
0101001010
100101010
001001001010
10001010
0010000010
010001001
1010101
100101010
010101010
1010101
1000100101
110010100
10100101
0010001010
0101010010
010010101
0010010101
10000100101
010100101
0100101010
0101010010
1010101
01010110
010101001
1001001001
1000101010
001000101010
010100101
0010001001
100101010
0101010010
101001010
101001010
1010101
01010101
0100100101
01010101001
010101010
0010000010
0100101001
100001001
10100101
101010101
100010010
00101010
00100101010
100101010
01011001
010010101
10010010
01010101
10101010
010101010
10101010
1010010010
00101010010
101010010
01001000010
001001010
101001010
0101001010
0010101010
01101010
010110101
1010101
0101001010
0010101010
01010101
01010101
10010101010
0010010010
1000101010
00101010
010010001010
10010101010
0010010001
100010101
10100101
001011001
10010100010
101001010
0010001001
010000101001
0010001010
001001010
100010101
00100101
00100101010
1001010010
10101100
0001010101
0101001010
010101010
0101001010
10101010
01010101
0100101001
0001001010
010011010
01010101
010100101
0100010101
00101010
1000001010
011010010
00010101001
101010001
01100101
10010101001
101110010
01001010
100100010
010101010
00100101001
010100100
0101001010
10010010
01001001010
001001010
101001001
0100100101
001001001
10101001
010010010
101010010
0101010010
1010010
0010010
01010101
10011001
01010100
0110101
010001101
0101001010
000101010010
000101001
001010101
010001010
010101010
01010101010
0100101010
1000001001
010100110
10100101
001010101
101001
10001000010
10001010010
010100110
01001010010
100100101010
010011010
0101001010
01010101
100100101
00100101010
01010100010
0010100101
10010101
0101010
10010101
100010010010
010101010
101001010
0010000101
00100101
100100101
010010010
00010001001010
10101001
010010101
10100101
1000101010
1001010010
0101010010
1000101
010100101
001010101010
0101010
0010011010
00101001010
0101100101
01010101
100101
0101101
100100010
0001001010
010010101
01001010001
0010010101
001010101
0101001010
010010100010
1010101
010010001001
1010101
0010101
0101010
100101010
1010011010
010101010
0100110010
01010100010
0010010010
01001010
01011101
010010101
0101010
01010101
010101010
001010010
1010101
0100101001
010101010
101001010
00101010
101001010
01010010010
0101001010
1001010101
10101001
100010010
00001000010
1000010100
01010101
010101010
100100001010
00101010
101010010
010010101
0101000101
0010101
1010101
01001010
001001001
100010010
010101010
1010101
100100100
001001010
101001010
0101010
010101010
1010101
00010100101
001010010
01010010
10010101
0010100101
0100101010
001010010
01010101
01001001
001001001010
010110010
0101001010
0010001010
1001001010
000100101010
101000101
0101001
01001010
0010010010010
01010101
10001010010
1010101
00110101
1001000101
01010101
010100101
01101001
0100101010
010101010
01000010010
10101010
0100101101
0100101001
01011010
10100010010
01001010
11010010
1000101010
1001010010
10100101010
10100101
001010101
100000010100
101001010
010101010
0001010010
1001001010
1010101
100100100001
01010101001
0100101
10010101
0010010101
10100101
0100101
1001001001
1010101
100101010
01101010
1001001001
100010101
10010101
1010101
001000010010
0101010010
10101010
010101010
1010101
010101001
001010101
01010101
100010101
100100101
10100010101
00101010101
1000101001
01010101
010110001
001010101
0100101010
10101010
100101001
00100101
0010101001
0010101010
01011010
01010101010
101001010
10101010
100110101
0010100100
101001010
010101010
100100101
01010101
010100101
01000101
10010101001
01001000100
010101010
00101001010
1010100101
010010101
10100101
1000100101
001000101
1010100101
011010010
1001001010
1001001010
1001010010
0010101
00100101001
10101010
10011010
1001000001
100100101
0101010010
100101010
0100010010
1001001010
10101010
101001010
010100101
00100100101
10001010
010101010
010101010
001010010
100110100
100100101
010100110
0000110010
00101010
010100110
0010010010
0100101010
01010101
1010110
1001000101
00010101
0101001010
1000100110
1001001010
00101010
10101001
01010101
0101010010
0010101001010
100010101
1010101
001001010010
01010100010
1000100101
1010101
010010101
00101001
10101010
010101010
0010000101
010110101
0100101010
1000101010
01010101
1010101
101001010
0101001010
00101010
100101010
010100101
001001001
101010010
001010010
01010101
011010101
0101010101
10010101
1010001010
0101001010
10100001001
10010001001
010101001
01010101001
0101010010
100110010
0101001010
0010101010
1000101010
100101010
100101010
10101010
01001001010
10010010000
100001010
101001010
10010101
0010100101001
0010100101
100101
010001010
00100010010
010010001010
001001010010
010010101
001001001
010100101
010010101
010101001
1000001001
100100101
010010011
0010010001
010010101
1010101
010101001
100010010
00100010010
101001010
0101010010
10100101
0010101
0001010101
010010101
0101001000
01100101
10010101
010010101
010101001
0010101100
0100100101
01010101
101001010
010101010
00100101010
1001010010
10010101
010101001
10100101
001000101
10100100
10100010010
101000101
01010101
001001010
0010101010
00010101
1010101
101001010
0101001
00001010010
001010010
0010101010
001001010
10010101
010101010
1000001010
01001010010
11001010
010101010
1000100101
010011001
10101001
0100101
10100100
1010101
00101001
100010101
1001010010
00100100010
100100101
101000101
1001010010
101001010
0100101010
10110001010
10101010
0010101010
10101010
10101010
001000110
10001010010
0100101
1001000101
01001001010
00100110
100101010
0101010
0010101010
11100100
011001010
010101010
01001001010
101001010010
01011010
0001000010010
01011010
1001000101
001001001
010100101
1001001010
1000001010010
10010000010
001010010010
100101010
0100101010
010101010
00010001010
010100101
100100101
00010100101010
010101010
000101010
0010101010
10010101
0010000101
00001010010
01101010
0100010011
00100101001
0100101
01010010001
01001000010
0100100110
001010101
01010101
01010010
001010010
1001101010
0010001010
010010101
1010101
10100101
1010100
010101010
00001010010
10010101001
010001001001
1010101
1001100100
001010010
000001010010
01010101
10101001
01010010010
1010001010
01010101
010010011
10010100101
01010010010
100100101
01010101
100001000010
0100101010
1100101
010110101
01001010001
00101001
0010110010
010101010
010101010
10101010
1001000101
01010101
1000101010
1010101010
010101001
101001001
010010101
010100101
1010100001
1010101
10001001001
1011001
001001101
00100101
0100100010
1001000010
010101010
1001010010
1010101
00101001
01010101
01010101
10100101
0100101
00101010
100101001
010100101
01010101
100010101
010010101
00101001010
0101010010
00100100101
010010101
010100101
011001001
0010101
1010101
0010100101
10010101
10100101
01010101
10101001
01010101
0010101
01000101
010100101
01010100101
010010101
0010010101
010010010
1001010010
10100101
01010101
0010101
0101001001
000101010
0101010
010100000
0100101
001010001
10010101
010101010
010101010
010100101
1010101
01010101
0100101
01010101
01001001
1000100000
001010101
0010101
10010101
01010101
0010100101
010010101
0010101001
0101101
001010101
01010101
00101001
100000101
01010101
01010101
100010101
1010101
01010101
0101000101
100100101
1010101
010101001
001000101
001010101
10010101001
1000101001
0010101010
101001010
010101010
0100101010
00010100100
010101
01010101
1010101
010100101
10010101
100010101
01010101
001010101
0100010101
010101001
01010100
0101001010
010101010
01010101010
010011010
01010101
01010101
1010101
01010101
01001010
001010100010
1001010010
0101010010
010101010
0010001010
1010100101
10100101
0101001001
010101001
01010101
100010101
1010101
0001010001
10010100101
1000100101
0000101001
01010101
1010101
00001001001
00101010010
100100010
010100101
1010101
1100101
10001010101
10100101
001010101
1000100
010100101
01010101010
1000101010
01010101
100010101
01001010
100101010
1010101
10100101
00100101
10010101
010100001
1010101
010101010
0101010010
01001001
01010101
01010101
0101001
010010101
00101001
010100111
001101010
10101010
001001010
01001010
10001001010
0101010
0100101010
1010101
01010101
10101010
001001010
10100101
10010101
100010101
010101001
00100100101
1010101
10101001
01010010001
10011010000
001000100
01001010
01010101
010010101
10101001
011001001
101001001
01001010
0001001010
010100101
1000010101
00101001
1001010001
010010101
01001001
000101010
01010010010
10101001
010010101
10101001
1010101
010010100110
00101010
100100101
01010101
100010101
01010010
010001010
001010010
1010101
010101001
0010010010010
010101010
0100100101
010100101
100101000
001010101
10001010010
10101010
010101010
000101010
101010101
01010101
0010100101
010100010
100100101
010100101
10101010
01010010
1010101
1001010
1010101
010010100
0010101
01010101
0010001010
0101010
01010101010
010101010
0101001
100100101
1001010010
01011010
01010101
01010101
00101010
1010101010
10100100
0110101
010100101
01010001
01010010010
10001001010
10101010
100101010
1000101010
0100001010
01010010
010010001010
10101001
01010101
0101010001
1000101001
00100101001
0100100101
0100101001
00101001001
101010101
0010100101
100100001
01001101001
0101101
01010101
001010101010
101001010
01010101
1010101
0100101010
10101010
0110100010
0000101010
01001010
101010
1010101
01010101
1000101010
010001010
101001
010010101
01000101010
1010001010
011001010
0010101010
1000101010
010101010
010010101
0101001
00010100101
0100101001
0101010101
101011
1001010
101001010
010010100
1000010001
0100100101
010010101
00100101001010
0101010010
1000101010
1000100101
01001000010
001010010
001010101
100000101
100010101
0010010101
010100101
0010101001
010100100
010100101
101100
0010100101
1001001010
100101010
10100101
01010101
10101001
01010101
1001001010
00100001010
0010010010
0100101010
01001001010
1001101010
10010010101
10010101
010011001
1100101
001010101
001010001
0010010101
0100110101
1010101
10010101
01010101
01010101
01000100101
100010101
0101001010
100101010
01011000101
01010101
00100101
010101001
010010101
001010101
100100010
101001010
000101001
0010010101
00101001010
0101001010
10001010010
100100100010
010100101
0101011
1001010010
100101010
10010101
1000101001
10001100010
10100100010
0010001010
0101010010
1010000101
1001001
10010010
001010010
0100101001
01010101
0010000101
00101010
100001001010
0010001010
0010110010
010101010
00100101
0010010101
010101010
010101010
0101001010
000101010
10101010
010101010010
0101010
0100100010
10100101
01010010
010100101
001010101
0101010010
1000010010
01001010
1001001010
0101001010
10101010
1010011
01010101
01101001
001010101
100101010
01000101010
010011001
1000101001
010101001
10100101
01001010
0101001010
010101001
01001010
101001010
010010010
01010101
00100101
1000001010
010101010
00101001
01010101
10010101
1001001001
010101010
001010101
0010010101
01010000101
1010000100
01010101
101010010010
010101010
0010010101
010101001
00101001000
10101010
10111011
01001000
1001010010
010101010
10010010010
010101010
010010101
100100101
00100010001
001010101
00010101
0010101001
001010101
00101001
1010101
01010101
1010001010
010101010
010011010
010101001010
0010101
1010101
100010010
0010010010
0010101010
001001000010
101001010
011010010
10100101
0110101001
10010101
010100101
10101010
010101010
00100101010
001010010
10001010010
00101001010
01001001
010010101
01010101
0010101001
001000101
10010100101
010101010
0010101010
01010101
10010101
100010101
010010101
1001000101
1000110001
01010101
1000101
10101001
00100100101
10101010
01010010
001000101010
001001010
01010100101
010010101
101000110
10010110
100100101
000010100100
1001000010
010100101010
010010010
1010000100
001010010
0010001010
10010010101
010010101
0000101001
1001010101
101010101
001000101
1000010101
01010101
0010100101
0101010101
10000101
01010101
101001010
1010010
10001010010
01001010
01100101
01000101
10001011
01010100101
010101010
0101010010
0101001001
01001010
0010010010
10010001010
001010101
101000101
10101010
1000101010
101010
01010101
00100101
101010101
0101010
10101010
00101001
10100101
00101011010
001010010
101001010
01001010010
10010001010
100101010
101101001
0010101001
01001001
01010010101
10000101010
0010001010
1011001
1000100101
001001010
1001010010
100101010
00101010010
010010101
010010101
1010101
0101010
100010010
010101010
01010101
010100100
100100100
010010101
100101010
00101010
101000011
110100101
010100101
0101010101
100101001
010100101
01010010
001001010
10000101010
001010000
010101011
001011001
001001001
101010
0010010001010
101010010
010101001
001010101
01010010
00101010010
10101010
101001010
1010101
101000101
01010101
10101010
101010010
0010101010
001010101
00010101001
1001010010
101001010
01010101
010100101
01010101
101001000001
0100101010
10000101010
001010101
1001011
1000010101
01010101
001011010
01011001010
10010101
0010100
0101001010
01001001010
101001010
1001010010
010010010
0101001010
1001010010
100010010
100010000101
100101001
100010010
00100100010
10101010
010101010
1001001001
010101001
010101001
10001001
0101010
01010101
100101010
01001010
101001010
010101010
010101010
01001001010
0100110010
001010010
01010101
01010101
010000001
10100101
0010101001010
0100101010
001010010010
1010010010
0101101
01010101
10101010
100010001
0101010010
10001010010
01001010
01010110
1010101
01010101
010010010
0100100101
0100101010
101010010
1010101
010100101
1010101010
00101010
0110101
01000101
010101010
01001010010
01010100
001001001
101001010
0100100110
00101010
101001010
1001001010010
010101010
0100101001
1010010101
101001010
001010100
0010101
01010010100
01011011
01010101
10101010
10100101
01010101
01010101
010101010
100101010
010101010
100110010
010101010
0010001010
10010101
1010101
10101001
1010101
10100101
1010101
001001010
10101010
1010100101
010100101
1010101
1010101
01010010
1001010010
01010100010
10101010
0010010101
1000101001
0010101
010100101
10010101001
01010101
0010010101
01010101
01010101
010100100
0101010010
101001010
0100001010
100001001010
10100101
001010101
1001010
001010101
001001010
00100001010
101010100
1010101
01010101
0100101
001010101
01010101
10100010
1000101010
00100101
100010101
010100101
0010001001
0010010001
100101001
100110001
01011001
10010101
01001001
000101010
1001000100
10100110
0101100010
010011010
0101010
0100101010
10101010
01010101
01010101
001010101
10010101001
01010101
100000001
0010101
010010101
100101010
1010101010
1010001010
10101010
00110101
1010101
0100101
0101001
10001001000
1010101
01100110
01010101010
0000101010
00100101010
10001010010
1001001010
100101010
010101010
0000010101
101010101
0010110010
010101010
0010101010
01010010
0101001010
1000101010
0100101010
1000101010
010101010
1000101010
0101010010
0101010
0001010010
01010010010
0101001001
100010101
00100101010
1000001010
101000101
01011001
10010100010
010101010
00101001
0100101001
001001000010
00010001010
100101010
00101001010
0010101010
01010101010
00001001010
000101010
0100101010
00100101010
01010100101
00101001
100010010010
10101010
00101001010
00100001010
000000101010
10101010
010101010
0001010010
00101001
00010101001
100100101
010101001
101010010
10010100010
001010010
010010010
010101
10100101
0100101010
0011001010
0011001
010100101
010101010
000010100010
01011010
10101010
010101010
1001010010
0101010010
0010101010010
0000101010
0010101010
010101001
010010101
1001010000
001001010001
0101001010
10100001010
01001010010
1010101010
10100010101
010010101
00100101010
10101010
10101010100
1000100101
10010101
10101001
10101010
10101010
01010101
01010101
01010101
1000010101
10010101
100100101
10010010
1000010010
0010100100
01010010010
010011010
1000101010
010101010
0010101010
10010010010
0101010010
100101010
01010010
010101001
0101010
0010101
01010101
010101010
10101010
1001001010
01010000010
010110010
001010010
01010101
10000101
00101010
001001010
010101010
00101010010
0001001010
01001010
01010101
1001001001
0010100101
010100101
010010101
0010010101
10101001
00100101001
0101000010
100101010
101001010
10000101010
1001001010
01101010
010101010
010010010
01010101
00100010101
001001010
0101001010
100100101
00100100010
10100101
010100101
010100101
001010101
00100101
1000101
10010101
1000100101
0101100110
010101010
1001010010
01010001010
001010010
1010010010
10101010
10101010
10001001010
001010010
01010111
1010101
100010101
1001010010
0100101
100010101
10010010001
0101001010
1010101
010010101001
10010101
1011001
0101001001
0010000101
0010100010
00100101010
01010101
010100101
10101010
010101010
01010101
100010101
10101010
10101010
010100110
0001001010
010010010010
10010101010
1000101010
101001010
0101001010
01010001010
011001010
1001001010
1010101
01010101
100100101
1000010101
100001010
010101010
01001010
01001010010
0100100101
010010101
0100101010
0101010010
01010101
0101000101
1000101010
0100101010
01001010
0101010010
010100101
0101001001
10001010
01010010010
00101001010
011001010
00101010010
0010001010
101001010
0101001010
0010100101
0010001001
100110101
000010101001
10100001010
0100101010
01010101
001010100
0101001010
00101010
10010101010
101000000010
01010101
10010101
001010010
1001001010
010100110
10101010
10101001010
01010101010
00100101010
0101010010
1001000010
10101010
1001001010
10101010
01010010
00101010
01010101
1010101001
001001010010
001010010
0100101010
00100010010
100100101
101010101
100001010
0100001010
01000101010
10101010
1000101010
10010010
100001010
010101010
00101001
10011001
01010101
10010101
0010101010
0100010010
0100101010
0101001010
10001001001
010010101
101001010
100110100
10010010010
010010010
1010101
100100101
010101001
10010101
010101010
101010010
100101010
1000101010
1000101010
0100101010
00101010010
010001010
00101001
010010101
00100101010
0010101010
01001001010
101100101010
100100101
010010101
010100101
010100100
01010101
100101001
01001010010
0101010010
1000101010
0101001010
010100101
101010101
0010001010
100101010
010101010
00010010010
01010101
001010101
001001001
010010100
010101010
0000101010
01001010
0100101010
010101001
00100101000
1010010101
1010101
1010101010
010000010010
100100010
1010100010
101010
00101010
0100101010
101001010
010100101
01010101
010101010
010101010
100001001010
01010010
1001001
01010101
101001010
010110010
0100101010
0101001010
010101010
001010010
00100100110
010101010
0100101001
01010101001
00010010010
0101001010
0101001010
1000101010
10010010
01010010010
010101010
010100101010
01001101
01010101
100101010
010101010
0101010010
010101010
10010010010
100101010
10101010
010100010
01010010010
010010010
01001010
010101010
1001010101
0010100100
010001010
010101010
01010101
0010101
100010101
01010101
01000100101
01010101
01010101
01010101
100101010
10100110
001010101
010101001
100010101010
010101010
0010101010
1010001010
10010101010
101001010
1010101
0010100101
1010001001
1010101
101010
10100101
0101010
01010101
10101010
01010010
010001001
0101100101
01010101
010010101
010101010
010101010
010010010
00010101010
00100010010
001010010010
1010101
0101010
0101001010
001001010
10100101
0010100101
10010101
010100101
10100101
010100011
10101010
0101001010
01010101
00100101001
0001001010
0010101010
00100100100
01010101
00100101
1010101
01010101
1010101
1010101
0000010101
010100100
10010101
010010101
01010101
0100100101
0101001001
010010010010
0110010
01010101
10010101
010010101
0010010101
01001010010
001001010
01010101
100100101
001000100100
10101010
0010010010
10101001010
0010001010
0101010010
10100010101
00101001
10100101
01011001
01011001
01011001
001000101
010010100
010010101
100010101
0100010010
1001010
010101010
0010101010
100010101
1001010101
01010101
010100001
01010101
01010101
10101010
010101010
01010001010
1010100010
01010101
10010010
01010101010
100101010
100100101
10010100100
001010010
10010010010
010101010
100101010
00101001000
100000101
0101010010
101010010
10010010
0010101010
011010010
010101010
01010101
001010001000
00100010010
010101010
100101010
0101001010
0101010
0010101
101001010
001010010
010101010
0100101010
0101010010
0100101010
01011010
100101010
101010010
010100010
0101001001
0100100101
01010101
0101010
1010101
100100101
1010101010
0010010010
100010101
01010101
010010101
0010001001
0101010010
0101010010
000001001001
001010101
00100101010
0101001010
010101010
1001010010
001001010
010101010
00100001010
01001010010
0011010010
10101001010
1001000010010
10101010
010010101
001010101
010010101
01010101
0010101010
00101010
01011010
0101001010
010010010010
101010010
00001001
001000101001
01000101010
100101010
0101101
10010101
101001001
0100100111
0101001010
10101010
010101010
1001001010
100101010
010001010
001010010
010101010
101100010
100101010
010101001
100010101
01001101
010010101
010101010
010101010
010101010
010101010
0001001010
10101010
100100101
01001101
1010101
00100101
10001010
001001010
01001010
01010010
10101010
10101010
010100101
00100101
1000010101
1001011010
00101010
10010101010
10001001001
01010101
10010101
1010101
10101010
01010101010
10101000
10000101
100010101
010010101
010101010
01001010
1001010010
000010010010
100100101
01010101
000101001
01010101
010010101
01010101
010100010010
0100101010
001001010
0100101010
010101010
010010110
1001010010
001001010
00101010
010101010
010101010
1001010010
1001100010
000010101010
000101010
10101010
010100101
010101001
010101010
001001010010
0101001010
000101010
0010101
01010101
001000101
0101001
100010101
01010101
10101010
010101010
0100100101
10010101
0010101010
00001001010
010101010
10101001010
10001101
01010101
001010010
1001010
01010101
01010101
00101010
0010001010
000101010
010110010
10101001
011101
001000001010
010010010010
010101010
0101010010
010100101
00100101010
0100100100
01010101
010101001
01010101
0010000001010
0010101010
01001101
010101001
0010010101
010010101
00100101001
0101000101
1011001
00100101
01001001010
0010101010
0010010
10100101
0101010101
100101001
1010101
1010101
100100101
010010101
1010001010
000010100010
010010101
10010101
101001001
00100101
010001010
0101010101
010101001
101010000
100100001010
10101010
010101010
010101010
010010010
010101010
010101010
00001001010
0100101010
00010101010
0101010101
0101010
10000100101
0100101001
010101010
100010010
001010101
0111101
10101101
00100101
010100110
0010100101010
0100101010
101001010
010010010010
0101010
010101010010
101010010
01010101
010010100
11001010
100101010
1001001010
001010101010
01101010
01001001010
010011010
1000101010
01001000101
010011
100001010
100010010
1001001010
00101001010
00101010
001010010
10101010
0010101010
1000101100
000001001
0101101
01010101
010101010
0101001010
01011001
001010101
001010101
010100101
0101010010
10101010
10100101
0010101
0010010010
10100110
01010100
01010101
0100101010
010101010
101010001
001010101
10101001
10101011
01010101
01010101
010001010
0010101010
0010101000
00101001
10101010
0101001010
001010101
0011001
100101010
0100101010
011010010
01010100010
01010010
0010100101
0101010
0101001010
101001010
00101001010
10010101
01010101
00010101
0010100101
100101010
010101001010
00101001
100100101
1010101
010101001
010100011
100100101
10100010
01101010010
10100101
1010101
101001010
0010001010
01010100010
00101010010
010101001
010101001
10101010
01001010
1010001010
0101001010
101001010010
00101010010
101010
01010101
1010101
01010101
01010101
1010010101
0100101
01010101
010100101
010101000
101010101
0101001
0010001010
001001010
0010101010
0100101010
0010100010
000101010
000101010
010101010
00101001010
10100110
10010101
0000010101
10100110
10001001010
010101010
01010010010
0100101010
00101010010
0010010101
010100101
10101001
100101001
0100001010
010010110
10101010
00101010
00101010010
001010100100
0001010010
100100001010
101001010
0101001010
1010101
010100100
01010001010
0101001010
010101001
01010100
10000101010
001010101010
00100101
001010001
10101010
0100101010
0010101010
001010010
00100101010
101010010
10101001
01010101
010101010
100101010
010010010
1001001010
101001010
0100101010
01010110
1010100010
1010001010
010101010
01010101
0010101001
010101010
010010010
00001010001
0100101001
100100101
010101001
01010101
00100101
1010010
010101010
010101010
100100010
01010101010
010101010
1001010010
1001001010
010101010
1000101
1010101010
001001010
010101010
100101010
010001010
010101010
010101001
0010101
100101001
00100010101
10000101001
1000001001
100101001
00100101
01000100010
00010101010
010101010
010101010
000101010
010101010
1010101
010100101
01010101
0010010001
0100101010
1001001010
0101001010
10100010
0101001001
1010101
10001001010
0010110010
010010010
00101010
00101010
10101010
01010101
0010101
01101010
0010001010
100101001
010010101
0001001010
0100100100
01010010010
0010101010
1010101
1000100101
1001001010
010101010
010010101
0010101
100101010
10010101
10010101
1000000100
0010101010
1001001010
0100101010
0010100010
10101010
001001010
010101001
101010100
10100101
0100101001
100000100100
10100101
101001001
10101011001
10010101
000010101
101000101
100010101
0010001001
1001010100
0101010010
10101010
1010101
010010101
0010101010
010101010
10100101
1001011001
10100101
00101001
00110010
01001010
001010010
0101001010
101010000010
0010001010
0101010
010010010
000100010010
00100110100
01010101
0100101
001001010010
01000101010
010101010
1000101010
10001010000
10010101
00100101
10101001
0101001010
010100101010
0010010010
00100101010
10010101
01010101
010101001
001010101
010100100
10010010101
00100001010
0101000010
01010101010
1001000010
0110101
0101001010
0100101000
01010101000
00101010
00101001010
100100101001
01010101
1010100001
010101010
101001001
001010101
010101001
0010101
001001001010
00100101010
01010101
01010101
001010010
010101010
10000101
0100100100
010100101
010010101
