010100101
010100011
010101010
1001010010
0101010
0101010101
10001001010
01010101010
10010001
00100101
100100101
010010101
00101001
1001000101
0101001010
010101010
10000101
00100101
010010101010
0010010010010
0001010010
0101010101010
1000101010
1001001010
01010101
1010010101
01010101
100101001
10101010
01010101010
001010101
01010101
1010101
1010101
001001010
01010010
0101001010
0100101010
10001010
00101010
00100101
01010101
0010010010
100001010
0101101010
01001010
010101010
0100101010
01010101
000001010101
1000101010
1001001010
1010101
01011001
0101010010
1000100110
010100101
10100101
0010010010
001001010
0101010010
01001001010
001000101
1010101
010100101
100101001
10100111
000010101
0101001001
0101001001
010101010
0010100100100
0001010010
1001010010
001000101010
0101001010
00101000101
01010011
0101001010
01010010010
10001001010
10000101010
010101010
011001010
00101001
010010101
001000101
10101001
010010101
010101010
010101010
010100101010
10010101
01010101
01010101
001011010
10101010
0101010010
010101010
1000101010
0001010001
010010101
010101010
010101010
00101010
0100101010
100010101
1000100101
1001010010
0010101
01001001010
010101010
1010101
10010101
1000101010
010101010
10100101
010101010
0100101010
1000101010
01010101
00110101
101010001
00100101
01010101
0001000101
1010101
1001001001
10101010
000010101010
010101001
1000100101
010100101
01010101
0101001010
100100010010
010100101
01010100101
1010101
01010101
0010101
0100101010
10010010010
010010010010
00100100101
100101
01010110
010101001
10100101
010101001
0000101001
010010010
010101001
010101
1001001010
1001100101
010101010
0101010
010100101
0010101001
0110010101
0010011000101
010101010
0010100101010
00101010001000
01010101
01010010
010100101
101000101
001010101
10101010
010010100010
100101010
100110100010
010010101
10101010
001001010
01000101010
010100101
0100010101
10101010
010101010
001010101
010010011
00101010
101001001
10100101
1010101
1000101010
000101010
0101001010
10101010
01010101
101010101
00101001
00001010101
1000100101
100010101
10100101
01010101
1010010101
01010101
10101010
0010101010
101010010
0100101010
0101001001
10100101
010010010010
010101010
01010101
100100101
1010101
0101010100
010100101
10010101
010101010
10101010
10100101
010100101
010100101
0101010001
101000101
0101010101
0100110010
01001001010
00010101010
001001010
01010001010
1001001010
01010101
0100101001
10100101
010010101
1001010101
1000100101
001001001010
1001001010
10010101
0100100001
10010101
10100101
01010100101
0010101001
01001010
00010101010
1000100010
0101010010
000100101
100010101
1010101
1010101
0100101010
10101010
1010101
0010101
101000010
100110100010
100101010
01001010001
01010101
010100101
010101001
01010101
0100101010
010101010
010101010
010101010
100101010
00010100010
01010101
10101101
100110010010
0100100100010
1010101
00101001
10101010
1010101010
010010101
01010101
0010101
01010101
010010101
010101001
01010101
0100100101
0101001010
010101010
100101010
0101010010
0101001010
1000101010
0101001001
0010101
101001010
0101001001010
00000100010
0100101010
010010101
100101001
01010101
010100101
01010101
00100100101
10100101
0100101
1010101
010010101
1001000010
1001001010
010101011
001010101
10101010
0101001010
010010101
1010101
010101010
010101010
010101010
00101010
001010101
010100101
0000101001
0101010101
0010101010
11001010
01001010010
00101001010
010101010
100010010
0101010010
01010010010
01010101
01010101
101001010
0101001010
1010101
010010101
0010010101
01001001
0100101
010110101
100000001
010100101
010010101
10100101
0101010010
010101010
10101010
0101010010
1000101010
10101010
01010101
0000100101
010101010
010101010
000101010
01101010
01010101
010010101
01001001001
010010101
100010101
010100101
01010101
10100101
010101001
10010101
00101001
010101001
0110101
0010010101
01010101
10100101
010001010
0001001010
01010101
100000101
0100100101
11010101
1010101
001010101
01010101
101001001
010010101
0110101
0010100010
0101010010
0101010101
010010101
01001001010
0101001010
010101001
01010101
0101001001
010100101
01001001
0101010101
010101010
0101001010
0100100101
0101010101
01001010
10101010
010101010
0010101010
010101010
010101010
10100100101
00100101
01010101
100001001
001010010010
010101010
1010101
01010101
1010101
100100101
000001010010
1000100010
0100100101
010100101
010101010
0101010
10100101
010010101
0001010101
100100101
1010101
010001101
100010101
010010101
0100101
010101010101
010101010
0101010010
10101010
10101010
1010101
10000101
0101010010
010101000010
10010101
0100101
10001010100
1001010001
1010101
10010101
01010010
1001001010
0010100101
0101010101
100010101
010100101
010101010
1010101010
1010101
1010101
01010101
01010101
1000010101
100100101
01001001010
0101001010
001010001010
1001001010
010101001
01010101
0010101001
100010101
10100100
100010101
1010101
10100101
10100101
01010101
100010101
1010001
100010101
10010101
01010101010
100001010
000001001010
101001010
1010101
01010101
0100101010
10101010
010101010
101001010
01010101
0010101
1001001010
01001010
0100101010
101001010
01010101
010100101
010010101
010100101
100101010
100101010
01010110
10100100
1010101
1010101
101001001
01010101
01010101
010100101
010010101
0100100101
01001010010
101001010
0101010101
1010011
10100101
0100101
001010010010
0101001010
10001010
0101001010
01010101
10100101
10010101010
0101001010
0100101010
0101001010
101000101
01001000101
010010101
10100101
010010101
10010101
1001010010010
10001000010
0100101010
0010101010
001001010
010101010
0101010101
010010101
10100101
10010101
010101001
000100101
010101010
010101010
01010101
10100101
100101010
0100101010
001000101
101001001
01010010
001001010010
001010101
0101010101
100100101
01010101
001001001001
10010101
101000101
01010101
10010101010
010101010
1010101
10101001
10100101
01010101
0101010101
00101101
0101010010
101001010
01100101
101001001
10010101
011010
100101001
10010101
0001010010
1010010010
10100101
01010101
100100101
01001101
0010100101
010110101
010101010
000101010
100010101
01010101
01010101
01010101
001001010
0100101010
100100101
01010100001
0101001010
010101010
00101100101
001010101
100101010
10101010
01001010
101010010
01001010
0101001010
010011
00100100101
01010101
010100101
1010101010
01010001010
10100101
1010100001
100101010
01010010010
10101010
01010101010
10100101
010010101
01010010
010110010
