101001010
1010010
10010101
01010010
0100100101
00101001
10010011
0000100101
0010110
0101001010
101001010
0100101010
001010101
1010101
010101010
010101010
00100101
10100101
01011010
0001010010
001001010
1010100010
001001010
0100101010
10010110
00110010
10010010010
000101010
1001010
010101010
010101001
10000100101
10101010
001011010
1001010
010101010
01010101
010010001
1010110
01010101
0101001010
101001010
010000101
001010001
10000010010
0101001010
00100101
01000101
00110101
001000101
1001010010
10110010
10101001
0001010100
0001010010
0101001010
01100101
100100101
1010101
100010001
1010101
0101101
01011010
0100101010
0101010
0101010010
10101010
10101010
100101000
100010101
010100101
00100101
0100101
100010101
0010010101
1001010101
01010101
01001001
01010101
010100101
010001010
1001010010
101000101
000010101
101001010
100101010
10010001010
0101010010
1000101010
000101010
1010101
0101010
01010010010
00101001010
001010101
01010101
01010101
101010101
100101010
100100101
010010101
00101001
01011001
01010101
1001010010
101001010
1001010
01010101
1010101
1010101
1010101
1010101
01001101
10010101
01010101
0010001001
011001010
001001010
010101010
001001010
0010101
01100111
101010
1010101
10101010
010101010
101010101
10101001
1010010
010101010
1010101
01010101
01010101
01010101
01001010
10000101010
01001010
010101010
01001010
0010101010
0101010
0101001010
101010101
1010001
00101001010010
00100101010
0100101
1010011
0101010
101010
01010101
01100101
001001010
011010010
10001010
01010010
100010010
010101010
10000101
01010101
0000101010
0110001010
010010010
01001010
01001010
00001001010
100010101
01010001
1001010101
1010101
1010101
001000101
01001010
10101010
10010101
1001000101
010101010
0101001010
01101001
001010101
000101010
0001010010
010101001
01010001
0001001010
01110010
100101001
1010101
1001001010
01001001010
100100101
010010101
01101010
1001010
1010101
001011001
10110101
10101001
010101010
000101010
100001010
100101010
101010010
001001010
0100101
1010101
10001010
010101010
10101010
01001010
0101101
0101001
01001001
0010010100
010100101
0100101001
001101010
010101010
01010101
10100101
10001001
0101001
0101010010
010101010
1010101
10010101
0010101
100100101
010101010
100101010
01010101
001010101
1010101
01010101
01001010
001010010
0010101001
01010101
0101001
001010101
101001001
1010101
001010001
0101010
10100001010
010101010
00101010
010101001
100101
01110101
00101010
100010100
10000101010
010100010
0001001010
00101010
011010010
0101000010
1000001010
010101010
0101011
011010101
01001010
00101010
010101001
0101010
100010101
01001101
01010101
001010101
000001010
01010010
01001010101
0110001
0101010101
1010101
0001001010
001001001010
001000101
1010101
10001001
010101
101001010
010010010
001001010
001001010
01000101010
010110010
010101010
1010101
0101001010
0101010010
001010101
0010101
010101010
010101010
01010101
010100101
010101010
10010101000
1000100101
001101
001010101
010010101
10101010
00101010
0100101010
1001001010
1000101001
10001001
01010101
01010101
0011010010
0100110
0100101010
10100101010
10101001
10010101
10100101
01100101
01010011
01010101
0101010010
010101010
010101010
1001001010
0000101010
01000010010
10101001
01011001
001001101
010101001
01010101
101010101
01100101
0101101
10101010
0101010010
0010010101
100010101
000010101
010101
0010010101
01000101
01101001
1010101
001000101
010101000
010101010
010101010
001001001
010100101
010010010
001001010
010100101
1000101001
00111001
01010101
01010101
01001001
10010101
01001101
1001001010
01001010010
100010101
0100101
100100101
100010101
01010101
00101010
010100101
001010010
00101010
1001001010
010101010
011001010
10000101
1010101
0001010101
010100101
010101
1010101
01010100010
101001010
10000101
010101001
01010100010
001001010
010010101
01101001
010101010
1000101010
010101010
101010010
100010101
010010101
00101010
0100100101
01010100010
0100101010
10100101
010001010
100010101
010101001
01010010
00101010
0100100101
010101
000101010
0101010
010101000
1010101
0100010010
010101010
0101010101
0100010101
01001000010
0101001010
00100101010
0100101010
01001001001
1010001001
010101010
0010101010
0100101010
0101101010
0100101
001010011
010101010
1010100010
0100101001
1010101
00101010
0010010010
010100101
0010100101
100100110
0100100110
00100010
010010010
1010101
01010101
1000101010
00101010
0101010010
0010101010
101001010
010100101
0101010
010100101
0010101
1000101
0101010
0100101010
10010101
01001011
010010101
010010001
010010100110
0101010100
010101010
10001001010
010010101
00001010101
10001101
001010001
1010101
010101001
101010100010
1000101010
1010101
01010101
10100101
1010101
01010101
1010101
01001010
0011001010
1001010001
01010101
10001010
00100101
010101
0100101
1010101
0101010
00101010
00110010
010110001
00100101
010101010
1001010010
001010101
010010101
0010101
01010101
01010101
01010101
010101010
0101010010
101001001
010101
01010101
10100101
01010101
010100101
1010101
101010010
010101010
001010001010
10100101
1010001001
1000101
100100001
101010000
0101010010
10101010
01010100
100100101
0100100101
1100010010
010110010
100101010
0010101010
01011010
010101010
01010101
0100101001
01001001
001010101
01101010
01010101
00010010010
01010010010
10010010010
0100101010
10100101010
001010010
01010101
1010101
10101010
010000101
0101010010
1000001010
00000101010
010101010
00101000000010
1000011010
1001001010
1000101010
10101010
1010001010
0101010
10100101
00101010
010101010
0101010
010101001
100001010
001001010010
10100010
010101010
0100101010
10101010
0110101
001010101
0010001010
0100101010
0010001010
010101010
100101010
010101010
001001010
01001001010
010101010
1000101010
100101010
001010010
100101001
10010101
100101010
0101010110
1001010101
0101010
1010101
010001001
1001001001
01010101
1000011
1000101001
10101010
010101010
01101001
010100101
10101010
0010101010
00001100
010111010
001010101
1000101
1000100100
01010101
100101
01010101
10010101
0010101
101001010
1000101010
01010101
010101001
01010101
01011001
101001010
0100101010
01010101
00011010
010101010
01001010
010101001
0101010
01010001010
01010010
000010101
101000101
001000101
0010101001
100100101
1010010
10101010
010101010
010010101
0101011
10101010
10110010
1010001010
1010000010
01010101
1010101
010100101
010010101
0101010010
0010110010
01100101
010010101
1001001010
010101010
010010010
010100010
0101010010
0010101010
100100101
10100101
0100101010
0010001010
1010101010
01001010
0010101
0100101
1010101
010010101
01010110
1010010010
0100101010
0010010110
1010101
01001101
011011
01101001
01101101
01010101
010101010
000101010
0100010010
10110010
010101010
101001010
0010001010
10010001010
010101010
00101001010
01001010
0100001010
101001001
010010101
0101010001
10010101
100100010
0010001010
01001010
1010010010
010010101
0101001
1010101
010101001
001010001
010100101
00110010
100010010
00101001000
0010101
10010100
0101001
010001101
101001001
0010101010
0100101010
010101010
10101010
01001010
001010100010
10000101010
01001010
1000101010
10101010
1010101
100100101
10010101
1010101
01010101
100001001
010100101
100100101
1010100
001010101
01010101
01010101
1001001010
011001000
01010101
001010101
01001001
101011001
01010101
000101001
10010010
1010101010
010101010
010001010
0010101010
0101001010
010010101
0100101
0010101
10010101
010101010
0101000010
10101010
0101010
0101001
100101001
0010101001
0010010101
0101010010
001001010
010101001
1010000001
10010101
01010101
010101010
000001010
1010101
010010101
10101010
0001010010
010101001
01010101
010101
01010101
010000101
10010101
10010101
010101010
100010101
1000100101
1010101
01010101
0110101
01010101
01101010
010101010
001010010
010101010
100001001
10100101
0000100101
10101001
0100110010
00100110
1010101
0010010101
0010101010
01010010
0010101
010101
10100101
1010101
10100101
01010100
00101010
010101010
10101001
010010101
1010101
0101010101
0101010
1001010101
0101001
001010101
10010101010
000101010
00101010
1010100100
1001001010
101001010
0010010101
001010101
0101001
0110100101
011010010
00101010010
0000101010
0010101010
01001010
01001010010
00101010
01010100100
10010010100
00110101
01010010
101010010
0010100100
01010101
01001101
101001001
1000110010
00100100010
001100101
0110101
000101010
0101010010
0101001010
01001001010
010101
010010101
10000100101
10010101
1000101010
100010001010
