1000101010
010001010
01011001
01010101
010101010
10101010
01010110
0101001
0010101
0001010101
101001010
0010101010
10010101
010100101
00101010010
01010101010
01010101
0101011
1010101
010010101
10101010
0101001010
0010101010
00010100110
00010011010
01001010
0101010
01010010
100101010
0101010010
010101
01010101
100100101
0100101001
100100101
101001001
010100101
010101001
100010101
1010010101
0010010010
1001010
10101010
00101010010
1101001010
01101010
010101010
10101010
1000101010
00010100110
000101001
10101001
0100101
01010101
101000110
101010010
0010100010
010100010
1001010100
0101001100
1001010010
0101010010
1010010
10110010
110101010
00101010
010101001
0101010101
10101010
010101010
0101010001
0100101001
01001010
0101010010
01001010010
01010010
0001001010
0101001010
01010101
0010101001
101001
1001010
0100101010
10001010010
010101001010
01001010
010101001
01001001
1001010101
001010101
01010010010
10101010
10001010010
0101001010
0000100101
01001001
01001010
1010101010
001010101
001010101
01011001010
1001010
1010101010
10101010
010101010
0100100110
100101010
0010100010
1010101
001010101
1000101
01001001
0101010010
001001010010
010101010010
1001001010
100101010
010101010
00101010
1010010010
010101010
001010010
10101010
100101010
010101010
1000101010
0100101010
010010010
00101010
01010001010
0010110010
010110010
001001001
010100101
0100100010
010101010
0100101
010101001
01010100010
00010101010
0101001010
100101010
010101010
01010110
1100101001
00101010100
010100101
10100101
0010101010
01010101010
100101010
010101010
10010011
001010101
10000101
010101
010101010
0101001010
01001010
010101010
010101
10010101
0010101
1010101
10101001010
10101010
0101001010
0101010010
010101010
00101101010
01010010
001001010
10110
01010101
010101010
1010010
1010010010
01010010
10010101
0101010101
001010010
00101010
100010101
01010101
00101010
1010101
10100101
1010110
01001010
0101010010
1010010
1000001010
010101010
0010100010
010100101
1010101
01010010
10101010
100100001
011001101
0010010010
001001010
100101
010101011
010011010
1010101
010101010
1001101010
01001010
010101010010
001001010
1010010
01001010
10101010
01010010101
100100101
10101010
01001010
0101010
0010101010
1010100010
011010010
0010011
10101001
1010101101
101010
10101001
01010101
111010
0010101010
010101001
01001101
0100101010
1010010
0100101010010
010101010
01000101
10010101
01001010
01010010010
10101010
0101010010
01010110
01010010
0010101010
0010110010
0101010010
000101010010
01001010
101010010
010100110
0010101010
101011010
010101010
0000100101
010010101
010101000
010100101
00101010
01001010
0101010010
010101010
01001001010
0010101010
01001001010
0100101010
01001001
010100101
010101
00110101
010101001
0110101
00101010
001001010
110011010
010011010
1001010
101010
001001010
010101010
101000101010
010001010
001010101
100010010
01001010
001001010
01001010
001000010
010101000
10101010
0101010010
01010010
10101010
10100110
1011011010
0010101010
0010101010
100100110
0010101
0011000101
00101010100
10100100
1010101
1000010101
010101010010
011010010
1010011
101001000
01001010
01010101
101001
10100101
01010101
01010101
01010101
0101010101
1010101
1010101
10001001
01010101
0101001010
100101010
0010101
0100101
0101010
0100101
0010101
1010011
1001010
00100101
11001010
101001010
010101010
10101010
110100101
010100101
0010101
10101001
00100110
01010110
100101010
010101010
10100001
010101
0100110010
01001010
10010010
00101010
10101010
01010100010
0101010010
001001010
001001010
1010001010
010100101
01010101
0101010
0010101010
01010101
010100101
100101010
010101010
00101010
01010010
10101010
01001010010
01101010
01010010
101001
0101010101
10101010
1010010010
0000101010
010101010
01001010
10110010
0010010010
0101010010
010100101
0010101001
0000101010
000101010
1000101010
0101010010
010110010
010010010
1000010101
010101101
0100101
1010010000
01010101
0010010
101001
1010101
1010101
01010101
101001010
010010010
010101
1010101
0101001010
10101010
10000101
01010101
010101001
100110101
1010010
00101010
0010101
1001001
01011010
10100010
010101010
101010010
11010010
010101010
00110010
1001000010
10100101
0101101
010101010
0101001010
10101010
10101010
01001010010
0010010010
100100101
101001
10001010
010101010
101010101
010101001
010101
01010101
1010101
01010101
0101101
01011
100001010
10001010010
011000101
0101010001
10000010010
1010001010
010101010
1001001010
01011010
0000101010
01010101
0010100101
011001010
01010110
010101001
010101
101000101010
001001010
10101010
010101010
10101010
0010100010
0010101010
01010101010
0101001010
0101010
010010100010
1000101010
0101001
01100101
010100101
010100101
0101001
10101001
000101010
10010010
1010010001
10010101
1000100100
1000100101
00101010
01010010010
10100101
0010101
101010
0101010
0100101010
0100101010
10001010
101010010
10101010
0100101010
100110010
010101010
10010100
00101010
00101010010
0000001010
10101010
10010100010
010101010
0101010010
010101010
010101010
1001001010
010101010
01010101
100100101
0100101
10001010
00101010
0010101010
01010101
10010101
101001010
010101010
01001001
01010101
1001000110
10101010
00101010
010101010
101010100
010101100
0110101
10010101
01001010
0101010010
0100101001
010100101
1001001010
00100101010
010100010
10101010
10001001010
10010010010
001010101
01010101
100101010
100101010
101001010
01010101
1000101001
10010101
0010010010
10101010
10100101010
0101010010
00010010010
10101010
0100101
0101010101
101001001
0101010100
1001001010
0100010101
100110101
010010101
100100101
1010101
0101001
01000101001
00101010
0101010
01010101
001010101
00001001010
100101010
100100101
100100101
01010010
0101010010
00100101
010101001
1010101
10100101
0101101010
0101001010
01010010010
001010101
101001
010101001
100101010
0101010
10101010
1010101
00110010101
0101010101
010101010
0100101010
00101001
0001011001
001010010
001011010
100100101
01010101
0100101
001010101
001001010
10010010
00101010
01010110
10001010
10101010
010101010
010101010
010010010
00101001010
0100101001
10101001
010101010
10101010
0010101010
1001010010
0101010
100101001
100100101
10010101
11001010
001010010
00100101
010101001
01010010
00101010
00100100010
0101001010
1000101010
10001010
01010010
1001010010
0100101010
1000101010
1000101001
011001
100101
01001001
00101001010
00101010
1010010
010101010
0001001010
0011010
0100101001
00101010
01010101
0011001
011001
01010101
01010101
1010101
010101010
010101010
100010101
01010011
1010010
010101010
0100101010
010101010
1001010010
0101010
0101010010
0010101010
010010101
10010101
1010101
01101001
0010011010
0100101010
100101
01010101
0010010010010
0100101010
010101010
001101010
010101010
001001010
010010101
1010101
001001010
0010010010
00100010
100010001010
1011010
01010101
101010100
00100101
10011010
1001010010
1001001010
10101010
01010101
1000001001
0101001001
001010101
10010101
10000101001
00110101
1001010
101010010
10011010
1010101
010101001
010101010
10101010
1010101
100100101
0000101010
1010010
010101
010100101
10001010100
00010101001
10101010
010101010
01001001010
00101010
1010101
010101
00101010
0100101010
010010101
1010101
101001010
010010
1001010010
101010010
0101010
1010010
10101010
00001001010
0101010
1010010
01010101
01010101
1110010
010100010
00101010
1010010
000101010
10101010
1000001010
00101010
1001010010
0100110
1001000010
01010101010
010010
01010010
1011001
100101001
100001010010
101001010
10010001
0100101
1001001010
0100101010
101010
001001010
001010010
10010010
10101010
01010010
101001010
10101010
0101001
10100101
00101010
010101010
10001010
001001001010
001101010
011010110
10101010
00101010
01010010
10110010
001010010
01010010010
010100100
0101010
101001010
01001010010
01001010010
010010101
101001010
1000101010
0101001010
001001010
010110101
010100101
010101001
101010101
001010010
010101010
0101001
100100101
1000101010
011001010
01010001
10101010
01101010
010101010
1001010010
01010010
0011010
001001010
010101010
010110010
001101
0101101
0110101
100101
10101010
011010010
10001000110
10000001010
0101010
1010101
01010010
10101010
01000110
001001010
01011010
1010010
010010101
01001011
0101010010
01100100
1000101010
01001010
100101010
1010010
001001010
01001001010
00101001
10100101001
00100101
010101001
010010101
1010101
0100101010
0101010
1001010
01001001010
110001
010101
01010010010
000100100010
1000101010
01010010
010101
001010001
11001010
01010010
10101010
01010010
1001010010
101010010
0101010
1001010010
10011010
0101010
001001010
1010010
010101010
01001010
0010101010
01010010
0101001010
0010101010
0101010010
0100101010
100101
0010110101
1001010
0100101
001010010
10101010
010100101
011000101
01010101
01000101
01010100010
01010010
100101010
00100100010
101010010
0101010010
1010010
01001010
001010100
10100101001
1001010
001010010
00101000100
01010101
0101001010
101010010
100101010
10101010
0101010
010010101
1010010
1010010
100010101
0101001
1001010101
01010101
0101000010
100001010
101010010
00100100010
101001010
10101010
010010010
100101010
000101010
100101010
10101010
01010010
10101010
00101010
10000101
0010101
010010100
010010010
1000101010
010001010
01011001
01010101
01101001
1010010101
01000100101
100100101
10000010010
10101010
010101010
1010010
0100101010
010101010
101001010
01011010
1010001010
010101010
10101001
1010101
0010110
0010100010
0101001001
100101
10101010
01001010
0010101
0010101
10010010
0101010
01010010
10010100010
010101010
000101010
101010010
010101010
001001010
1001010010
0101010
01010100010
00101010
010010100
0100101
10100101
001001010
101010010
100110010
010001010
0101010
0100101010
1001000101
01010101
010101010
0101000010
1010101
010101001
011010010
10101010
10101010
0010110010
1010101
100100101
0101010
01001010
00101010
10101010
0101010010
01011010
101010010
0101010
0101010010
000101010
101010010
001000010
10101010
1010010
01001010
10101010
10001001010
10101010
10101010
0010101010
001010010
010100010
001010010
00101010
0101011
100100101
0100101
01010101
1001010101
0101001001
001001010
0100101010
0000100101
0010101
001001010
01101010
010101010
010101010
101001010
0100101010
10101010
0101001010
0101010010
001000001010
1010101
010110101
101001010
0000110
0101010010
0010001010
01010101
100010101
1000101010
0111010
1010001010
0101001010
0101001010
00101010
010101
0110011
0100101
001100101
010101010
01010101010
01010101
01001010
001001001
1010101
010101010
10101010
10101010
0101010
10010010
010101010
0101001
010001001
10110110
0010011
010101010
010101010
0001010010
0100011010
1010001010
1001010
001101010
1000101010
10101010
0101010
011001010
10101010
00110010
10011010
101010010
10101010
0011001010
1010010
10101010
100110010
01010101
001010
001010010
00101010
0010010101
0010101001
010100101
01001011
1010101
1001010100
010101010
010101010
0100101010
0101010
010010101
101101
100101010
1010101
101010010
01010010010
10010001010
10101010
010100101
01010101
01010010
0100001010
10010010
10010010010
00011010
001001010
010101010
010101010
1010101
01010101
010101010
1010110
0100101010
0101001010
010100101
00101001
0010100010
0101010
101010100
010101
01001011
0010101
100101010
00101010010
0101001010
11001010
01010100100
0100101
0101010
0101001010
101001010
010101010
10101010
0101010010
01000101010
100010010010
1000100101
1010101
010010101
0110101
0101010
100101010
10010101
1010101
100101010
010001010
0010101
010101001
1010101
000000101
01010010
1010100010
010101010
01101010
101001010
010010010
1001000010
010101010
1010010010
0010101010
001000001010
10001010
100100100
1000101010
1010101
10010101
01001001
0101000101
0101010
010101
011010010
010101010
10101
001010101
010101
01010101
01011
10010101
010101010
10011010
01011010
010101010
010101010
100101010
10010001
0010100101
100010101
010101
10010101
000010101
001101010
010010110
10010100010
101010
010110
01010101
100101010
1010010
001101
1011001
1001001010
010001010
0010010010
100101010
0101010
010101010
001001101
010101
10010010
01001010
010101010
01011010
0101001
1010101
010100010
01101010
10100101
10010101
10100101
010101001
00001010
010010010
1010101
0101001
10101010
01010010
0101010010
001001010
01010010
1001010010
0101001
010100101
01010011
00100101
001101
01000101
00101010
0000110010
00100101
0100101
10010101
01010101
1010010
10101010
01000101010
001001010
01010110
10101010
010001010
0010101010
010001010
010011010
01001010
1010010010
00011010
011001010
010101010
101001010
1001001
00101001
101010010
0111001
010101
0101001
0100101001
010100101
00000110
1011010
10100101
01010101
01010001010
0100101010
01101010
010011010
1010000100
1010101
010100101
010010101
0011001
01010101
101001010
0101010010
100101010
01010010010
010101010
0100101010
10110010
01001010
1010010
010101
1001010
010010010
00100101
1010101
10100111
00101001
01001001010
010101010
1100101
0100100101
101010101
1010101
0101010
10101010
1010010
101001010
010101010
10101010
10101001
0101001
0101001010
0111010
10001010
01010010
0101001
010010101
0101010010
1001001010
1010010
10101010
010001010
1001001010
0101011
01010101
1010101
01010101
101001
1010101
010011010
01010101
0010010010
011010010
01010010010
10101010
10100101
010001001
0100101
100001
01010101
100101
010101
010011
0010101001
01010101
01010010
10101010
010101010
010100101
0100101010
10100100
0101010
0101000010
0101010001
010101
0100101
1010100001
0101001010
10101010
010100101
10100101
01010010
010101
0100101010
001001010
01010101
010010101
01001010
101001010
01001010
0101001010
01001001
1010101
10101010
1000001010010
0010011
101001010
1010101
1010101
1010101
1010100101
01001101
01010101
001000
01000101010
00101010
00101010
10101010
1001010010
100101010
0101010
0101010
01010100010
010101010
001010010
01010100010
0101101010
010101010
1010101010
00010100101
01000101
010010010
10101010
0101001
001101001
0101010010
100100010
010010010
0010101010
10101010
01010010
1010101
1010100101
010010010
10001010
10101010
10001010
01001010
100101010
1010101
0101001
01010001010
0101001010
01100101
01010101
010011010
011010
1001010
010101010
0110010
001010110
10010101
01010101
010010101
1010101
010101010
0010101010
010010
10100101
10100101
10100101
10101010
101010010
010001010010
01101010
01001010
010101010
10101010
010101010
010101010
1001010010
0101010
10101010
10101010
010101010
01001101
10010101
0100110
1010010
100101010
101010010
100100101
01010110
100100101
1010001
00101001
1001010
0101010010
0100101010
0010101
1010101
0010101
01101
001001001
010101
0100101010
01000110
00101010
0001010010
0100101
0101010
010010101
010100101
1001001010
100101010
01010010
0010010010
100101010
10110010
010100010
10100010
1000001010
10101010
001010010
0101010
000110
0100011010
01010101
010100101
00001010010
10101010
100101010
010101010
0101001010
010010010
010001010
010101010
01000101
01010101
1001001
010101
101001010
000101010
10101010
101010
0101001010
10100101010
1010101
0101101
010101
0110101
10000101
1010101
1001010010
0010010010
101001010
1010010010
01001010010
0101100010
0010101
0101101
10101010
01010010
0101010
1010010010
101010
00100101
0100101
01010101
01010101
0101010101
010101001
0101101
01010100010
010101010
010010010010
00101010
01001010
001001010
1010101
01010101
0100101010
01001010
1010101
1010101
01010101
010101
10010101
1000100101
11000101
101010
10001001
01010101
100101
010011001
101010
101001
00100101
00101010
10010101
010101
1010101
100100101
010010010
0100101010
010101010
0100101010
0100101
10100001
010101010
0100100010
01001010
00101010
010101010
110010
01001010
10101010
01001001010
0010010010
01100101
0100100101
1010101
1010101
01011010
100101010
100101001
01010101
1010010
1001010
10101010
1000101010
101001010
010101010
1010110
10010101
0010110010
100101010
01001010
00101010
010010010
0101010
0101001
000101001
0110011
010010011
10101010
010101010
1010010
001001010
0101010
0010101010
101010010
1010010
00100101
011001
010010010010
01001010010
10110010
01100110
100100010
0101010
0010011
100001101
001001010
0101010
10100101
1010101
001011010
0101010
010100101
0101010101
1010101
01001101
0101001010
10010010010
1001010
0101001010
01010101
001101
10100101
011000101
00010101
1010011
0100010
100101010
01001001
1011001
001001010
01110010
01001001
0101001
010101
0100101
011010
10101010
100101010
01001100010
01010101
101101
0101010010
00101001010
01010101
010100101
0101010010
00010101010
100011
10101001
01010101
0101001
0101001010
01001001010
1010100010
0010010010
10101010
10101010
010101
01001001
0101101
1010101
010101
0101001
1000001010
1001010
0000101010
001001010
101001001
10010101
0100101010
0101010010
010101
01001001
101010001
1101001
01010101
0100101
01010101
01010101
00101010
0101010110
1010010
010101010
0101001
1001001001
01010101
01010101
010101010
101001010
1010101
01010101
11010010
0010101010
01001010
101010010
10100101
01001010
100010110
01011010
01100010010
0100101010
1010010
1010101010
0101010010
10101010
0010010010
101010010
0011010
10101010
010101010
10001010010
10010101
10010101
010100101
0010101
010101001
01010101
010101001
10100101001
01001101
010101
1010101
1010001
01010101
10001010
0101010010
001001010
10010010
100101010
01001101
100010101
0010010010
10100101
001010010
01010010
1010101
0101001
0101010
10101010
1000101010
0011010
0100101010
10101010
01010010010
00010101010
00101010
0010100010
10100101
10000101
0101010100
1010001001
01010010
010010010
0101010010
101001010
10101010
001101010
0101010
100101010
1000101010
01010010
010101010
1001010
0010010010
101001010
1001001010
00101001010
00101010
1001001010
001010010
0110010
000001010
01010101010
11101010
010101010
0101010
0101010010
100100010
01010010010
1010010
010101010
010101010
00101010
01010101
1001101
10101
1010101
00101010
100010011
10101010
10101010
000101010
001001010
010101
001001001
001000101
010101
011010
01010010
010101
011001001
010101010
10101010
01001010
00101010
100010101
0111001
0011010
1010010
01011010
10001010
1001001010
10100001010
1000101001
10010001
1001101
001001001
0101010
010101010
0101010010
0101001010
00101010
0101010
0000101010
101001010
01010110
010101010
0001010010
010010010
01000101
01010101
101010010
001001010
01010101
01010010
010100101
01100101
01010101
01100101
10001010
10010010
0000100001010
1010010
010101010
001010010
10101
100101010
010101010
00101010
010010010
101001010010
1001010010
00101001010
001001010
010101010
0110101
0010101
10101010
01010010
101001010
0101001010
01010010
101010
10010101
0100101
10100101
01001101
010101
010000101
00110010
001010010
1000110
010101010
101010
1010010
01001010
1001001010
10101010
010101001
101001
0101001001
010100101
1010110
010101010
010101010
01010101
1010101
10101010
01001001010
010001010
1010010
100100101
010101
100101
010100101
10001001010
10001010
101010010
010101010
01010100010
0101010
01010010010
010001010010
0100110
10101010
001010010
10101010
1001010010
0001010
0101001
001000100101
010011010
101010010
0010101010
1001010010
010101010
001010010
010010101
010101
1001001010
0101001010
10101
1010101
010101010
01001010
0010101
1010101
0101010
101001010
0101001001
01010101
10101010
0101011
10100101
1010011
00101001
1001001
01001010
01010010
001010101
010101001
0101010
01010010
0100110
00101010
01010010
0110101
1010101
0100101
10010010
001001010
100010010
010110010
00101010
0011010
10101010
0101010
010101
101010
001010101
01001001
0101010
010010010
0101000110
00101010
0101010101
00101001
010101010
1001010010
1010101
0101010
100110010
101001010
0110101
1010101
0101010010
00010100010
10010011
01010101
00101010
01101010
1001001010
0101001010
0100100010
10101010
1010010010
10101010
01010101
10010101
010101010
00101010
100000101
1011001
1001010001
001010101
1010101
0100101
00101010
100100100010
010101010
101001010
1001010010
010101010
01010001
010011001
0010101
01010101
10101010
0101010
010010010
01001010
0101010
010101010
0010101
10010101
0101010
01010010
0100110010
01010010
100101010
001010010
01001010
0010010010
0100101010
100101010
001001001
01001001
01010010
10010010
0101010010
010010010
01001010010
0100101010
10011010
01001010
1010011
010101001
001001010
010101010
01010101
01010101
0010101
00100100101
001010010
0100101010
100100101
1010110
0101101
10100101
0101001010
0101010010
10010101
001010101
010010010
001001000110
001001110
0101001010
0100101010
0101010
010101010
01100010
10101010
01001010
0101010100
01010101
1001001010
010100110
1001010010
0101010010
10000100101
101010100
0101010010
0101010
0110101
01000101
1011001
001001001
1001010
10101010
1010101
01010110
1001010
1010010
10001010
010001010
0100101
101010101
01001010
10100100
01100101
1010101
00100010
10101010
10001001
1010101
010010101
0010010100
1000101010
01100010
01011010
001010010
0101010
10001010
010101010
010110010
010101001
01010101
10000001010
010101010
10010101
10010101
01001010
0101001010
10010010
0010001010
0100100010
0010100010
101010010
010101010
0101001010
10010010010
00101001010
0101001010
001010101010
010110010
010101
01001001
0101010010
010101010
00001010010
0010010010
001001001
00101010100
0110010
0101001010
011101
01001010
01010101
010101001
000101010
0100101010
1000101010
001001010
01001010
1001010010
01101010
0010010010
1000010010
10001010
01001010
01010101
01010101
010101
1010101
00101001
101001001
010101001
001001010
0100101010
010101010
001010010
0010100101010
01000001010
00101010010
01001001010
1010101
1001000101
010100101
00100101
01010010010
01001001010
0100101010
10101010
10000101
010100101
101001010
0101010
1001010
0101001010
0101010
10101010
00101010
100101010
01010101
01011001
010101010
0010101010
1001001
01010100
001001010
101001010
010101010
10101010
10101010
00100101010
10001010
101001010
010010101
10100101
010100110
1010010010
00101010
010101010
010010010
1010010010
0011010
001001010
010101010
101001000010
0101010010
00101010
10101010
01101010
10011010
10101010
10100001
01010101
00000101
001101
01001010
01010010
01000101010
1001010
100101
1010101
01010010
0101010
010101010
00101000010
100010010
00101000010
1001010110
1001010
010101000
101000101
100010010
10100101
0100101010
10001010
01001010
100101010
0101010010
000101010
010101010
010101010
01000101
010101001
011010010
01010010
01000101001
01010101
1010010010
0100101010
00101010
10010101010
010101010
10010010
10001010
10101010
1010010
10101010
1001100
0101010
010101010
010101010
010010010
01001010
00101010
01001010010
1001001
101000001
10101010
0101001010
0010101010
10101010
1001010101
01010101
01010010010
010101010
0100101001
010101001
00101010
001010010
00110010
011001010
00100010
101001010
010101010
10101010
1001101
0010101
01001010
0101010
10101010
011001010
101001010
10101010
1010011
01010101
01101001
010101
10101010
0101010
1010010
01001010
01010101
01001010
1001010010
10010110
0100100101
1010101
010010010
010101010
1000101010
001001010
10101010
100000101010
10101010
001001010
010101010
001001010
010101010
10101010
01001010
01010101
0011010
100011010
010010010010
100100110
100100100110
1010010101010
010101
0010100101
0101010
010101010
100100101
01101001
010101010
101001010
00101010
010110010
10100010001
010101010
100010011
101001
101010
0100101010
1010101
010010101
0101010010
0100101010
101001010
010001010
0100101010
101001010
010101
0100101
101001010
00101010
010101010
1000101010
1010001010
0100101010
100101
1010101
101000101
00110101
0100101010
0101001010
0100101
010100101
010101010
010101010
010100101
010101001
0101010
0100100010
10101
100101001
101101
01010101
10001010
101010
01010101
001001001
010101
101010
01011001
10100101
1000101010
010101010
01010101
001101
010101
100100101
1010101
10101000
1001001010
10101010
000101010
00101010
0101001010
10101010
01010010
00101010
1000101010
10101010
010101
00100101
10101010
10101010
0010101
01101001
010010010
010101010
10010001010
01100010
0010101010
001001010
010101010
00100010
1010101
01010101
1010101
001101
1001010
010101010
00101010
111010
010101
00100101
10001010010
1010010
010101
01010101
010101010
0101001010
100101010
0010001010
101010
1011001
010010010
0010001010
01010010
001010010010
1010010
0101010
10010101
1010011
001010010
10101010
1010010
10101010
1001001010
1001010010
10110010
01010010
1010101
10101001
1001001
101010
1010101
100101
0110010
01001010
01010101
10010101
010101001
01010101
0100101010
010101010
011010010
000101010
1010010
0010010
10101
0101001001
0100101
010010101
101010
010100010
10110010
01100010
00010101
1001001001
101001010
001001010
0101010010
010101010
10010101
01010101
1010101
00000100101
10101010
1001001010
010101010
010101010
0010001010
0101001010
01010101
01010101
1010101
001010101
01010101
1001001
0100101
0101000101
100101010
0010001010
10010010
010101010
0101010010
010010010
1010100010
10101010
010101001
01001010
101001010
10101010
010100101
010101
00000101
0100101
010010010
10101010
0001000101
1010101
0100101010
01010010
010100010
010101010
01010101
100100101
01001010
01001010
010101010
0101010
10101010
010101010
01010010
0110010
001001001
10010101
10001001010
010110010
101001010
01001010
010100110
0010100010
101010010
0101010010
10010101
10100101
01010010
01001010010
0101010
101010
0101010
1010010
01011010
10100110
1001110
100010101
00101001
1010101
101001010
01101010
1001001
0011001
10101010
1001010010
0100101010
1001010
0101011
010100101
01010010
10101010
010100110
1001010
10010101
01010101
01001001010
10101010
10101010
0101010
0101010
00101010
01000101010
0100101010
010101
011010
10101010
010001010
01001010
0101001010
1010101010
010101010
00000101001
1010101
001010101
01010101
01010010
10101010
10010101
001010101
10001010
010101010
0010010001010
010101010
10000101
00101001
0101010
1010010010
100011
01001011
10101010
1011010
1010101
01000101
010101010
0101010010
1010010
01011010
0101010
0101010
10101010
010101010
0000101010
10101010
010101010
101010010
010100101
10100101
10001010
1010101010
0100101010
1001010
10010010
010101010
10010101
01011001
01001101
0100101
010101010
001101010
01010010
00101010
0100101010
10101010
001010010
101001010
10101010
010101010
01010101
00101001
01100110
011001010
0101010
010100010
0101010010
01010010
01001001010
1001001010
10100101
1010100101
100010010
100101010
0101010
00100010010
01101010
01010010010
1010001
01010011
01010010010
0101010
100001010
1000101010
01010011
1010101
100101010
10000101010
0101010
0100110
01010101
10010110
1001010
101010010
1000101
10010011
10100010
0000101010
0010101
01010101
0101001010
10101010
0101010
001001001
1001010010
101001010
0010100010
0001010010
101011
10010101
10101010
1010010
1010010
01001010010
10101010
10101010
010110010
10001010
10010101
0010101
10101010
010101010
0100101010
1001010
01010010001
010100101
010101010
010101010
010010101
10101001
01001010010
10101010
001001010
1001001010
10000101
010101001
100101010
10101010
0100100101
1010101
010101010
01001010
10100010
0100101010
10101010
000101010
10100101
1010101
00101001
0101001001
1010101
1010011
1001010
001001010
000101010
0100101010
1010001
100101
1001101
101010
010101010
010101010
010101
100011
1001010010
101001010
010110010
1001010
1010101
0101011
1001101
100000101
010110
01010110
010001001
001001001
00101010
010101001
010101001
001101
101000110
001001010
0010101
1010101
00101010
010101010
100100101
1010101
10101010
0101010
10100101
0100101
0100101001
01010101
10010010
010101010
10101010
00100010
1001010010
101001010
010101010
001001001010
0111001
10010101
0101001010
01001010
0101010010
0101010
1010101
1010101
00101010
001001010
01010010
101010
001001010
0101001010
010101
1000101
0110100
0101101
10001010
00100101010
010101001
0100101
10101010
10101010
010101
01010101
10100101
100100101
10000101
100100101
1010101
01010101
11011010
01010010
01010101
01011001
0010101
1001101
11101
010101
101010010
01001010
0010101
01010101
0101010
101010
100101
00100101
0100101
01010101
010111
010101
10101010
0100110010
10101001
100101001
010111
0100101
00101000
10010101
101001010
100010010
100101
1010101
0101010010
0101010
100101
1010011
101001010
010010
01010010
100100010
010001010
1001010
010101
10100100101
10010010
0101010
00101001
1010101
101010101
101010101
0100010
0101001010
001001010
1011010
10101010
10010010
1001101
0100101
0101001010
0101010
1010101
1001110
10010010
10001010
1010010
01010010
0101001010
010100010
001010010
010101010
11001010
00101010
0101010
010010010
10100101
10010101
01001010
00101010
1001010010
01010101
00101001
101101
100101010
00101010
01010010
01001010
00010101
010101
0101010010
010101010
0101010010
001001010
010100101
10010101
001010010
00100110
10010101
0101010
10001010
10101010
00101010
01001100010
1010010
100100010
10101001
100101
1000101010
10101010
001010010
010101010
0100101
01010101
0101010101
0100101
010001
101001
0101010010
010101010
0100101
010101
01010010
010101010
1000101
010101
1010100
10001010
1000101001
1010101
0011010
010110010
101001010
100100100
1010101
01010101
01010010
1010001010
1010001010
100101010
1000010010
100101010
010101010
001010010
1001001
0101010
010001010
0101010
101001010
01001010
010101010
01010010
01010010
10001010
01001010
010101010
011001
00100101
10101010
0111010
01001010
100101010
0101011
1000101
100101010
010101010
00101010
01001001010
00101001010
010011010
1001010010
10001010010
101001010
0110001010
01001101
01011001
00100101
0101001001
010110010
010101010
0101010010
011010010
101010
010010101
0010101
01010
1010010
0101000101
0100101010
00100110
010010101
00101001
01010010
0010010010
10001001010
100010010
010101001
01010101
1010101
0101001
0000101
01010101
10010101
01010101
010101010
010001010
10101010
1010101
110010
00101010
00101010
01001010
010100101
01010101
0010101010
1001001010
01100010
100101010
1001010010
1001001010
10101010
010101010
01010101
11000101
0100101
01010101
1010010
001010010
0000101010
001101010
10010010010
10101010
010101001
00000101
10101010
010101010
0100101
01001001
100100010
1010100
01010100101
010100101
010100010
101001010
101001010
0101010
10101010
0101001010
01101010
010100110
001001010
001010010
010101
0101011
0101010010
101001010
1010101
01000101
01010010
0101001010
01010010010
01010010
01010101
0101101
001010010
10010010
01101010
101001010
111001
101011
10001011
010101001
001010101
1010101
01001010
00100010
1100110
010101010
00000101
0100101
10101010
101001010
10101
011000101
00101010
01001010
1011010
01001010
01101010
10010101
1001001
1010101
1001010010
00101010
0100011
1000100101
010100101
1010101
100100010
0011010
1010010
10101010
100010101
010010101
01010010
10100110
100101010
0010010010
01010101
10001010
001001010
01010010
010101010
0000101010
00101000010
01010010010
0101001010
011010
1010101
0010011
1010110
001101
01001010
1001010010
1010010
0101010
101010010
01101010
01001101
01010101
100101010
010101010
1010001
01010101
1010101
011001
10101010
01010010
100101
0001101
01001010
01010010
0100101
100101
00101001
010101
0010101010
00101010
010101001
1001010101
01001010
0101010010
0101010
00110010
0110101010
10101010
01010101
01010101
001001010
010101010
010101010
0010101010
01000111
01101001
10010101
010100101
00101010
0010101010
10101010
0101010
01010101
010100101
010010010
100101010
001010101
001001011
01100101
010010101
100010010
010101010
1001001
00101001
1000110
01010010
010010101
01010110
10100101010
10101010
0100101010
0101010
001010010
010010010010
010101010
010101010
0101011
10010101
110010
0101001010
1010101
10010101
100101010
1001010010
00111010
10101010
01010101
10010101
0101010
01010100010
001010010
1011010
101001
10100001
010101
0101011
010101
1010101
100101010
0100110
010101010
00101010
01010000101
01001001
0101001
10000101
10001010
010101010
0100101
1010101
10101010010
01010010
101011
1001001001
10001010
100100100
100010110
1010010010
00100101
010010101
010110
0101010
0010010101
10101001
00101010
010101010
0101010
01010010
01010010
101010010
0010001
10100101
000101010
10010010
010101010
01010010
0101010010
0101000010
01010101
00100101
1010101
0101001
1100101
01010010
01101010
0101010010
10101010
010110010
001000101
01010101
00000101
1010101
01010101
01001001
010101010
01101010
01010101
1010011
001001010
10101010
01000010
010101010
101001001
01001001
010101010
01010010
10100101010
10101010010
100010010
1000010010
10001010
010101010
0101010
10101010
0011010
00100110
0101001
10001001
1010011
10011001
010101
0101101
0101001
1010101
0100101000010
001001010
10101010
101001010
0011010
001010010
010101
1010101
010100101
0000010101
100101010
0101010
0010010010
10101010
1000101
101001
101000
01010101
010101
1000101
001010010
0101001010
11001010
0010010010
1010100101
0100101
0101001
010101001
101001010
01000011
100101010
101010010
0101010
1001010
1010010
010101010
100100101
010101
1001010
010100010
1001010010
10100010
01010010
0100101010
10010101
0010100101
10010001010
0101010
0101010010
100101010
01010101
01001001
001010010
01000101
00101010
00101010
0100101
10010110
10101010
01011010
010010101
001010101
01100010
1010010
0101010010
01010010
1001001010
010010101010
10001010
0100100110
10010101
0100101
01001000100
010100101
01010110
01011001
001001010
1001001010
10001010010
100101010
00101010
101010
101010100
010101
0011010
0110010
100100101
01101011
010001010
101001010
1010110
010010101
100101010
10101010
010101010
01010110
01001010
0010100010
001010010
0101010
0100111
1000100101
10101010
0101001010
01010010
00001010
10101010
00101010
0010010
010101010
010100010
010110010
01001010010
10101010
010010010
10101010
101001011
10100101
10101101
010101001
1000100101
0010010001
10101010
10100110
0101010
00110010
10010101
110010
01001001001
01010101
0101001001
0010101
1001001010
100110010
10100101
001101
1010101
01010101
010101
01010110
10101010
10101010010
0100101
010101
000110010
010101010
1010101
10100101
0101011
001010101
010101
10101
101001010
010101010
100001010
0101010010
0101010010
0101010010
01001001
0101001
00101010010
1010010010
1010101
01010101
1001001
0100101
001001010
0101010
010101010
001001010
010010010
10101010
0010010101
010101001
10100101
101001
01010010
001001010
010100101
101011
101010
10101010
0101001010
10101010
1011001
1010101
01010101
010101001
010011010
010101010
011001
0100101
11000101
01001001
0101001
100010101
001010010
01010010
101001
01010101
010101
10101
01001010
1010010
010010010
0101010
0101010
0101001010
010101010
1000101010
001010101
10001001
01101010
010010010
100101010
01011010
10101010
0101001
01010000
10101010
100100010
011001010
0110010010
010101010
10000101
0101101
010101
01000101
0100101
010101
0100101
10010001
10000101
00100101
0100001010
0101010010
10000010010
000101010
001010010
01010010
010010110
0100101010
10101001
010101
10101010
0101010
00101001
010010101
10100101
010011
0110101
01001101
0101010010
101010010
1010101
01010101
0110010
01101010
01010010
01001010
01010101
01010101
0101010
001001010
01010101
001010101
1000101
0101001
0101001010
0101001010
010101
10010101
01010101
01010101
100101010
10101010
01001010
10010010
0110010
010101010
1010010
010010010
01001010
001001001
10100010
101000010
0100101
10000010
0100101
1000101001
01010010
1010010
01001010
01101010
010010010
0101010
001001010
101010010
00110010
10101010
10101010
10101010
1010010
100100010
010100110
001010010
10100101
10100101
010001010000
010011010
01101010
01001001010
010100101
0101010
01010010
0100101010
010010
1001010010
001010101
1000100101
010101010
010101010
01001010
001010010
1000101010
10100010
00100110
01101010
110010
1010010010
1000110
10101010
0101001010
10010010
100100010
00101010
0100101010
01001010
000101010
0110110
00101010
001101010
1010101
1010101
0101010
10101010
0100110
010101010
1010101
01010101
10010101
0101010001
100101010
010010010
00101001010
1010001010
10001010
00101010
10101001
0101001
100010101
0100101
0110011
01010101
100100010
001001010
0101010
100101
010101
10010010
101001
01001101
1010010
01001010
01100010
01001010
010101
101010
001010101
010110
0100101001010
010010100010
10101010
00101010010
0100101010
010101010
010010010
001101010
0010001010
0101010010
10100110
0010010
1011001
010101
0101110
01001010
010100110
01010001010
0011001
100101000
01010101
10100101
101001010
10100110
10010101
010010101
101001
1010101
1001010
0101010010
100100110
0101010
0101010
0100101010
100101010
101001010
0110101
01010101
1010101
100101
01010010010
010010010
10101010
00101001010
10001010010
0101010
1000101
11100101
100101010
000101010
00110010
010100010
01010101
1010101
1010101
001010101
1010010
10001010
010001010
0101010
1001010
01010010
01010010
01110010
1001001101
01010101
01001010
1001001010
10101010
010101010
101010
0101010
100101
10101001
1010100001
010101
00101001
010100101
100101010
100010010
00101000010
010101010
0101001001
1010101
010101010
010110010
01001010
1010010
101001
1000101
1010001010
1010010010
00000101
1001001
00101010
100101010
00101001
01010001
0010010010
00101010
01101010
01010101010
001010010
010001010
10011101
001001001
00011010
0011001010
100101010
011010010
10010101
1001010
0100101
010101001
01001010
010100101
010010010
01010101
010110010
100010010
1010101
0101000101
011001010
01100010
100101010
010010010
001001010
001010010
100101010
100010010
00100101
0110101
010101
10001101
010001010
00101010
0101001010
01010110
010010010
10100010
01010101
1001101
01001101
010110
1001001010
10001010
01010010
010010010
10010010
011010010
0100101010
01001001010
010100101
1010010001
10010101
01001001
1000101010
10001010
10101010
010010
1010010
010010010
00000101
01010101
01001010
1000101010
101010010
01001010
0101001010
0111010
10101010
10101010
0100101010
1001010
100100101
10101
0000101010
0010110
1001010
0101010
00101010
1000001010
010101010
001010010
01001010
1010010
0101010
1010101010
01010101
10100101
100010101
010101
10101010
0101010
1010010
00101010
0101010
10001010
1001001
0110011
01001010010
0000101010
01010010
0101001
010010010
010101010
010101001
010101
0101010
0110101
1010011
01001
10001010
10101010
1001010
1101001
0110010
0100110
0101010
0101010
010101010
10101010
010100101
1010101
10101010
0101010
01010101
100100101
0101001
001010101
010101010
10000010010
0100101010
0101010010
00101010
00101010
10101010
010100010
0001010101
10100010
00110010
01011010
01001010
010110010
101001010
100101010
0100101010
10101010
0010110
010101010
01010010
010001010
10100101
0010101
10010100010
0101001010
0100101010
01001001010
101001010
010010010
1010101010
10101010
010101010
01100001010
11101010
01101010
010011001010
10101010
0010001010
001010010
01010010
10101010
001001010
10101010
10100101
101001001
01010001
100010001
100101010
100000010
101001010
1010010100
0101010
000010010010
01101010
010101010
1010010
100101010
1011010
100010010
010101
010101
100101010
00100110
101001001
10010101
0110101
10010101
1010010
1000101010
10101010
01010110
1010001010
011010
10101010
0101001010
0101010
10010010
00010101
010011
010010010
001011010
1010101
010010101
101001010
0010101010
10101010
0011010
1001010010
010010010
001010010010
101001010
00010110
0010100010
0101001010
000101010
0100101010
10100010
1000101
010101
10101010
010101010
0101001001
101000101
01001010
0010101010
00101010
00101010010
100100101
01010101
010100101
0001101
100101
0101001
010010010
01011010
10010101
10101
101010010
010100010
0010001010
0100101
01010010
100100010
010101001
01001101
101001
01101001
01010101
01010101
01010101
1010101
100110010
01010110
01010101
0100011
010010101
01010101
01001001
10100101
10001010010
10101010
0101010010
0010010010
100100101
00101001
1010101
1010101
1010010
1001010
101001010
10010010
001010101
01010101
010101010
00100110
001001010
001001010
1000101010
110110010
01001010
10100010
10010010
100010010
010101010
10101010
100101010
0101010010
1001001010
0110010
001001010
0100010101
101001
001101
10101010
010101010
1010101
0101010
101001010
0101001010
100101001
10010101
1001010
1010101
100101010
00101010
11010010
00101010
010101001
010101
0101101010
010010
010010
101001010
010100010
10101010
1011001
101001
100100101
01100101
0010101
0110101
01010010
00101010
1010011
010101
10010101
10100101
0100101
01010101
0000101010
0010101010
01010101
1010101
00100101
1001001
1010101
01010110
01010010010
001001010
1010010
01001001
010101010
0100100110
1001010
101010
01001010010
1000101010
0101010
00101010
0101010010
0100101010
1010101
010100101
0100101001
01010101
010010010
100101010
0010101
10100000101
10101010
10101010
10100101
10010101
100101
0100101
0100101010
100101010
010101001
10001001
100101010
10101010
1000100010
10010010
011001010
010101010
010001010
010101010
0101010
100101010
101001010
010101010
010100101
10100101
010101010
000101010010
0100101010
001001010
1001001
001001001
010010010
100101010
1010101
01001101
10101010
011010010
100101010
010101010
100001
01010101
0101010
100101010
1010101
010101
010101001
00101001
010010010
01001010
01001010
0010100010
0110101
00100101
1001010
10101010
01101010
1010010
001010010
010101010
01010101
01001
010101
1010101
010101010
10101010
10001010
00101010
10010010
0101010010
101010
0010010010
010010101
00100101
1001010
010101010
010101010
001001010
010101010
0010100110
01001101
01001001
01010010
100101010
0101001
10100101
00001101
010101
00110010
0101010
10010010
0000101010
101010010
01010100010
0100000101
010010101
010010101
01011001
01100101
00100101
01010101
0110101
0101010
010011010
100101010
01010010
10010101
01010101
0100101
1010101
01010100
011001010
1000101010
1010110
01001010
1001010
10100011
00100101
01010101
001010101
101001
010101
0000101
010101
00101001
010100101
1010001
0100010101
1010011
1010101
0100010001010
010100010
100001010
101001010
001001010
00101010
0100101
10100101
11010
01011001
00101
011010
1001011
010101
011001010
010001010
10101010
10010
10100010
1000101010
0101010010
01011010
101010
0010101
0000110
10010010
00001001
00000101
010101
001010101
0101010010
101010
01010101
10010001
0101010
1000101010
1010010
01010010
00101010
0000101010
01010101
100101
01010010
0101010
0100101
1100101
01010101
01101010
0100101010
01001001010
01101001
101001
0101010010
01010010
0010101010
01010010010
0110100101
010010101
10101010
0101010
010101
01001101
01001010
01010010
011001010
01000110
10010110
0010010010
00010010
101010010
00101010
110100
1001101
0111101
1010101
1010101
1001010
0100101010
01100
101000101
10010010
01101010
10101
01010101
10101
10100101
001010010
001010010
10010101
101010001
100010010
0101010010
0010101
1010101
01001101
01010101
01010101
1010101
011010010
1010010
0101010010
010011
100100110
01010110
0101010
101001010
10010010
001001010
0101010
010101010
00101001
0101001
0101001010
01001001
100010010
010101010
10101010
010101010
01010101
1010110
10101010
10010010
110001
010101001
01001010
010101010
01010101010
1001010
11001010
001001010
10010010
100101010
1010101
1010111
10101
001010001
01001010
101001010
10010010
01001001010
00011001
010100101
00101001
10101
0101010
1010010
01010100101
0100010101
010001010
0100101010
011001010
1010001010
0100101010
010010010
01010101
0101001
11001010
010101010
10101010
101001010
010101010
0100101010
1001010010
01010010010
010010001
010101001
00101001010
1010010
01011001
10101001
010010101
100010101
0100101010
01010010010
1001010010
0101010010
0101001010
0101010
00010100010
0100101010
010101001010
100101010
0101001010
0101010
100010010
010101010
10101001
1010101
00101001010
001010010
01010101
10010101
10101010
010010010
10010110
001001010010
0101001010
01010010010
0010001010
010010010
1000100101
01010101
101010010
100101010
101001010
01001010
100100010
0101010010
1010101
0010001001
010101010
100101010
01010101
1010101
0101001010
10001001010
100100101
100100101
01010010
00100010010
01001010010
010101010
01010100010
01001010
01010010
0101010010
100100110
10100100
00100100010
01010010
101011001
0001010101
00101010
10100010
0101001010
10010010
100100010
001001010010
00101010010
0101001010
101010010
010011010
010010
010101010
0100100010
01010010
0010010010
010101010
010010101
010101001
01001001
01001010
0101001010
100010101
010010101
1001101
00101010
10101010
0100100010
01001001010
0101010010
10101010
001010010
00101001010
01001001010
1001001010
00101010
001001010
01000110
010100010
0010100101
01010100
01010010
0010101010
0011010010
01010010
010101010
0101001010
001010101
00101001
010110010
101010010
0100101
00010101
010100101
1010101
1010101
01010101
010010010
01000101010
010010010
010010010
101010001
101000101
010010010
0000011010
001001001
00000101
000100101
101000101
01010010
10101010
10101010
10101010
0101001010
01001010
010101
010010101
01001010010
0010101010
101001010
01001010010
0100101010
01010010010
101001010
010110010
01011010
00100110
01001001010
010101010
101010101
0100010101
0101010
0010110
10001010
100101010
10001010
0010101010
10101101
1010101
0101010
010101010
1010010010
10010010
010100101
01010101
10001000010
0101010
01010101
1000100101
100101001
010100011
01010101
100101010
010010011010
00101010010
1010010010
01001010
0101010010
0101010000
01010101
010101001
10101010
01001001010
1001010010
01001010010
01001001010
01010110
01010010
1001011010
100101010
0101010
10010010010
01010010010
01001001010
10001010
0010001010
0101001010
101000101
10000101
0101001010
10101010
0100101010
00000101010
0010101010
01010010
001010101
001010101
1010010010
010010001010
010101010
01001010
10101001
010100101
0010001010
10101010
010010010
001010010
010101001
1010101
01001010
0101010010
10101010
1011010
001000101
0100101001
100010101
0110010101
10010101
10010101
100010101
0101010100
010010101
01010001
1001001001
1010010
01010101
010100101
01010101
0100101000
100101010
010101010
010101001
010101
10101010
01000010
10101010
010011010
00101010
0000101010
010101010
100101010
0110101
0101001
00101001010
010101010
01010101
0100101
01010010
1001001010
10010101
01010101
001001010
101010010
0010100010
01001001010
00101010
001001010
010101010
010101010
01001001
01010101
010011010
0101010010
00001010
010010010
10101010
0010010010
10101010
1001010010
010001010
00101010
00100110
010101010
00100101010
0100001010
010101001
00100101
010100100101
1010101
10100101
010101001
010011010
0101010010
0101001
010100101
101001010
010101010
001001010
010101010
10100101
01010101
01001001010
10001010
1110010
01001010
1010010010
0001001010
10001001
001010101
1000101010
100101010
00100100010
10101010
101001001
001010101
01001010
1010010
00101010
010101010
011010010
0001010010
10101010
010101010
10001101
1010101
01010101
010100101
0100100101
001000101
0100101
001010101
010101010
010101010
010101010
010010010
100001001010
0010101010
00100010010
010101010
0101010101
01010101
010010010
0101001010
01010010
001001010
010101001
01010101
0101001010
0100101010
100101010
1000110010
01001010
10001001010
0101010010
01010001010
1010101
1010101
10101010
0101010010
01010101
010101001
010100101
01010101
1010101
0101101
101010101
00110101
01000101010
10100010
10100101
0010101
1001010
101001010
0101001001
010101001
000011010
00101010010
010010110
1010010010
0010010010
010101010
010101010
1001010010
0010010010
101001010
101001001
1010101
010101010
010010010
010010010
0010010010
101010010
101000110
0100101
1010101
101001001
0101001
10010101
001001010
10010101
1010101
01010101
01010101
01010101
101000001
100101010
010010010
1010101
1010101
10010101
01001010100
1000100010
0010101010
01010001010
01010010
1000010001
0101010
0101010010
0010101010
100100101
0010101010
010101010
10010010010
100101
0101010100
1001001010
100101010
0101010
0100101010
010101010
0100101010
010010101
1001010
0100101010
0110010
010101010
10101010
0101001010
10101010
10101010
10101010
0101010001
0100101
01100101
0100101
010010101
010101001
0100101010
00100101010
0101010
00010101010
0101010010
1001001010
0110001
01010011
00101010
101001010
0101001
011000101
011000101
100101001
0010010010
010101010
100101010
10101010
01010101
01010101
1001001010
0010001010
100100101
0101010
00101001010
100010010
1001010010
000101010
010101001
0010100101
101010010
101001010
1001010
100100010
01101010
010101010
10100010
01001010010
001001010
000101001010
0010101010
00100110
001001010
001101010
11001001
1001001001
01011100
1001001010
10101000
1010101
01010101
010100101
101001010
0101001010
1010010
10101010
10101010
01010010
010101010
01000001010
0110010
10101010
010010010
010101010
010010010
100101010
10101010
0101010010
010100101
100101001
0100010010
010101010
0000101010
00101010
01010100010
00101010
010101010
00101010
10010101
010101
0001101010
010101010
00101001
001010001
100101010
00101010010
01010101
0110010101
0100100101
10010101
010011010
101010010
010011010
0100101010
1001010010
10101010
10101010
00100100010
010101001
00000101
0101011
010101
10101010
01001010
100100101
10100101
00100110
10010010010
010101010
1001001010
10100101
10101001
01010010
0101001010
011010010
010100011
10100101
010100101
101010010
010010010010
00101010
00101010010
010100101
010010101
100100010
10010111
10010101
101011001
1000101010
010101010
001010101
010101001
1010001010
10101010
0101001010010
1001010010
01001001
0110001
10001011
1010101
0000001010
010010101010
01001000110
001010101010
0010101010
0010101010
10101010
0010101010
0100100010
0101010
0010010010
0101001010
01010101
00100101
0101010010
001010001010
01010101
0101010010
00100101
1001101
001000101
01010101
100001010
010001001010
001001001010
0010010010
000101010
10010010010
10101010
010101010
0100101010
0101001010
1010101
01010101
1010010
01001010
1010101
0010100100
010101010
0000101010
0010101010
10101010
0110101
0010101
101000100
01010101
010101
0100110
1000101010
01000110
10010010
1001010010
1001001010
010101010
0100100110
0101010
1010010010
01001010
0100100101
101010101
0010101010
010101010
01010101
101000101
010100101
010100101
010101010
0100101010
101101001
01010110
10100101000
00010100
010000100
01010001
0101010101
00100101
10101010
010101010
0101010
1010010101
010101
0100100101
1010101
01010101
010010101
001000101
0101010
1001001010
100010010
10010010
1010000010
010100010010
01010101
10010101
1001001
101010
1001100
01010100
101001010
1001010010
0000101010
001010010
0101010010
0100001010
01001010010
001010010
001010010
01010010
00101010
010010010
0101010101
0100101001
0010100010
001001010
0101001010
1001000010
001000010010
010000101010
100101010
10001010
00101010
10010010010
1010010101
0101010100
1010010
001010010
000001010
100101010
010100010
0101000010
0100001010
10101010
00100101
01010101
010010010010
01101010
101001010
11001010
010101
1010101
1010001010
1010001010
01001010
0101010
10101010
010101010
0101010
100101010
001010101
01011001
010101001
0101001
101001010
01001010
010101010
01001010
00101001
001101
10010101
0110001
010001
0011001
1010010001
0101010100
100101010
010101010
010101010
001001010
1001001
001010101
11010010
1000101010
0101010010
00001010010
10010101
0110010101
10010100010
010001010
1001010
0101001010
10011010
1001001010
0101001010
0010010010
1001010010
10101010
0010100101
100100101
101001010
1010010010
00101010
0100101010
100010101
001010101
010101010
1010010
1010101
100101
0101010010
101001010
010100101
01010101
00101001
001010101
0100101010
10101010
00101010
000101010
10101010
10101010
010101
011101
10101010
0101001010
0101001010
10010100
010101010
01001010
010100101
10010101
0100101001
001001001
100010011
10010101
101001010
010010010
010010110
010101010
0110100010
100101010
10100101
000101000
0101010010
1010001010
0100101
001010101
0010110
00110010
00100001010
001001010
100101010
0101010
1010101
1010101
010100010
01010010010
01010010
01001010
010101010
1001010
01010010
01010101
11001010
10000001010
0100100101
01010101
0100101010
0101001010
0110010010
010011010
10100101
10010100100
100101010
010101010
01001001010
00101010
0101001001
00100100001
10001010
1001010
010010101
0100010101
0100101010
001010010
100101010
01010110
01001001010
00110010010
010100110
01001001010
00110101
010101
1000100010
0101001010
001010010
10001010
010010101
10000101
100010010
0101001010
01010100010
1000101010
010101010
00101010
10100101
01010101
00100101
1010101
0010101
010010101
1000101010
0101010
01010011
0010100101
10001001010
00100101010
10010010
0010010010
00101010
101001010
10010101
01010101
00001010
100010100010
0101010
10010010010
010101
101010100
001001010
10010010
0010010010
010101010
100101010
001010010
0101010
1001001010
01101001
10010101
0101010010
00010010010
010101010
01010010010
0010101010
0000101010
1010010101
10001010101
01010101
010110101
010101010
010010010
101010010
1010010
0010001010
00100001010
00010101010
000011010010
10011010
0101001010
100010101
0010100001
00101010
01010101010
0101010010
010010010
1010000001
01010101
10001010
01001010010
0100011
010101001
010110010
101001010
0011010
100110010
00101001010
0010101010
10101010
00100110
0010001010
1000110010
100101010
01001001010
100010101
100000101
10001000
0101010
01010010
010101010
00101001
0101011
0101001010
10010010
1010101
10101001
01010010
001001010
00100110
101001010
001010001010
01001010010
0101010010
001001010
100101010
001010100010
01001010
0101010010
10001010
010101010
100101010
01010010
101001010
101001010
01001010
01001010
10101010
010101010
010101010
0101010010
10101001
001010100
01001001010
0100101010
0010101
01010101
1010010
100101010
10100001010
010010010
010101010
010101010
01001101
0100101
0100101
01010101
10010001
010101
10101010
01001010
010101010
10101001
010100010
10101010
0100101010
0101010
010101001
100010101
0010010010
10101010
010001010010
100000110
101000101010
101010
01001011
1010101
10011010
01010100010
1010110
1010010
0101001010
00101010
100001010
001010011
001010101
101001
01001010
01001010
0100101
1010101
10101010
1001010
00000001010
1001001010
0101010010
0010101010
100101010
001010010
011001010
100101010
00101010
1001001010
010100110
01010100
001001010
010101010
010101010
0010100010
01001010
0010101010
0010101
010010101
00101010
010101010
10010101
01010101
11001010
01001010
10100010010
010101010
100101010
10101010
010100101
0010101
010101
010100101
10110010
1001010010
10001010010
00010100010
1001011
00000101001
010010101
01100101
010010101
10100101
0010100101
1010101
00101
10010
010101010
101001010
0100101010
010101010
01010101
010100101
0100101010
0101010
010101010
01001010010
10010101
100110101
0101101010
010101010
100101001
1010101
0010101010
01001001010
010101010
010101010
1010101
10100101
01101001
10010010
101010
001010101
10010010010
010101010
10101010
10101010
101010101
100101
01010010
010101010
10101010
10101010
010101010
0100100010
10101010
1001001010
0101010
01001001
010101
010101
0010101010
10101010
10010100
1001001
010101
01010101
01010010
100101010
1000101010
010101010
0000101010
01000101010
100101010
011010010
01010010
0100101010
00101010010
101001010
0100100010
010101010
10001010010
01001010
10101010
010101010
01001000110
0101010010
010010010
001010010
010010010
001010010
10001010
10100101
0101001
10001010001
010101001
0100101
0101010
10010010010
01010001
010100101
0101010
010101010
10001001
01010101
0101010010
10101010
0101001010
000110010
01010101
00101001
01001010
100101010
01010100010
101001010
100101010
0101010010
10100101
10010101
01001001010
001010010
00101010
101001010
10010101
0101010
0001010101
1010101
01001001
10100101
00101010
01001010
0100101010
00101010
0100101010
01010101010
01010101
0101001
1010101
0100101
1001010
0100101010
00101010
001001010
01010101
011000101
0010101
01100101
01010101001
0010100100
0101001001
10101001
010010101
010100101
0101001
01001001001
0010010010
001010010
10101001
01010101
010010101
01010101
0100101
01010011
10101010
011010010
01010010
10100010
10101010
101001010
1010101
1010011
100101001
10010101
01010101
01001101
000101010
00101010
101001
00100101
00010010010
100101010
0101001010
010000110
0010100001010
0101010010
1010010010
010100010
0101010010
010101010
101001010
00101010
101001010
010010010
001010010
10101010
010100101
1010101
10010101
1010101
010101010
01001001010
010101010
01010010
010101010
01010010
10100010
0100101010
10100101
01010101
010100101
1010101
01010011
01010
010110010
10101010
1010101
01010011
1010000010
001010010
10010010
0100101010
001101010
0101001010
01001010010
100101010
01010010
001001010
1001101
1010101
0101010
0100101010
01010100
0001010010
1001001001
0101001
1010101
10101001
0100101010
0100001010
1010010
010101010
0101010
01001010
1001010
0000101010
10010001
00110101
1000101
01011001
01010101
0010010101
0100101010
1010101010
0010101
010010101
0101001010
010101010
1010101
1010101
10101010
001010010
101010010
01001010
010101010
10101010
1010101
0100101001
001010101
01010101
0010100001
010110101
010101010
001001010
10010010
000010010
1010101
1010101
01010101
10101
10010010
1001010010
10101010
010110010
1010010
1001010010
1001010010
01010010
010101001
10001101
01010101
001010101
01001010
10101010
0101010010
10101010
10011
010101
01011010
1001001010
01010001010
100101010
01010001
1010101
0101101
1010101
010101010
0101010010
1001001
0101001
101000110
00101001010
010101
0100101
10101010
01001010
1010101
10100101
10100101010
100101010
00010100010
1000101010
10101
0101001
0101010010
10101010
100000101
1010011
10101010
0101001010
01100010
0100101010
10101010
0101010
1001001
10100001
100101010
001010010
0010010010
01101010
10100010
10101010
101001
0110101
0101101001
10101001
010010010
001101010
01001010
01001010
100101010
001001010
10010101
010010101
1010101
01001001
00001001010
10101010
10101010
01001010
101001010100
010010101
100101
011001010
0101010
0010101010
010101010
101001010
10101010
10001001010
000101010
0101010
0001010
1000101010
10001010
01001010
0100101
0000100101
011000101
001010101
01100101
10100101
0010101010
010101010
0010011001
01011001
1001101010
10101010
010101
10100101
0010101010
0101001010
1010101
01010101
0101010
010001010
01010010
010001001010
100101001
0110101
0101010
1010010
010001010
10101010
01001
10100101
0101001010
00001010
1010101
01010101
10101010
0101010010
01001010010
010101010
10100010
001001010
00101010
0101001010
010101010
00100010010
0010101010
010011010
000101010
01001000010
010010110
1010010
001010101
1010101
001001010
01010001010
0101001001
01001101
10101010
010101010
10101010
1010101010
010101001
1010101
0101010010
1001010010
0110101000010
10101010
010100101
01010101
01010101
010011001
1001010010
01011010
0101010
010101001010
010010001010
10010110
0101011
010100101
10010101
0101010101
10101001
010100101
10100010010
001001010
010010001
01001101
0100101010
00101010
101001010
00101010
01010101
01010101
10010101
010100101
0000101010
010101010
010010010
001001010
00101010
01001010
010101001
01010101
010100101
010010101
01011010
01101010
010010010
00101010
0101010
01001010
01001010
0101010
01001001
0100101
010101
0100001001
001010101
1001000101
10101001
01001001001
0101001010
10101010
10001001
01010101
10010101010
1001001010
00101010
10101010
0101010
10000101
01101001
01010101
001001010010
0101010
10010101
010101001
001010010
100100101
10101010
10001010010
00101010
1010101010
01100101
1010101
1001001001
010101001
0010001010
0100101010
01001010
1010010
0101010
001001010
00101010
10100010
010010101
1111001
10101010
0101010
1000101010
100110010
1001010
010101010
1000010010
0101010
100100001
000010101
0101001
101010
11010010
1010010
01001010
001010010
010100101
1010101
1001001
001010101
010101010
10101010
01010101
0010101
010101
01001101
00101010
001001010
001010100
01010101
0010101001010
0010010010
010010010
1001001010
100010101010
0101001010
01010001010
0101001010
010010101
010100101
10101010
101001010
10101001
010101001
1000101010
010101010
1010011
001001001
001000101
0010101
010001010
10101010
10101010
0100100010
0110010
10101010
0101010
1001010010
010101001
0101101
0101010
10000101010
01100010010
0101010010
001101
01010101
0101010
0101001010
10001000010
101010010
1010010
100101010
10101010
101001010
10101010
10101010
010101
0100101
10100010010
10001010
10101010
010101010
010101001
001010101
0101010010
10001010
01001001010
0101001010
010101010
010101010010
010101010
10001010
10101010
10101010
100101010
010001010
100010100
001010101
010101010
010101010
0101001010
0101010
01001010
01001010
10001001010
00100101010
1010101
0100101001
010101010
10101010
1010101
1010101
1010101
0101010
10101001
01010101
010010101
0101101
01010101
1010101
010101001010
001001010
10100101
00100101
01010101
01100101
10101010
101010010
01010010
0101010
010010100010
0010101010
01010010010
0110101010
01010100010
10101001010
10100101
00101001
0010010010
0100101010
1001001010
100101010
001010100
0101010
1010101
01010101
101010010
101001010
010101
01101001
0100010010
01010010
0101001010
100101010
10101010
010101010
00110010
10101010
01010101
01001001
1001010010
10101010
0100100010
010101010
1010010010
01001001010
1010101010
0101001010
10100101
010011001
101010101
01010011
010010
01010010
0101010010
101010
1010010010
10110010
010101010
0101010010
001010010
100101010
1010010001
010010101
10001001
0100100101
10001010
0101010
010001010
01010010
1001001010
010101010
101010
010101010
00110101
0100101
0010101
010011
1010010
101001010
0110101010
01001010
0010010010
0101010010
10001010
010010
01001010
00100110
100101010
010001010
00101010
00101010
010101010
10101010
00101010
0101010
00001001
1010101
01000101010
0101010010
00101010
010101010
010101
101010
01100110
100110010
101001001
0110101
1010011
01010101
001001010
010100010
10101010
0110101010
01001101
10010101
10100101
010010101
10101
10010101
010101010
100010010
010101010
00101010
01010101
10010101
01001101
0010101
010100010
01001010
10100101
01010101
0100100101
01010010
0100101
01010101
0010101
010100101
1010101
0101010
0101010
01010101
1101010
10101010
001001010
101001010
0010001010
0010100010
0101001
01010101
01010011
01010101
010100101
100010101
01001010010
0101001010
00101001
010010101
0100101010
00101010
0010101
101000001
0101010010
101001010
0101001010
0001010010
0010101
1001010001
0001010010
101010010
010101001
000101001
1001010
010101010
01001011
010101001
01010101
010010101
010101010
0100010110
1010010101
01010101
001010110
1010101010
010101010
0101010010
01100101
001010001
101001010
10001010
100010101
0010101001
00100101
00100101
1010010010
0101010010
0110001
00101001001
0101010010
0100101010
010101010
010101010
0101101
101001
10100010
01001010010
100101
01010101
01010100
0100110010
0000101010
001001010
010101000
001100101
01010010
101010
10010101
010101101
10010010
0010010010
010101001
10010101
010101010
10100101010
001001001
01010101
010100101
01010101
00001010010
0110010010
10001010
0110101
01101010
01001010010
01010010010
10101010
1010010010
10101010
01101010
010101010
1010101
100101010
10100101
01010101
01010010
0010101010
0101010
0010101010
01000010010
0101010
0100101010
1010101010
001000100101
01010010100
00101010
0101010
010100101
1001010101
100100110
010101010
0101010010
0101010010
1010000101010
0101010010
10101001
10101001
10100011
010100101
10101010
0010010010
10010000010
010010010
01010101010
010101010
1001001010
10101010
010100100010
0101010010
0101010
100101010
00101010
10101010
001010010
0101001010
010100101
10001001
1010010010
101001010
101001010
010101010
01010101010
10101010
001101
01010101
10100101
0100100
101001010
1100101
0101001010
01010101010
0100101
1010101
010010101
01001001
01001001
010010101
1001010100
1000100101
10101010
01010101010
001010101
0110101
001010010
010101010
010010010
0101010010
1010101
1010101
100100101
00101001
01001010
00101010
00101010
10101010
01001010
101001010
1001001010
0110010
10100101
100101
101010010
0100101010
0010010010
10101010
101010010
0101010
0101010
0100101010
001001010
10001010010
100101010
001001010
00100101
10100101
1010010
10101010
01010101
01001001001
00001001010
010010010010
001010101
10100111
01001001010
101001010
010010010
100101010
100101000101
10010101
010010100010
010101010
00101010
0010001010
0100101010
100101010
00100101010
100010010
001101010
010100110
100101010
00100100010
0100101001
10101001
100010101
1010101
1010101
10010101
0010101
0101001
000100101
101010
010101010
101000101010
00100001010
0010101010
00100100010
010101010
100100100010
00101010
0010011
010101
01010101
010010101
01010101
10100101
010101101
1010101
10110
1010101
10100110
010011010
0010010101
10010101
001010100
101010101
001101010
10101010
01010101
10101001
0101001010
10101010
1000100010
1001001010
10010101
101001
10101010
0101010010
0101001
101000001
010101010
1000010010
010001010
101010010
0010010010
101001010
01010010
000100010010
10101010
101010010
010101010
10101010
10101010
0101010
00101001010
0100010010
010101001
10100101
01010101
10100101
01010101
010101001
010100101
0010101010
100101010
001001010
011001
00100101
001001010
010101010
010101010
01010010
10101010
010101010
0100101010
01001010
0101001010
010101010
010101010
10100110
100101010
00101010
1001001010
101001010
0100101010
100101010
10101010
010101010
01010010
1001010010
10001001010
01010110
01001010100
01010010100
100101010
0101010010
00101010
101010010
1000101001
1010101
10100101
01010101
10101010
0101001010
0101010
0101001010
010101010
010101010
001001010
1001010010
101001010
010101010
100101010
001001010
0100101010
100100110
0110101
01010101
100101010
0010101010
01010101
01010101
010101010
0101010010
01010101
010101001
01011010
10101010
0010100010
0001010010
101010001
100010101
010101010
1000101010
101001010
101001010
100101010
00101001010
010101010
0101001010
1001010
0011010
1011001
10100110
10101010
0010101010
10011001
010010101
01001010
00100101010
10101010
101010010
10100010
0101001010
01001010
100101010
1010101
01010101
1010101
01010101
0010101001
001000101
01001010
00110010010
0100101010
0100101010
1001010010
0101010010
010101010
010101010
0101000101
010010101
10101010
010010010
010101010
01010010
010101010
01000101010
01010101
1010101
01010010
10010101010
010101010
0101010010
10101010
1000101010
100010010
001000010
010100010
010010010
10001010
010010010
10101010
00001001010
101010011
101000101
01001001010
100101010
010100101
101010001
010010101
100010101
01001010
010101010
0100101010
1001010
10001010
10100110
0100101
001010101
01001001010
0011001010
100010101
01010101
001010010
01010010
01010010
0010010010
01010101
010101001
001010101001
01010101
1010101
101010101
100110010
010101010
0100101010
010101010
01010010
010101001
1010010010
010010101010
100101010
00110010
10001010101
000010101
00001001010
010101010
1001001010
00110010
101010010
0101010
010101010
00100110
0101001010
01101010
10101001
0010101001
010110
1001000101
100100010
10100001010
10100101
010100101
101011
0010010100
00011010
0101010
01010101
0110100101
0100101
10100101
1001010
11001010
00101010
0101010
01010101
0101001001
10101001
01010101
01010101
01010101
1001010010
010101010
001010010
10101010
10100101
010100101
10100101010
0101001010
00100101001
0101001
01001101
00101101
01010101
010101001
10101010
010101010
00101010
100101010
10001010010
01101010
010100101
00100101
1010101
1010101
10100101
010010101
0010101010
01001010
10101010
10101010
010010101
01010101
010101010
010100010
010101010
101001010
01001010
100101010
001010
0100101010
01010101
10100101
101001010
0101010010
1001000101
01010101
10010101
10100101
010110010
00101001010
1001010001
0100101
10010010
10001010
0000101010
1001010
0000101010
10010010
010101010
100101010
00101001
010100101
100101010
010101010
01010101
010100101
0101011
010101
1001010001
000100101
10100010
100101010
1010101010
0101000110
0101001010
0101010010
0101010010
01010010
01001010
10101010
10101010
010101010
10001010
0101001010
10101010
0101001010
00101010
01100010
10101001
1011001
01010101
0101001
0000101010
0100110010
10100101
1010101
01010010
0101001010
01000101010
010101010
101001010
10101010
001001010
010101010
0100101010
1010010
01010000010
00101010
100100010
01010010
010101010
010100010
1001010010
000101010
01001010
001010010
100010010
01011010
0101101
001010101
10010101
010010101
1001000010
10101010
10010101
1010101
1010010
0101010
01001001
100011001
10101
1010101
101001
0100100101
0101010010
10101010
10101010
0011001010
0101010
001010101
1001010010
10101010
1001010010
1001010
0101001010
011001010
01010010
01001010010
010100001
100101001
10101010
0100101010
010100101
0100110101
01010101
01010101
0101101010
010101010
10001001
01010101
001001010
0101010010
10010010
101010
010100010
010101
100100101
0010100001
01010010
01101010
010101001
010010101
100100101
0101010101
010101010
010101010
1010001010
101001010
010100101
1010101
010100101
0101010101
10010101
10101001
0000101010
010101010
0010100101
010101001
0110100010
101001010
001010101
001100101
0010101010
010101010
1010101
10100101
010101010
01010010010
10000101
0101001001
0101010010
0011010
00010001010
0100101010
01010010
100001010
1010101
0100011
10101010
1010010010
0100101
0101010
01010101
01010101001
0100101010
00101010
1010101
1010101
0101001010
00101010
010010010
00100110010
1010101
1010101
10101010
010101010
101010010
010101010
1010010
01010100010
10101010
0001001010
1010010
01010010010
01010101
0100101001
0010100101
010100101
0101001
01010101
1100101
01010101
010010101
10100101
1000010101
01001001
01001001
1010101
100101001
01011001
010101001
010100101
0001010101
0010100101
010100101
010011001
010101010
0101001010
01010101
010010101
011010101
1001010101
1000100101
010011001
100010001010
010101010
01001010
10101010
10101010
0101001010
0101001010
000101010
010101010
101010010
01010101
1010101
100100100
0101010010
010010001
101001001
10100101
01010101
01010010
01010101010
010101010
001001010
0100101010
010101010
00100101010
0101010
010101001
01010101
010011
10100101
011001010
001001010
1010101
00011001
01001010
01000110
1010101
010100101
10101010
10101010
01010101
101000101
01010101
0101001
010101001
01010101
0101010
100101010
01100101
010100101
1000100100
00100101010
0100101010
101010010
010101010
100001010010
0010100010
01010010
1010010
00101000010
011001010
10011010
01000101010
10101010
001001010
0010010
10010101
10100101
010100101
10101
1001010010
1001010
010010101
001000101
001010101010
0101010
100010010
01101010
101001001
101010101
101011
0101011
01010100010
1001001010
010001010
101001010
00100101
01010101
100010101
10010101
01001010
0101100010
01010001
0010100101
010001010
10101010
10101010
010101010
010101010
0101001010
100101010
010101010
01010101
010010101
10000101010
0101010
1000101010
0101010
1010101
01010101
01010100010
0010100010
100100101010
010101010
0010100101
01001001
0101010010
010001010010
10010010
0100101
0110001
01010101
1000100011
101010101
0100101010
1010010
01001010
1010101010
00101001
010101
0101101
0101010
01010101
10010101
010010010
010101010
10101001
1010101
100010010
01010101
1010010101
10010101
01010101
1000101
010010101
0010010101
0101001010
001101010
100101010
0000101010
0101001010
010011010
010101010
10101010
01010101
0010101
1010000101
00010101
00101010
101010010
10010101
1010100010
1000101010
10101010
010101010
101010
010101010
01001010010
0101010010
01001010010
10010101
1010101
0100101
010010101
000010101
100101001
10001010
10101010
0101010010
010101010
10010001010
101001010
0101000010
001001010
101010010
0010010010
0100101010
011001010
1001001
100101001
10100010
010101010
10101010
1010101010
101010010
011001010
101001010
00001010010
0101001010
1010101010
0010001001
01001001
100010010010
01010010
1010101
100101001
1010010
00110010
001010010
0101001010
1010001
010100101
101001001
10110101
010101010
01010010010
01010101
100010101
0010101010
1001010010
010010010
1001010010
01010010
001001001010
010101010
10101010
010101010
101010101010
10101010
0101001010
1001010010
0101001010
1001010
01010101
010101
10010101
0101001010
010001010
010101
10010101
010101010
00101010
010101010
010101010
0101001
0100101
01000101010
00001010100
100010010
0010010010
010010101
1000010101
010101010
10101000010
0010100010
1010010010
0101001
10010011
0101010
010010101
001010010
1010101010
010110010
010101010
010011010
01010010
0001010010
001001010
1001001010
010101010
10010101
100101
00100001010
1010010010
011001010
001000010
01010010
00101010
00101010
10101010
00101001
0101010101
01010101
0101010
0101001010
101001010
010100101
0010100101
01010101
1010101
1001010
010101010
01010101
100101
01010010
01001001010
0010100010
0010010101010
101010
010010101
01010101
010100101
001010101
1010010101
1010001010
1010010010
101001010
0101010010
0001010101
01001001
0101010
101010010
1010101
0101001
10101010
10101010
0001010010
00101010
01001010
10101010
10101010
001010010
1010101010
10101010
0101001010
01010010
01010010
0101010010
01000101010
1001010000010
001010010
0001001010
0101010
01010010
100100010
0101001010
010100101
101000101
0010010010010
0010000010
010101010
010101010
01011001
101001001
100100101
010010101
1010101
0101101
1001010010
010101010
0101001010
10100010010
101001010
0001101010
01010101
0101010101
10100100010
1000001010
101001001010
010101001010
010010010
100010101
10010010
00100100010
001001001
01001001
0101001010
101010100010
01010101001
0010100101
0010011010
0010100010
000010010010
010110010
0010010001010
01000101010
100001010
0101001010
010000001010
0101010
1001001
1010101
01010101
1010101
00100101
00101001
10101010
100101010
0101010010
101010010
0101001
00101001
00001010010
010101010
010101010
1010001010
0010101010
01010010
010010010010
010101001010
0100101001
0101101
001001010
0000001010
001010010
01010010
001011010
01010010
010101010
0101010010
00100101
0000101001
0101010
0010101010
01010010
10101010
00110010
0101001010
0101010010
010101010
01010110
100101001
1001010010
101001010
0101100100
0101010
001010101
0100100101
0010010010
100101010
1010011
01010101
010011001
01001001
0101010
100101010
00101010
010101010
0100101010
000101010
10101010
1010010
0000101010
100010010
010001010
10100010010
00100101
001010101
010101010
0101010
01001011
010101001
01000101
10010101
01011010
1001010
10101010
00100100010
01010001010
10101010
00101010
1010010
11001010
1001010010
1010101
1010101
1010010010
010101010
0101001000
1010101
10100001001
01010101
00101010
0011001010
10100010
101010010
0101001010
1000101010
0110101
010010101
10101010
010101010
1001001010
0010100010
10001010
01001010
100010101
010101010
0101010010
10101000010
0101100001
0101001
100110010
001001010
0100101010
0010101010
010100101
00100101001
100101010
101001010
10101010
11001010
010010101
1010101
100010010
00101010
001001010
010101010
010101010
0101001010
001010010
1000101010
10101010
00101010
0101001010
0101010010
1010001010
0101001010
0101010
000001010
01001001010
011001010
101001010
0100101010
10101010
00010010010
101001010
10101010
000101010
0101010010
10000101
1010001
101001010
010011010
10100101
01010101
10010101
10010101
010100101
010100101
010010001
01010101
10100001010
01001010
100101010
00101010
100101010
01001010
0101010010
001001010
010101
1010100101
101001010
100010010
100101
1010001
101001010
00010110
10010010010
0101010010
1000101010
01001010
010010010
10101010
01101010
101001010
001001
010101
100010101
100010101
0100101010
10101010
0010101
001010001001
1010010010
101010
0101010010
10101010
100110010
0100100010
0101001
01010101
010101
100100101
010101001010
00110010
1010001
1010101
00001001010
10101010
0101010
100101010
0101001010
0100101010
101000010
001010010
100101010
001001010
1001010010
100101010
001001010
0101010
0100101010
10010010
0101010010
10010010
10010101
1000101
01010101
001101
00110010
010001010
101000110
0101010
010101010
10101010
00101010
00000101010
01010101
0010101001
10100101
01010001000
0010101010
0100101010
001001010
10101010
0101010
001010010
001010010
010101010
1010101
01010101
010010010
001001010
011010010
01010010
0101001010
101001010
010010101
0101101
10101001010
001001010
101010010
0100101010
001010010
00101010010
1010101
0110001
1010101
0101010
01010010
1000101010
010101001
01010101
1001010
0110101
1010101
0100101001
10010
01010110
10010100
0101110
10010100010
10001010010
01010101
100100101
010010010
0101001010
1001001010
00110010
10100101
01010101
0101010
0100101010
010101010
10010010
010101010
010101010
100101001
10100101
10100010
0100110010
0010101010
010101010
10010010
0101010010
1010101
100100101
1001010001
10100101
10100101
0001010101
1010011
10010101
0101010101
010101
010010010
010101010
10101010
010001010
0101001001
1001101
101001010
010010010
0100101
010010101
100100100
0010010100
100101010
1001010
0101010010
10101010
100000101
0010010100
0011001010
0100100110
100101010
00010100010
010101010
10101010
01010010
1010010
1001010010
010001
10010010
0010010010
00100001010
1001010
001110010
1001010010
100001010
10101010
0101010010
0000010010
01010101
01010101
101010010
1000101010
0101010
0101010
010101010
010101010
010110010
01000110
1001010010
10101010
010101010
0101010010
100100001
10100101
10010101
010100101
010101010
100001010
01010110
010101010
1010010
100100101
01010101001
10101
0101001
010100101
010010101
010101
010010010
00101010
0001010101
01010101
11101010
101001010
0101010
01010
01001001
100101
00101001
01010101
10100101
00110
010101010
010101010
010110010
10101010
0000101010
010010001010
0101010
11001010
0000101010
01001010
1010101
0010101001
0101001010
101010010
0110010
01010001010
010101001
001010101
01010001010
0101010
0101010010
10101010
1010101010
0101001010
101010010
0010101010
010101
010100101
010110
001010101
100010101
1100101
10101010
001010100010
01001001
101010100
0100101010
10101010
1010010
01010100010
100010010
0101001010
101010010
010101010
001001
1010101
1010101
101001
0101010
01011010
100010101
01010101
010010010
1001100010
0101001
0010101
1010101
00101000101
0010101010
101000010
01001101
10010101
010101010
01010010
10101010
01010010
1010101
1010101
00101001
1010101
0101001
0100101
0100101010
01101010
0101001010
10110010
001001010
001010010
10101010
0110001010
1010101
010101
10000010010
1010010
01011001
10100101
101000010
00101010
0010101010
100101010
010101010
0100110110
10110010
10101010
01001010010
010101010
01001010
0100101010
100101010
10011010
0010101010
001001010
1010010011
001010101
100010101
10010101
010010010
01001010
00101010
01010010
01010010
0101001010
001010010
1010100010
100101010
100101010
0101001010
10101010
1000101010
01001010
10011001
10101001
00100101010
0100101010
0011010
010101010
00001101
010010101
010101010
001001010
01010010
0010101010
0100101010
0101001010
101001010
010101010
0100101010
101010010
1001001010
010101010
100010101
0101001001
1001001010
0100001010
10100001
0010001001
101001010
0101010
1001010
010101010
100101010
101010010
010010010
010101010
01010101
01001101
0010101010
0101000010
01011010
101001010
0010101010
100001010
0110001010
10101010
010101010
0011010
100101010
01001010
010101010
0010010010
01001010101
1010101
1010010
010010010
1010101
0010001001
011010
01010101
1001010010
011010010
1010101
01010101
0101010
00101010
10101010
0100101010
0101001010
1001001010
1000110010
1000001010
000001010
10010010010
010010101
0100100101
1010010
10001010
0100010110
001001010
01010010
10001010
0101010
0101010
11010010
001010010
01010101
010010101
001101
0101000101
1010101
01010101
01001101
010100101
1010000101
01011001
0100101
1010101
00100100010
100101010
01010101
10101001
010101010
001001010
0101001010
00101010
00101010
010101010
0101010010
0101010
010010
010101010
01001010
10010010
01001001
01010101
0101001010
0101010010
101010101
0101001
101010010
010101010
01010101
01000101
101010010
10101010
1001001010
001001010
01011010
10101010
001001010
0101010
10010101
0101001010
10110010
00110110
0001001010
010101010
0101010
0010101010
0001001010
00011010
01001010
001010010
001001010
010011010
0010101010
10101010
10101010
00011010
00100101
01100101
1000010010
101001010
10101010
01101010
10101010
001001010
10100010
010101010
010101100
1000101010
010100101
00100101
0010011
1010101
0110001
0010010101
01011010
0101001010
10100101
10010011
00101010010
01001010
1001001010
01010010
100010001
1010101
10101010
10101010
01010101
010101100
1010010001
100100001
0100101
100010101
100101
10100101
100010101
01010101
011010010
100100010
1000010010
01001001010
010100101
010000101
010101010
0010101010
001010100
01010100
00101010
10010010
0010101010
10101010
010101010
0101010
01010101
00100100101
0101001001
1010101
10010010
10100010
001001010
0010010
00101010010
100101010
001010010
10101010
001010101
1010011
0101010
10010101
10101010
10000010010
100101010
001010010
0100101001
10100101
01011001
0100101001
10001010
01001010
01001010
0101010
10000010
010100110
00101010
001001010
10101001
010101001
1001001
0100101
1010101
01010101
1010010101
01100101
0101010
100101010
00101010
100101010
1001001010
0101001010
100101001
010010101
101001010
10100010
1001001010
00101010
010100010
010101010
1001001010
001001010
010010010
010101010
100101001
1010101
101010101
01010101
01010101
01010101
10100010
01001010
101101
10101001
0101001010
0110110
001010101
0101011
1101101
10100101
01001010
00101010
00101010
010101010
010010101
1010101
0110010
010101010
010010
0010100010
00101010
010010010
00101010010
10101010
00101010
001001010
00101001010
1001010010
1001010100
0101001
1001010
100101010
10011010
010101010
010101
100100101
10011010
0100001010
1001001010
010010010
1010010
10001010010
10010101
1010101
101101
010010
010101001010
010101010
0101001010
101010010
101001010
100100010
1010101
101010101
10100101
10010011
010100110
001010010
010101010
010101010
01010010
100001010
01010001
010001101
011000101
010101001
1010101
1010101
01010101
01010
00101010
010100110
010101010
00101010
10100101
1010101
1010010
0101010
001011010
101001010
0010100100010
101001010
10010101
01001101
101001010
100101010
100110010
01001010
0110101
00100101
0010100001010
10001010
010101
010101
01010001010
01001010
0101001010
0101001010
010010010010
1010110
01010101
10010101
10101010
0101001010
10101010
10101010
01100101
000101
10001101
101001
10101010
00110010
0101010
0101010
100010101
1010001
010010100
100100101
0101010
010101010
010100101
001010101
000000101
01010101
1010011
0101101
0101010010
0101001010
01010101
1010100101
01010101
101010
0101010
010101
01001010
0100110010
010101010
01010010
1001010
01001010
1000101010
001010010010
0101010010
001010010
01010101
10101001
1010101
010010101
1010101
01010010
000101010
01001010
010101010
0100101010
101101
010001001
010101
1010101
10010101
00101001
1010101
10010101
0100101
10101
01010011
01010101
10101010
010110010
010101010
010101010
01101001
0011010
101001
01010101
001001010
01100010
01001010
010100110
00100101
00100101
010101001
1010101
010101010
01001010
10101010
01001010
010101010
0110100110
0101010
0101010
01001010
01010010
11100010
0101001010
001001010
010001010
0100101
0110101
010101010
010010010
010010010
1010010
0101010
11010010
101010010
0101010
010101010
0101010
1010101
10010101
010101001
010110
0010001010
01010010
010101010
10101010
010101010
10101010
00101010
10101010
10110
010101
010101010
0101010010
010101
01010101
010101
010101
010101010
1000010010
1010010
1010010
01001010
100101010
01010101
001010101
1010010
10101010
01001010
0101010
10101010
00001110
100110010
0101010
0110101
1010101
010010001
0101101
100101010
1010010
010101010
10101010
10010101
01010101
01010101
0010101
01000001001
01011001
01001010
010101010
01101010
0101001010
101001
0011001
1001010
01010010
10100101
10101
10010110
01010010
11010010
010101010
10001010
00101010
01001001010
10010010010
1000100010
010101010
10010010
1010010
101101
011010010
010001010
101010010
010101010
10100010
01001010
00101010
0010001010
00101010
10010010
10101010
0110010
01001010
1010010
011001010
0010010010
0101010010
10101010
01011010
010101010
010100110
1001010
0101010
010010010
1000101010
010100101
00100101
1010101
0101101
1001101
010010011
010101010
10101010
010101010
1001000010
010100110
10101010
1000101001
01010101
01001101
0100101
01010010
010101010
01001010
00101010
1010101
101001
0011010
01001010
010110
01010101
100100101
010100101
010101
10100101
0101010
10110010
10101010
1000001010
0101010010
0101001010
10101010
010101010
0010010010
1001001010
1010010
001001001010
01101001
0110101
01001010
001010010
0011010
010101010
001000110
10110010
0101010
01010010
01001010010
10101010
10001010
01001010
010110010
1001010010
000001010010
010101010
010011010
0100101010
101010010
10101010
001010010
001010010
001010110
01011010
100101010
01001010
00101010
0101010
1010101
1010101
01001010
01001010
00100101
001011
01010101
01010101
0010001010
0101010010
100010000010
01001001010
01011010
010001010
0101010010
10010100010
0101010
010010010
100101
001101
1010101010
101001010
010010010
010101010
010101010
010010010
01001010
101001010
1010101
100101001
01001000010
01000110
1010010
01001010
00101010
000101010
10101010
0010101010
00101010
001001010
010101
01010101
010101
01010101
0101010
0101010010
0010101
01010011
010101010
1001010
001001001
0101010001
1010101
11001011
10010101010
101001010
01001010
01010001010
001001010
001001010
01010101
10010101
00101010
01000110010
0101010
01001010
0101010
010101010
0100101010
010101010
01010101
0100101000
101010
10101010
00101010
010110010
01100010
010101010
101001010
01001010
010101
001011
1001000010
10101010
01010101
1010101
1010101
1010101
0101010
010101010
0100101
10010101
10010101
100101001
01010101
01010101
01011
10101001
0110101
1010101
101010010
001001010
0100101
0110101
10101010
01001010010
010010010
101001010
10101010
01001010
1010010
10010010
01010010010
100010010
010101010
0101010
10101010
0100101010
00101010
10101010
010101
01011001
1010101
10100101
101001001
10101010
010101010
01001010
10001010
1010010
1010101
0100101
101010
010101010
0101010001
010101
01001010
101001010
1010101
0101101
01010101
0100101
001001010
00100110
0100101010
1010010
10101010
01001010010
100000010
0010010010
0101010
1010101
0101010
00000101010
1010010
1001001010
1010101
101101
1010101
100100101
010100010
10101010
01010010
1001010
1010101
0010101
1010010
10101010
1000101010
0100101010
0101010010
0101010
1010101
010010101
100101010
10101010
01001011
010110
010010101
010101
10010101
010101
10010101
10101001
101001
0010101
010101010
000101010
010101010
011001010
0010101010
101010
001010101
01010101
1010101
001000101
0001000001010
01010010
10101010
10101010
10010101010
01100010
1001010010
00101010
10101010
10001010
010101010
01001010
101010
10101010
1001000110
101001010
01001010
01001010
10101010
001001010
010101001
0101001
001101010
0101010010
001010010
0010010110
0100101
010101
10110010
01001010
010010101
010010101
010101
1010011
010101010
01010010010
010101010
0101010010
010110010
10101001010
1001010
10110010
10101010
10101010
010101010
1000101010
01010101
01011010
010101010
100101010
010100010
100010010
010101010
10101010
001010101
1010101
10101
10100101
01011010
1001010010
010101
101001
10101010
0101010
10110010
0100010
010101010
010101010
1010010
010101010
101010
0101001010
01010010
101010010
0101010
10101010
10101010
01010010
10101010
1001010
1010101
0100101
01011001
001001
01011010
00101010
01000101
01010010
0101001010
001010010
01001010
10101010
100101010
001010010
0101001010
010101010
01001010
10101010
010101001
0101010
01001010
0101010
1010101
001010101
10101010
10101010
1001001
010100101
011000101
01010101
1010101
0101010
01101001
010010101
01001010
01011010
101001
0101011
0101010
001001010
010101010
10101010
010010101
10010101
00101001
10100101
10101010
01010010
100101
101010101
01010010
0010101010
011000101
0010101
010011001
1010101
1010001
010010101
01010
01010101
10010101
0010101
01001010
010010100
1010101
0100101
0101010
00101010
0101010
010110010
01001001010
00101010
010010
010100110
001001010
0101010
010010101
1010101
1010101
10100101
001011
010101
10100101
0010101
1001101
1000101
10100101
010101
01001010
0010101010
0101010
10101010
010101010
0100010
01010110
010101010
01010001
01010101
0101010
01010010
010101
10100101
1001010
100010010
010101010
10001010
010101010
001010010
100010110
01010010
10101010
01001010
010101010
10101010
010010101
10010101
01101000010
0100101010
100101010
001010010
01101010
010101010
1010101
010101000
00110010
0101010
010101010
10101001
0100100010
010011010
01010010
10101010
10001010
010101010
101001010
10100100
000101010
010101010
01010101
001010101
010101
01010101
0101010
101001010
10110010
010101010
10010010
1010101010
10101010
10101010
010101
1010101
010101010
1000101010
010101010
0100010010
10101010
010101010
10101010
01010010
10010010
0010010010
10010101
0100101
101001010
010101010
0101010
10101010
101010
10101010
010101010
01011010
10101010
10100001010
0100101
1010101
10101010
0110101010
1001101
1010101
10010011
01010101
10101010
0101010010
0101001
1010101
10100110
101010010
10101010
11011010
01001010
000101010
01010101
01010101
10101010
010101010
010101010
00111010
1010101
1001001
01010101
01011
101010010
10010010010
1010001
100101
0101011
101010100
0100101
00101010101
1010101
10001011
1000101
10010101
10101010
101010100
10100100
000100010010
01010101
110101
010101010
101011
100101010
010010001
101000101
0101001
10010010
100101
010101010
010100101
101010
001010010
1010101
01010
01010101010
0010010000010
010101010
100101010
1010101
0001101
01010101
1010101
010011
01010101
0100101
10010101
10010101010
010101010
010010101
01010101
01001010
010101010
0001001010
00101010
01011010
10101010
0101010
0101001010
010101010
00010101010
00101010
0101010
1001010
10101010
010101
010101001
100101001
1010101
1010010
00101010
010010010
01010010
001001010
010100010
1001001010
010011010
00101010
00101001010
100101010
010011010
1010101
1010101
0101001
10011001
101010010
010101010
0101010
010101010
0010010
000100010
0100101
100010101
100100101
01010101
010101010
00100101010
010101010
1001001010
10001010
010010010
010101010
101001010
00101001010
1010010010
0101010
1001010010
00101010
010010010
01010010
0101001010
10101010
10010010
010101010
0100101010
10101010
10101010
00101010
10101010
10101010
010101010
010101010
010011010
010101
00101001
01001110
01010010
1010010
0101010
00100101
010100101
01001101
1010101
1010010010
10101010
101010010
101010010
01010010010
01010010
100101010
010001010
100001010
101010010
0011010
01001010
01010010
01001010
0101010
00101010
001010010
010101010
1010010
00101010
10101010
100110010
01001001010
00101010
1010101
010010101
0101010
100101010
01010010
01001001010
1010001
0110101
101001
01010101
001011001
010010101
10101010
10010010
101001
010010101
010101010
0101001010
101010101
01010101
10101001
1010101
011010010
001001010
010011010
10101010
10100010
0101001010
1010101
010010101
00101010
01001001010
10101010
0101000010
10101010
100101010
00101001
0101010100
1010010
100010010
10101010
0010010
101010010
10001001010
00010001010
0010101010
0101010
0010110010
0101001010
10010010
10010010
10101010
0101001
0010101
0110101
1010101
0101011
100100101
01101010
01010110
0101010
010001010
01010010
010101010
0010110
0101010
1010010
010010010
0001010010
00101010
0101010010
00101010
0010001010
01001010
10010101
10100010
010101010
1010011
01010010
1010010
01010010
10101010
0100101010
0101001010
10101010
101001010
01001010
001001010010
1010010
1000001010
10100101
101001001
1010010010
00101001010
0101010
001010010
100100100010
0010100010
1010010010
01101010
01010101
1010101
1010101
101010001
1101010
1001010
10101010
0100101010
01010010
101001010
10010101
10100101
1010010
100000101
0100101010
01001010
10101010
010101010
0101010
0101010
1010010
101010101
0101010
10101010
0101010010
1011010
00101010
01001010
1010101
100101001
1010101
01010101
0010101
1010101
10001010
1010001010
100110010
010101010
000101
01010101
0010110
1001001
0010001010
00110010
01010110
0100101010
001101001
0100101
0101010
01010010
010101010
01010010
10001010
001001010
0100101
100011
0100110
01010
0100101
01010101
100010010
10101010
01101
0100101
001001001
01010101
010101101
01010101
01010011
10100101
010101010
010101010
1010101
01010101
00101001
0101
01010101
1010101
01010010
10101010
010101000
0101101
01010101
101001
10001000010
10001010
01010101
01010101
010101010
1000101010
1010100
10001001
11010010
10001010
10101010
010101010
0101010
0101010
010101010
0100101010
0101010
00100101010
0111010
01010101
00101010
100001010
010101010
10010101010
10101010
0010101010
