100100010
10101010
0001001010
010101010
1010011010
0100100
010010
10101010
01001010
0101010
101001010
00101010
01010101
1010101
1010101
1010101
01001010
10101010
1010101
10000100101
10101010
01001010
01001001010
10000010010
001010101
010101
0100101010
0101100010
0100101010
001011010
01010101
10001001
010010010
101001010
0101101001
1010101
101101
010101
001011
0100101
10101010
10101010
10100010
0101001
1000101
100101001
0101001
0100101
0100101
010101
0101001
01001101
0100101
1010101
0101010
00101010
010101010
1011010
0101001010
001010010
0110101
0101001
0101001010
1010010
10010010
010101010
010100101
01010101
001000101
001010101
1001010100
1001010101
0101010010
0101001010
011010010
10101010
10101010
0101010010
101010010
1001010010
1010101
1001001001
101001001
10010101
1001010010
1001010
0100010010
1001001010
00101010
001010010
0101010
101001010
1010101
00100101
1010011
01010101
010010101
1010101
00101010
10001010
0010101
010101
00110101
01010101
100100101
01010101
10001010
01010110
100010101
1010101
101010010
10101010
0101001010
10001010
0100101
0101001
00110010
10101010
101001010
10101010
101010010
10011010
00100010010
01001010
01010101
101000101
1010101
01010101
1010001010
001001010
0100101
0100101001
010101010
0101001010
00101010
001010100010
101011
0101010101
10010101
10010101
0001101
10101001
00110101
0100101
1001001010
01011010
1010010
0010010010
0101010010
101010
1001001
00100101
10100101
1000100101
10001010
1001001010
1010101
1000100101
0101010
01101010
10010101
01010101
10010101
010010101
0001001010
101000010
010100010
00101010
0101010
010110
000101010
0101010010
001101
00101010
01001010
01001010
0101010101
1010101
0101010
00101010
010110010
00101010
0010101
101001001
01010010
01010010
0101011
0100101
0101010
0101010
01001101
01010101
001010010
1001010
01011001
100101
010011010
10101010
10101010
001001101
0100101
0101010
101010101
10101001
10101010
10100010
1001010010
000101010
01010101
01010101
01101010
101010010
01001010
0101010
01010101010
1010010
101010010
101001010
01000010101
0101001
1001010
00101010
001001010
00101010010
010101010
10101010
