100100010
101001010
10101010
010101010
1010011010
0100100
0101010
00101010
01001010
0101010
101001010
00101010
010101001
101001001
1010000101
101010101
010101010
10101010
001001
10010101
10101010
10101010
001001001010
10000010010
1010101
10101
0100101010
010110010
001001010010
001011010
01010101
10001001
010010010
00100100010
010101001
0110101
0101101
01010101
1000001001
10100101
101001010
10101010
10010110
010101010
010010101
100101001
01010101
01010101
010101
0110101
010101001
10010101
01010101
0101101
010101010
10101010
0100101010
01001010
01010100010
011010010
0110101
01010101
010100010
101010010
10011010
0101001010
010100101
10100101
001000101
001010101
001010101
1001010100
0101010010
01001010010
00001010
010101010
1100101
01010101
001010010
10101010
0101001001
0101101
010011010
00001010
10101010
001001100
001010101
1100011
10100101
10101001
10101010
10100010
1001010010
010101010
011100101
01010101
010101010
001010010
01010010
10101010
01010101010
0101010010
0010100010
001001010
0101010101
01010101
10100101
0010101
0101001010
1010100010
0101010010
01001010
