1010010
010101010
100101010
01010101
0100101010
001101010
01101000010
000101010
010101010
101010010
1010101
0010101
010101010
010101010
0001010010
10101010
010100101
00110101
010101010
010001010
010101010
010101010
101010101
101010101
101000101
0100100101
00101010
1001001010
01001001010
1001010010
1010101
0101001001
100101010
100101010
0110101
010101
10101001
10100101
100101010
0100101010
100010101
001010101
1010101
01010101
010101010
1010101010
101001010
10001010
0101101
100010101
1010010
10101001
100101010
010101010
10010101
001100101
0010101010
10101010
0101010
01010101
0010101010
0101010010
10101000110
01101010
01010010010
010101010
00101010
00101010010
010100010
01001010
