010101010
0010001010
101001001
010100101
00110010
100010010
100100101
01010101
011010010
0101010010
010101001
100010101
1001010
010101001
010101001
10100101
00101001
00101001
0101001001
100100100
100101001
1001101001001
00000101010
100010010
01010101
001001001
0000101001
10100101
0010010101
1001001001
00100101
0101001
0000101010
1000101010
10010101
010010101
1001101001
00101001001
01010101
010100101
1000101010
0010001010
10100010100
0010001001
01010001
1010101
0100011010
001001010010
01001001
01010101
10101010
00101010
010101010
0101010010
00110101
01010100
010010101
0010101
0101001010
1010010
00110101
010100101
010101001
0100101
0100101010
0101010010
1010101
10010010
0010010010
010010101010
01001000101
10100101
101000110
1001010010
1010101
1010101
101010
01010101
10001000010
100101010
01010011
10100100
010101010
0010101010
0101010010
001001101010
0101001010
10001000110
1010010010
0101010
0101010
0101010010010
001001010
01001001010
01001011
0101010101
10010101
01010100101
010010101010
1001001010
010010101
010100101
100101010
010101010
0101010101
0101010101
0010101010
0010101010
1000101
101010001
010101010
01001001010
1010101
0100010101
00101100
10101001
010101001
10101010
100100101010
010101010
100100100010
01001010
010010010010
0100101010
00010101010
10101010
10101001
0010101
10010100010
0100110010
101001001
01010101
00100101
10100001001
00101001
01000101
01010101
01010101
0010101001
0011010
1010101
1010101
0010101
010010101
01010101
0101011
1010101
010001001
1010101
101010101
01001001010
100010101
10101010
000101010010
010101010
010101010
001010101
010010101
01010101
01001001001
0101010010
10010010010
001001010
1000010110
01010101
0001010101
10010101
101001010
000101010010
101010010
00010101
001001010
101001010
10101001010
10010000101
0101101
100010101
01010101
0010001001
010101001
00101000001
1010101
100000100101
010101001
01010101
101010101
00010010
10101010
10010101
010100101
101001
1010101
101000100
10100001
10010010
010101010
1010010101
1001000101
0010101010
10011010
00100100010
100101010
101001010
0100101010
010101010
001001001010
001010101
010100101
001010101
01010101
100101010
10010010
010101010
00101010
1010101
101001010
10101010010
10101010
0001010010
0010001010
00101001
0100101001
1010101
100100101
10101001010
01010100010
00100010010
010101000010
1010101
00101001
100011001
01010101
10010010101
101001001
1000101001
0100100101
10010101001
001010101
001001010010
10101010
01000101010
00000101010
10101001
1010101
010010010
1000101010
101010101
101010101
1010101010
1010010
001010001
010101001
0101001010
010010010
1010101010
010001010
100100101
1010101
010101001
100010101
10100101
001101
01010001010
0000101010
010101001010
0111010
01010101
010101001
001001010
1011001001
01010010
10101010
0001010
010101010
1010101
001010101
1010101
00100101001
001010010
00101010
01010101
010101001
010101001
10010001001
010010101
0101001
0110010001
1001010100
10100010010
0010101010
01010101
0100100101
10100101
0101001001
10100101
11010001
00101010
1000100010
00001010010
001001010
001001010
0010101010
010010001001
010101000
1001010011
0100100101
0010100101
10101110
0100101010
0101001010
01010101
01010101
1000100101
01010101
01101010
10010101010
010101010
10101010
10100100
10100101
010010010
010101010
01010101010
100001010
1000101010
0101010010
010100101
01010101
00101001001
0010101000
0100100101
1001001001
0101010101
01010101
01010101
100101001
00101101
01010100
1010101
0100101
01010010101
0010100101
1001010010
100100101
1001010010
10101001010
01001010010
100100010
100101010
010010010
010100101
0111001
10010101
01010101
010101010
10101010
0101001010
0100101010
0100101010
00100101010
01011001
0010010101
1000101
010010101
1010000010
101001010
0100101
10100101
01010101
00001010001
100011010
0101001010
0101001010
101001010
001000101
1010101
100101100
01001011
1001010
100101001
01010101010
01001010010
01001001
10100101
001001010
0001010010
10101010
10000101010
010101010
0101001010
001100101
0101100101
001000101
00010010101
001000101
0010101
10010010010
00111010
01010101
10010101
101010010010
0101001010
00100101001
010100101
100100101
001010101
010010101
1010101
01010101010
0010101010
0101001
010101
0101010001
010010101
01010101
01010101
010010010
0000101010
0100101
01010101
0101000101
1010101011
000000101001
001010101
100101010
10001010010
10010101
001010101
00101010
101000001010
0010101001
001010101
010101010
0000101010
10100101
010010101
010010101
01010101
1010101
101010101
101100100010
0010101010
0100101
011000101
10001010000
1000100100
0100101010
010101010
100101001
0010001001
1000101
1010101
000101010
1010011010
010100101
01010101
1000101010
010101010
0010101001
01010101
01010001010
10001001010
10000100010
0001010001010
10010110010
0001010010
01010010101
0110100
0101100101
1001010101
01010101
0101011
0101010101
01001010
10101010
101010010
1001000101
010100100
0001010
01010101010
010001000100
0101010101
010010101
00101001010
10100101
010010101
10101001
010010101
0101001010
0010110010
001001010
10000101010
010100101
01010010101
1001100101
01001001
100101010
10101010
001010010
010101010
0010001010
10100010
10101010
01001001010
001010100
010010101
0000101001
0101010101
010101010
10000101010
0010101010
010101010
10100101
1000101001
0010101
0010101001010
101010100
010110100
0000101010
001010100
010011010
010101010
10101010
000101010
1010101010
00100101010
01001010010
001001010
1010101
10010010001
00000001010
00101010
00100010010
0101010010
000010100010
10101010
10010101010
010010010
010101010
00100101010
00101010
1001010010
010101001
01010111
100010001010
10001001010
00100101010
0010101010
0000101010
010101010
0101001010
00010101010
101001010
01001010010
01010101
10100101
1001001001
100101001
0100101001
01010101
010011001
001010101
010010101
000101010001
001001001010
0101001010
00101010
101001010
010100101
0100101001
0101010010
1000100010
000101001010
1001001010
0101001010
100100010010
100010101
100100001001
010010100
010100101
1001001001
001001011010
0010100101
1010010101001
01001001010
0110101010
0001000101
010010001
01010011
0100101001
010100101
0101010
0010100001
001010101
1001001010
00101010
0101010101
010010101
0101010010
10010010010
010101001
00100101001
00101010
01001010
0010101010
1001010010
10010101001
010110101
101010101
00100100101
0101001010
01010100010
000101010
00101010
00101010
1001001010
010010101
0101010101
01010101010
1010101010
1001001000
10010101
010011010
01001001010
10000100101
0010101001
010101010
010100010010
1001101
100101001
01010101
100101001
10100101
0110101
0101000101
01010101
010101001
1010101
10100101
10010101
10101001
1010101
001001001
1010010101
0101010010
101001010
10010101
01001101
00100011
10001001
00101000010
10101010
10101001
00101001
100101001
0001010000
01010101
1000101001
001100101
100010100100
00101001010
010010010010
1010101
100010101
00101010010
10010100010
100100001
101000001
0100101010
100101010
01001001010
10101010
10100001010
1001001010
01001010
0100101010
100010101
100100101
001010101
00001001001
010101010
0101001010
10100101
001010101
0010101001
10100100100
001000101
010101001
1000000100010
101001010
00100010010
10010101010
010100100010
00101010010
10010010010
010101010
100011001
10101010001
01010101
0101010101
01010101
001001001001
01001010
10101010
10100101
001000100101
0010100101
010010101
01010100010
10010010
0100101001
100010101
1000101000
00101010001
10101010
010101010
0100010101
100100101
011010010
1000001010
010010101
001001001
01010001010
01010010
010101010
01010101
100010010
010001010
100010101
100100101
0011001
001010101
1001001010
010101001010
1011000101
0100101001
0101010010
0100101010
001001010
0001001010
010101
001011001
00100101010
001001001010
1010101010010
0100010010
1000101010
0010101010
001101010
001010010
01010101010
0000100001010
010101001
00000101001
00101010
1001001010
100010101
1001001001
01010101001
100010001
1000010101
010010101
001000101
1010101
100101010010
10101010
00110001
01001101
1010101
0010100101
101001001
01010101
0010010010
0101001010
1010010001
001001001
1010010101
1010010101
0011010
010101010
100100101
010101001
010001010010
00101010
010101001
101010101
101000101010
010101010
0100101001
00001001
01010101
010100101
01010101001
01010101
10010001001
100001001
01101001
01010101
001001010
0100101010
1010101
01010010
00100001
0100001001
01001010
0101001010
101000100010
0100101010
010101001
0010000100
001001010
0000101010
010101010
000101010
100100101
001010101
010101010
1000001010
10101001
10100101
0010100010010
0010101010
001010010
0010101010
0101010100
101010010
0010101010
001001001010
0100101001
01010000
001010101010
1010010010
01001001
01010101
0010010101
01010101
00101001010
010101010
1010001010
10101001010
00100100101
100101001
10010010
1101101
01010101
10101010
010101010
001010010
010100101
0010010101
010100101
0101001001
1010101
10000101001
0001001010
1010001010
00101010
01010101
1010101
10010101
10101010
10010101001
10000101010
0010010010
010101010
0100101010
101001001
01010101
10101001
1001010101
1001000101
01010101
10100101
01010101
101000010
100101010
01010101
01001001
00100100101
1010101
01010101
10100101
00100010100
01010101
00100001
0100101001
1010101
10100101
10101001
010101001
00100010100
01010101
010001010
0101010
1001010
100100010
0100101010
01010101
010101010
010101010
100010101
01010101
010011001
01001010
10101010
0100101010
00100101
10010100001
101001010
010100101
10101010
0010101010
010101010
010100010010
01010101
01010101
0100101000
010101001
01000100101
1010101
101001010
01010010
0101101
01011010
010100101
0101000101
10101010
100010110010
10100101
010101101
1000101010
10101010
100010101
1000100101
01010101
10100101
1001000100010
0101001010
101001010
100010101010
010101010
0101010010
001001010
0101010010
100100101
1001010001
0110101
0100101001
010101001
10100001
0010010010
010101010
000010101
1010101001
010101010
000101010
01010101
1010101
01010110
0010101010
10010101
010101010
010100100
01010101
1000100101
1010101
010100101
01010101
001010101
01101001
010100101
01010101
101000010
010101010
001010010
00101010
01010101
1000100101
0101011
010101001
0101010010
0000101010
00101010010
100110010
01010101
00101000
010101010
0101001010
100101010
0100101010
00101001
010010101
1001101
0100101001
1000101001
00100010100
01010101
0100100101
1001010010
0101010010
01010101
0101010101
001001010
100101010
01010101
010010101
1010101
01010101
0101001
1010101
10101010
10001001010
001001001
10101001
1000101010
01010101010
0010101010
101001010
0101010
00101000010
00101010
010101010
101000101
01010101
10101010
10100110
01010101
01001010
10101001
100010101
01010101
1010101
0101010101
10010010
101000101
001001101
10010010
001010100010
010101101
1001100
10100101010
101001010
01010101
01010101
10101010
1001001010
000101010
10010010010
010100101
01010101
001010010
1001010010
001001001
100100101
0101010010
0100101010
000010101
00100101
0101001010
100101010
10010101
01010101
101010010
10101010
001001000
1010101
0111001001
01010101
10100101
0101001101
01010101
0010010101
0010010101
10100101
10001010010
10101010
0010110010
0010101010
01011001
101001
01101010
0101001010
10100101
0010100101
0001010010
1001101010
1001110
01001001010
01001101
1011010
0101000101
10100101
010101010
00101001010
1001001
010010101
001010101
001001001
100100101
010010110
00100101010
011001010
001001001
010101001
010101010
010101010
10001010101010
0001010010
1010101
01010101
1001001
101010
100101
01010101
01010101
10010101
01000101001
10010010
010010101
01000101
00100001010
0101010010
001000000101
10100101
0011001001
010100101
0101001010
01010101010
10010010
010100101010
0101001000
01000101010
0100101010
01010101010
01010101
010101001
10100100
10010100
01010101
010010010101
01010101
1010101
100101010
100101010
00101001
010100101
101010100
01001010100
001100101
0100100101
1000100101
001000100
01001010
0100101010
1000100101
0100101
0101001
010100101
100010101
101001010
010010101
01001001
0100101010010
00100101010
100101010
10101010
001000010010
10101010
100010010
010101010
10100101
1001010100
010101010
101001010
01010100
10100101
010011010
01010010
10100101
01010100
1010101
101000101
101001010
0101001
101001010
10100101
010110101
010101001
0100111
0101001001
001011001
100010101
100100010
10010101
0010101
1001001
0100101010
1010101010
1001010110
0010101
0001010001
10101001
00101010010
10000001010
10100101
010100101
10001010
010101010
10000101010
100101010
0101000101
01110101
10010101010
010101010
0101011010
1010010100
0010101010
1001010010
100101010
100010010
01001101
0010101
010011010010
00101010
1000101010
100101010
10110010
010101010
010010101
01010101
101010101
01010101
0001001010
0000101010
00101010
01011010
01010101
010101001
10100110
010100010
1000110010
10010010010
01010101
01010101
0101010010
01010100010
0101010010
11001010
0010101010
010101010
0001000101
010100101
01001101
010010101
00101010
10100101010
101010101
01010101
100100101
110100101
010101010
1000101010
10101001
10000100101
010101010
0010101010
01010101
10100101
1000101
100100101
0000100101001
0000101001
1001001
11010101
001001010
0010010010
1001001101
010100101
10100101
001100101
110101001
0100010101
0101010101
10100001001
0101010010
00010010010
00100101
001100101
010010101
00101010101
10010101
1010101
10100101
0101101
100110010
010101010
010010101
010100101
010101010
0100001010
001001001
0101101
10101101
10100101
00010010010
100100101010
010101010
001101010
10010101
10100101
10101000100
010101010
010010101
1010010100
100010010
000101010
00110101
00100100101
010100101
001010000
0100001010
100101010
010101010
101001010
00100101010
010101010
100101010
10101001
001010101
010100101
010101010
10010101010
1010100001
01010101
01010100101
01010101
010100101
10101001
001001010
0010101010
010101010
1001000100
0101001010
10010010010
010101
01010101
01010100
010010101
010101
100010101
001001010
10001001010
010010101
101001001
10101010
010001010
01001010010
010101010
100101010
100101010
010010101
10100100100
1000100010
010101010
01010101
101100101
100010101
01010010
00101001000
100010101
00101001
0101001001
0101001010
101001010
0010010010
0101010010
100010010
10101010010
0101001010
0100110010
0110011010
00101010
01010010010
00100101010
010010010
10100101010
1010101
10100101
0100101010
0000001010
0101010010
010101010
0100101010
10101010
10101010
0000101010
010010101
10100101
100101010010
01001001010
10100101
01010101
00101001
0010100101
100100101
01010101
0101010101
01001001
0101010100
0101000101
10101010
1000010101
010101010100
0101001001
1010010010
0010101010
0101010101
100100001001
1010101
010010010
010101010
0101010010
10010100010
00010100010
010100101
01010101
0101010010
10101010
010101010
1001001010
01011010
10001010010
01010101
1010000101
010100100
01010101
100101010
01010101010
011101001
01010101
01010110010
010101010
0100001010
0101010010
0101001010
0010010010
1011100001
10001010101
10101010
101010010
00101001
10010101
100010101
010010101
0100101010
010101
011001
01010101
0010010011
0010101001
10101010
000101010010
101010010
10101001010
01101001
0101001001
010101010
0100100010
101001010
001001001010
10010101
0101010101
0101010001
10100101
10101010
0101010101
01010101
00100100101
000101010
101001010
01001001001
010101001
0101010010
10101010
00010101
0101101
0100001010
10101010
100101010
010100010
100101000
1000100100
101001010
010101010
010101010
10101010
10001001001
1001001001
100010110
1001001010
0101001010
1010010010
01010101
100010101
0101010
010101001
10000010010
10101010
101010010
0010001010
0101010
00010010010
101010010
1010101010
001010010
100101010
000101010
0010101010
000101001010
01010010
0010001010
01010010
100010101
01010101
010101010
0101010010
10011010
010111010
1010010010
10100001010
010101010
001010010
0101010010
01010101010
1001010010
1001001010
0101001001
01010101
01010010
0101001010
010001010
010101010
1010101
011001010
000101010
00001001010
0101001010
001001010
1000100101
101010101
010101001
001001001
01010110
10101010
10010101
00101001
0101010101
1010100
1010101001
0010101
0001010010
010101010
01010101
01010101
1010101001
00101001001
01010101
010100101
01011001
1010110100
10100001
101001001
100001001
0101011
10010101010
0100101010
100101010
10001010
100001001001
0001010101
10110010
10100100
01010101
01010101
0101001010
01010101010
0101001010
0101000010
0010100101
1010101
01010101010
010100100
100101010
10101010
100101010
1010001010
1001000101
1010101
10100101
010101010
1010101
10101001
010101010
1010000010
100101010
1000100010
001010101
1010110
1010101
010010101
01001001010
100101010
10101011
00110101
1001010
0100100100
011001010
01000101010
101001001
100101000
0100101010
010101010
10101001
01010100
100101010
0010101010
1010000101
1010101
100101001010
001010001
0010011010
10101010
100100010100
10010010101
01010100101
01010101
00101010010
1010101
0010100010
0000101010
100100101
01010101
1010101
1010100
001000101
010100001
10010101
010011001
100010101
0100101
0100101101
0101001
100101001
0000110100
0101010001
10100101
010101001
101000100
001010101
01010100
0101000001
001100101
0101010
010101010
101001010
01010101010
0010100011
01010101
010101010
1010101010
00101001
010010001
0101001010
0010101010
0010101
0101010101
0101010101010
010101010
01010101
0101010101
01010010010
10101010
0110101
010010101
10001010
0101010
1011011
1010101
1001001010
10010010010
1001001010
01001010
0100100101
001010101
0100101001
0101001001
01010010010
0100101010
10010101
100100101
010100001
01010101
0100101010
010101010
010101010
0010101010
0001010101
10010101
1000100011
01100101
100010010
010101010
1010101
010101010
100101001
0100101001
010100010
00010100010
0100101010
011101010
100100010
0010010010
1000101010
100101010
10100101
010100101
001010010
000101010
0100101001
10010101
101000101
001000101
001010011
1001000001
1010100
0110101
100101001
010101001
010101010
0101010010
0110101
0100010101
10100101
1010101
000101010
10101010
0101001010
00101010
100010101
1000101010
1010011
10010100101
00101010
0101001010
010101000
0100100
10010101
01001001001
01010101
10100101
010001001010
1001001010
10010101
010010101
0010110101
01000101
010101010
0010101010
10001001000
001000101
0000101010
0101010010
10100101
010100101
1010010010
1000101010
001000101
010010101
010001001
1001010100
0100101010
100101010
10101010
010101010
0101010
0101001001
1001001001
010101001
01010101
010100100
010100010
01001010
10100101
0101101
0101010
10100101
00001010010
001001010
01010101
1011101
101010010
100101010
100100001
01010101
100001010
0100101010
10100101
0100100101
001010010
101001010
001010010
010101010
01010101
01010101
0010101001
010100101
0100101010
0010101010
010010101
10101001
10010101010
0010101010
10010001010
0101010010
1001010
100101010
010010101
100010101
01010101
010100101
001000101
01010101
00000101010
0100101010
101001010
00101010
1010101
010100101
10000101
100100100
01001010010
01001010010
010101010
100101010
010100101
00010101
0101010000
10010101
001010101
1000101001
01010101
0101010101
0101000
100101010
100110010
1001001010
1010100
01010101
001001010
0101001010
1010101
00100101
010101010
000101001010
10000101
0101010101
101010010
100110010
001010010
01001010
010100101
001010101
100001101
01010101
00010101
1010101
001010101
01010101
101001010
0001000101010
0101001001
0100101001
0101010001
1001001001
100010101
00010001001
01010010100
001010010
00101010
100101000010
010101010
1000001010
10100101
1010101
101001010
010101010
0101001010
100100010
011000101
1001010010
01010101
10100101
1010101
100010101
10001001010
10101010
0101001010
000100101010
0101010101
0100110101
1000010101
1001000101
10010010
0001010100
10010010001
101000101
0101001001
1010101
101010100
100101001
1000101010
01010011010
010101101
01100101
001010101
010100101
1011010010
0110001010
01010101
1000101001
00101010
0101010010
010010101
10001001
010010101
00010010101
0001001010
010100010
1010101
01001001
010011010
01010101010
101001010
0100101010
10100100
01010101
0010001001
01010101
0101001010
0010010010
10001010
010101010
01010101
10100101001
01101010
0101001010
101001001010
00010010010
1010101
100101001
01010100
001010101
01010100010
00000101001010
100101010
001001010010
0100101010
10001010
0010100001
01010101
0101010010
00101001010
001001001010
10101010
01010101
00101010010
00101001010101
100100101
010101001000
010100101
0010100101
0100100000
01010101
01010101
010101010
0100101010
001010001
01010101
00101010
10101010010
00001010
00100100010
010101010
100000100
100101010
10101010
0010101
101010101
0111010
00100101010
1000100010
100101010
0101001001
0010000101
010100101
000101001
00100101010
0101001010
10010101
0100110101
10010100
010101001
001001001010
0110010
01010010
100000101010
010010101
10100100
001010101
010101001
010010010
10001001010
10000100101
0010100101
10101001
010100101
0100101
1010101
1010101
101010101
001100100
0101001001
010101001001
010100101101
10100101
0101001001
0101101010
001010010
00101010010
0100101010
00100010
010110010
000101010
1000110010
0010100110
0010101010
010100101
010101000001
10100101
00101010001
0101101001
10101001
0100100110
010100101010
0101010010
100100101010
10101001
00101001
010101010
10100010010
0101010001
01100101
01010101
0101101
00101010
0001010010
0100101010
0001001010
100101001
010110101
1010101
00100101001
01000010010010
010101010
1000110101
10000101001
1001101
1010101
001010010
00001010010
0010101001
01001001001
010011010
010101101
100010010
001001010010
0010010101
1000101001
010100101
01001001001
01010100
1001010101
0010000101
0100101001
0101010101
1010101
10000101001
0010101
1001010010
01010101010
10101010
0100101010
0100100101
000101001
01010101
0101001001
001010010
01010010
001001010
10100101
00111001
00101000
00110101
010100101
01100010
001001010
0010101010
10101010
0101010010
10101010
10100101
010101
100010101
10100001
1001001010
100101010
0101010
10010101
010110111
10100101
0101010010
01010001010
1010101
0101010
0101010010
0100101010
101010
1010001
010101010
01101010
1001010010
010101010
0001001001
00100101
00101001
10100101
00100101010
10101010
1010101
1010101
010010101
010000101
0101010
0101010010
0101010010
01001010010
101001010
0100100010
00100101
10100101
1010101
010101001
0100101001
10101001
01010101
01010101
0100100101
1010100101
1001001010
0101001010
010101001
001010101
001000101
010010101
0100001010
101001000010
0100110101
010100101
01001001010
01010001010
00101010
1010001010
010101010
0101001010
001010101
0010010101
010101001
10100101
00101010
10010010010
0101001010
00100101010
10110010
001001010
101010101
010100101
010010010
10010101010
0010101
10100101
010010010
0101010100
10101001
1000010101
010101010
010010101010
01010101
0010010001
00101001010
0010010101010
1001010010
101010010
010100101
10001000
0011010010
1000101001010
1001001010
0100000010
1001010101
100101001
0100101010
0101010010
010000101
01010101
1000101010
0100100110
010101010
00101001010
10101010
0010101010
00100101010
010101010
010101010
0101001010
100010010
0001010010
10001010010
1010101010
010101001
10010100100
1010101
010100101
01010010001
0101010101
1010001
01010101
0100101
011010000
001010101
1001010101
01010110
010101010
10101010
0010010010
101001010
1000101010
0100101010
0100110010
1010101
100010101
1010101
001010101
100001010
1000010100010
001010101
010010100
01010101
01010101
10010010101
1010101
001101010
00010100010
101000101
101001
10001010100
100010101
01010101
001010101
01010010
10101010
00100010010
001001010
100101001
001000101
100010101
100010101
0010010101
01010101
0101010
0101011
010101001
001010101
0010010101
1010101
10010101
00110101
01010101
1010101
1001010101
010100101
010010100
010100101
1010110
01010101
100010010
10101010
010010101
1010101
1001010010
010101010
01100101010
0101001010
100010101
010100101
10101010
0010100010
100101010
1001010010
101001
01010101
0101011
001001010001
01010101
1001000101
001000010010
010101010
1001000001
01100101
0101010
00100101010
101011001
010100101
10010101
010100101
00101010
010101000010
101001010
01001001010
010101011
01010101
10100101
10100100
1010101
10101001
0101010010
101001010
0010101010
100000010
01010101
1010100
0010100100
01100101
0100101010
010101010
10001001010
0001010101010
101010101
00101101
0100101001
010010101
0100101001
0100100100
01010101
01010101
010101010
0010101010
100101010
10101010
01010100010
010101010
1010101
010100101
0001001010
010101010
010101010
010100110
0100101010
100101010
010100100
1010010101
1010010
010010101
10101010
001001001010
01010101
010101001
1000100010
0100101010
010101010
0101001010
00110100
01010101
1010101
0101000101
001010010
101010010
100100101
10101001
1001000010
010101010
01001101
0101001001
000010101
100000101
100000101
010010101
101010010
010101010
1010101
010101001
000010100
01010101
100010001
010010111
001010001
01010101
001010101
1001100001
10010100010
1010101
10001010
010101010
010101010
10001010010
00001001
010100101
10100101
01010010
100101010
1000100100
1010101
01100101
000010010010
010101010
0110010
01001010
01010101
01010101
101110
01100101
101001010
01010110
1010001010
00110010
01011001
10100101
0100101
01100101
010101010
010101010
0100101
100010101
01010101
0111001
0010100101
10001101
1000001010
010101010
1010011
0110101
001010101
1011001
0011010
0101001010
1000001010010
0101001010
01010101
1001101
0110101
1000000101
00010001010010
010101010
1001001010
011010101
01010101
00100101
10101010010
00010001010
0010011
010011001
10101000
01010101
10010101
1001000101
10110101
1001001
010011001
00100101001
10101010
100101010
1010011
101011011001
10010100101
01010101
001010101
1001000101
01010101
0100100101
0100100010
0101001010
010010101
01010101
101000101010
00101010010
0101010101
01010101
01010010
10000101010
1010101
10010101
0101000001
100010100
001010010
0100101010
1010101
00100010101
1001001010
001001010
10010101001
1000010101
0100100010
000101010
010101001
1010101
010100101
0110101
010101010
10000101010
1001001001
1010101
1010101
1010101
0010000101
0101101
10010100001
1010101
010100101
10010100100
0000101010
010101010
010101010
100101010
101000101
01010101
10101010
010010101
0111001
100000100
1010101
0001010101
010101001
10101001
010101001
01010101
100101001
001010101
010100100
100010101
101001001
01010101
001001010
0010001010010
01010101
1001101
1001000101
00010101
101000101
101001001
10100110
01010101
0100001010
01010010
100010101
010010101
000010010010
010101010
100100101010
100111010
100100100
1010101
00101101
001010101
00100101010
1001010010
1010101
100100010
01010101
0010101
100101001
1001001001
01010101
10101001
010101010
10001001010
10101010
01010101
0100101
01010100
01001001
0101101
1010101
101101010
01010101
01011001
100010101010
010100101
001001001
001010101
1010101
01011101
0010101010
00101010
010001010010
0101001010
01010101
10100101
01010101
01101001
0010100101
0101101010
1001010010
01011000010
0010101010
001001010
010101010
00010100010
10001010010
010101010
0101001
0101010001
10101010
0010101010
010101010
01010101010
10101010
00101001010
00101010101
1010101
1010111
100010101
01010101
01010101
10100001
01010101
000101001010
10101010
010101010
1010010010
10100101
001010101
0100101010
010101010
01001010
0010001010
001010101
1010000101
0100001001
0010100101
10011010
10101010
1001010101
00110101
10101010
01101010
01001001
00100101001
0100101001
0101001
010101010
0100010010
00101010010
101001010
1010101
01010101
10100101
01001000101
101000001
1010100
1010101
101000101
0010010010
1001010010
01010101
1000101001
10010101
0100101
10101010
101001010
0100101010
001001010
0010100101
1010001
0101111
00101010101
001001010
010101010
1001001001
1010101
010101001
1000101010
01010101001
100101
010101
0101101
010100101
010100101
101010
10100101
1001010011
1001010010
01010101
1001010101
100101001
0110101
0101001010
0101001010
0100101010
0010101001010
1001010101
010010101
10011010
000101010010
0010101010
0011010010
10100101
10001010001
010100101
0010010101
10100101
101001101
100010100
01010101
1000101010
010011010
0101010010
10101010
01010101
01010101
101010001
010100101
01001010010
0010001010
10100101
00100010101
0100100101
010101001
0101010010
01101010
0110101
10100101
0010100101
010101001
1010101
010001001
010010101
010100101
0100100101
00100100101
0101000101
0101101
1010101
1001010101
1010001000
0100100101
1001001001
0101010101
0101010010
10000101010
010101010
1000010101010
10000101001
101000101
00101010
01011010
01101001
000010101
00100101010
010010010
010010001010
00100001010
100010101
0010100101
00101100
101001001
100101001
010100101
1001000101
010101
0101010
0010101010
1010010010
101001010
100010001
0010001001
01010001010
00101010
10100101
1000001001
1010001010
1010101010
10101001
01001001
0101010110
100101010
01010101
0010101001
0101001010
101101010
0010100001
100101101
01010101010
0101010010
0101010101
101001001
01010100
100100101
01010101
1000100101
10101010
100101010
010010101
10100101
01010101
010100101
0101011
101000101
1000101010
100101010
10101010
011100010
00101010
000101010010
001001010010
0100100010
010101010
010100110
0101001010
010101010
10100101010
010101010
101010010
10001001010
00100101010
10101010
10010101
010100101
010010100010
00010101010
10101010
0010101010
0011010
0101000010
00101001010
01101010
01001001
100100001
0101010010
100110010
1010010101
001001001
010010101
100100101
010101010
10101010
0101001
010100101
0010101010
0100101010
01000101010
1001001010
0100100100
100100101
01010101
01101011
00101001
01010101
10100010
01001001010
010010100
0110101
101001010
0101001010
01001010010
0101001010
0100101
000010110
10101010
001000010
100010100010
001001000010
0010101010
0010100101010
00101001
01010101
10010101
01010101
00100101010
001010010
0010010101
01010101
101010010
10011010
100101010
0010101010
010101010
101010010
10010101
011011
10101010
1001010010
10010101
01010101
00101001
001010001
00100001010
110101010
1010101
1010110
001010010
010101010
01001010
000101010
010100101
01010101
10010101
01010101
10101010
10101010
100100100
100100101
0010101001
101010101
001010001
100101001
1001000101
10000100001
0101001010
1011010
1010101
10101001
10101010
010100101
100100101
10101101
001000101010
001010101010
0101001010
10100010
01010101
100101001
0101010101
010010101
01010101
010100101
001000010
1100101010
00100101
10010101
01001010
000101010
10010101
010101010101
010101
100100101
00101000101
010100101
100100101
1010101
10010101
100010101
001010101
01010101
010101010
010101010
010010010
10010010010
10100101
01010101
010101
100000101
010101010
0101010110
0010101
0001010
0010100001
0100100101
10101010
010101010
10010110
101001010
100010101
010010001
101010101
0010010101
101001010
0010101010
1001011
0101010101
000101010
00101000010
0101000101
0101001
01010100110
1000101010
000101010
010101010
01001101
0001010101
0010010100
100010101
10101010
010101010
101001001
100101001
01001001010
0010101010
1000010010
00100001010
010101010
010010100010
00101001
1010101
0010010101
01010101
100101010
1010001010
100010101
0010010101
0101100010
001010010
01010101
1010101
001010100
0010101
010101010
0000101010
0101010101
00100010100
10101010
01010010
010101010
0001001010
0101001010
10101010
001010010010
101001010
010101010
10100100010
101001010
0101101010
01010101
010010101
010100101
0010010101
1000010010
10101010
10101010
01010101010
0101001
0101001101
01010101
001010010001
100101001
1001010101
10010010
01001010
0010001010
0100101010
01011000
0010100101
01011010
1000101010010
00100101
10010101
10100110
10001001010
010101010
0100101010
101001001
1010001
001001010
001010010
0101001
100101001
10100101
01010010
010010010010
010101010
01100100
010100101
01010101
0101010101
1010101
0101100000
101000101
1010101
100101010
010101010
010010101
01010101
000010100010
01001001010
01010101
010010101
10100101
1011001
01001010
010101010
1001001010
10010101010
01010101
1010101
0100101
001010101
010100100
10100101
101001001
01010101
100010101
001000101
001001010
1001001010
01010101
10100100100
0101010010
010101010
1000001010
101001010
1010101
00101001
1000100101
10100000100
01001010
101001010
10010101
1001101000
1000100100
1001001
010101010
10001010010
1000101010
0101001010
10101001
101001011
10001010
010010010
1001010010
101001010
000010101
01100101
1010101
010101001
00110010
01010010010
010100010
10101010
0100101
010101001
100010101
101001001
10100101
10001001
010010101
1010101
1000010101
0000101001
010100101
1001010001
10101010
10000101010
1010101
01010101
010001010010
010101010
1010101
1011010001
0010101
00010101
01010101
10100101
100100101
01010110
000001010010
1001001010
101001001
0010010101
01001001
0010101
100101010
1000100010010
010010101
100010101
010111001
010100101
101010101
0100101
1010101
001000101
010101010
100001010
010101010
101001010
01001010
01001010
01001010
0100101010
10101001
1010101
010101010
01010010
1010101
01010000
010101010
0100101010
010101010
1001001010
0100101010
00110010
100101010
00010101010
101001010
1001001010
10101010
1000001010
101010101
1010101
10010101
01010100101
1000101010
101001010
100010001
1000001001
0101001010
10101010
101000101
1010101
010010101
001010001
1000010101
01001001001
001001010
0101001010
01010001010
0101010010
00010100
1000100100
1000110001
01010001
010101010
0100101010
010101010
110101010
101010101
00010100
010101010
001001010
10101010
010101010
1010101
010101001
01010101
001001010001
010101010
00101010
01010101
0100101
100101010
01010101010
001010010
00101010
101010001
1010100
101000101
101001001
1010101
0101010001
10010101
01010101
101001010
010100010
1010000101
01010101
0100100100
100100101
10100101
01010101
1010111
01010101
10010101
10011011
10101010
010101010
10101010
100101010
10101000010
01001010010
0010101
001000101
001001010100
00100010101
10101010
0101000010
101001010
1010010
1000101010
00000101010
1001001010
01010110010
101001001
10010101
00001101
101010101
0010100010
010001010
001010010
10010101
0100010010
00001001010
01001001
10101001
1010001001
1010101
0100101
01010101
010101010
00010101010
1010101
0110101001
10101010
000101010
1010101
100010101
010100101
010010101
100101010
00101010
1010101
10100101
0001010001
001010001
0010010101
1010101
11011010
001001010
100101010
1001001010
1010101
101001001
100100101
001010101
1010101
10100100
01010010
0010101010
10100101
0010100100
10010101
10010010
10101010
101001010
010101010
101001010
00101010
010101010
01010101
01010101001
10001001010
00101010010
001001010010
10101010
01010101
0100101
100101010
01000101010
100101001
1001001010
0100101010
01001010010
001010010
001010010
010100001
0101000101
100010101
100010101
1000101010
010100001010
01010010
1001010010
01010100101
01010101
000001001010
010101010
001001001010
1000001010
01001000101
0101010
01000101001
010100101
00001010
010101010
01010101
01010101
01010101
1010101
101001010
100101010
001010101
010100011
0000001001010
10101010
10101010
0100101010
0101000010010
100101010
010010010
00010101010
10101010
00110010
0100101
0100101
