1001001001
101001
10100001010
0110010010
10001010
0101001010
10101101
001001101
10101010
0010010010
0010101
010101001
0010101001
10010101
00101010010
10001001010
10010010
1001010
10001010
1000101010
001010001
001010101
100100101
100100101
001010101
01010101
01010101
01101001
10100101010
10101010
010010010
10101010
0110101
010100001
0100100101
01010101
01010101
001001010100
0010001010
00100001010
10010100010010
001001010
0101001010
00101001010
01001010100
1001001001
001010010
010101010
10101010
100101010
0101010010
01010010
10101010
1010001010
01010110010
010101010
10101010
000101010
10010010010
010010010
00100101010
10010010010
01010101
01011001
01010101
01010101
1001010010
0101010010
010000100010
0101010
1010010
001010010
10010101
1001001001
1010101
1010011010
10101001
0101001
010010101
010010101
10101010
1010001010
10011010
10010101
010101010
10101010
1010101
01001001
1010001
1010101
10101010
10101010
101010
00100101010
0101101
010010101
0101010
10101010
01000100101
100101001
0110101
000101
0101010
0100100010
01010101
101010101
010101010
001010010
01001010
01001010
010001
010101101
01101
0101000110
0010101010
1001001010
0100101010
10101010
010010010
101000010
100001010
010100010
101001001010
00101010010
010101
10100100
10101010
010101010
001010010
0100101010
10101010
001000101010
1010100101
1001001001
101010
0101011
001010001
0010101001
010101010
01001010010
0010001010
100010010
010100101
100010101
00101010
01010011
010101010
10001001010
00101001000
0100100101
100101010
11001010
1010101
01010101
010101001
1010101
00100110
100101010
0101001
10010101
0100101010
0100101010
00101010
01010101010
010101010
010101010
0010010101
1010101
101000101
01001010
0101010
1010001010
0010010010
01101010
0010101010
010101010
101001010
00101010
10100101
1001001001
01100101
00101001001
10101010
001001010
10101010001
01001101
010101010
010100010
001001010
0101010010
01010101
10010101
10011010
011001010
000101010
0101001010
001010010
0010101001
101010010
001001010
001010101
00100101
0101001
01010101
00100010
001010010
01010101
1001000101
01010101
10100101
101001010
0010101010
01010100
10100010
10010100
10010101
00101010
01001010010
0101010010
0100101010
10101010
10001001010
10101010
00101010
01010101
01010101
1001010
11001010
0010101010
01001110
00101010
01010010
010101010
10101001010
101000101
1010101
010110
010100101
10010101
1010101
10100101010
000101010
10100011
0010101
1010010010
010101010
001010101
010101001
0110101
0101010101
010101001
01001001
0100100010
010101010
0001001010
0101010
1010010010
01010010
10101010
01001010
100101001
0100101
0100101
10100101
001010
100110010
00100101010
0101010
101010010
110010
01010101
01010101
1110101
11001001
10000101010
01001010010
010101010
010010101
0100100101
101000110
0010101010
010101010
0010001010
01001010
100100001010
001001010
1001000101
010101001
001101010
01001101010
010101010
010010010
011010
10101010
010100101
0010101
0010010100
1010010
1001101
001011001
01001001
1010101
10101010
01001010
100101
10010100
010101001
01010101
01011010
01010010
10100101
01010101
00001010010
0010101010
101010010
001010101
010101010
0000101010
10101001
10010101
1010100101
01011001
100100100
1000101
0101010101
010010101
010010010010
001011010
10100101
10100101
1001001010
010101010
00100101
100100101
01010101
1001010
010100101
00101001
010101
1010101
0101001
0010010101
01010101
010010101
00001010010
0100101010
0101010
1010101
01010010
1001001010
001010101010
0010100010
00101010
010101010
001010101
0101010101
10010101
0010010101
1010101
01010101
0010101010
00101010
10010101
1010101
10010010
1001101
010101
01001001
01010101
10101001
10101
00101000101
11010
1010101
1001010
0100101001000
010101
010100101
10100101
1010101
00101010
010100100010
100011
01010101
10001101
00100101
01010101
1010011
100001010
00010101010
001010101
1010101
0100101010
01000100010
0010101010
001001010
0101100110
01001001010
01010101
010101001
100000110
10101010
100101010
010001101010
00101001010
100101010
010110101
0010101001
10010010
001001010
01010101
11010001
010100101
01010101
00101010010
010101010
010100101
001001010
10100101010
00010101010
100101010
101001010
001000101
01010101
01010101
010100101
00100010010
001001010
10100101
010101001
01010000110
00101010
011010
100101001
01010101
10010101
00101010
010110010
0001010
0101001
1010101
10010100001
01010101
10010101
1000101
1010101
010101010
010101010
01010110
100010101010
01001010
1010010
001010101
1010101
01010101
10100101
010001010
0101010
010100101
00100101
0101010
1001010010
101000101
0101001
0011010
0101010
00010010010
011010010
0101001010
001010010
010101011
0101001001
10101010
00101010
010101010
10001001010
10101010
00101010
1100010101
01010101
1010100
0101000101
010101010
010101010
010101010
10100101
00101010
10101010
10101000001
1010100
010101010
001001010
0010101010
011001010
10101001
010101
010101
10100101
010101010
0100110
01001010
10001010
0101001010
001010010
0101010
0100110
00101010
010101010
0101001
10010100100010
10101001
101000101
10010100101
0101001
01001001010
10010110
0010010010
10101010
010101001
10100101
010101001
010100101
10001010
00101010010
101000101
101010
0100100101
0010101
010101010
0100101010
01010101
0010010101
1010101010
101000010
001010001
010100101
01000101010
010010010
100010101
010100101
01010101
101001001
010101010
10100010
100101010
010101010
0100101010
10101010
001010100010
01001010
010101010
001001010
010100101
10100100000
010100101
10101001
10101010
010101010
10100110
00100010010
01010100010
00101001010
010010101
1000101001
010011010
100101010
001000010
010101010
0101001010
00100101010
0100101010
010101010
100010101
101010101
00101001
10010101
1001001010
10001010
1000101010
10101001
10010101
010101000
1010010
1001110010
01010101
10101001
010101010
100101010
0101011
1010101
01010101
01010010100
10101010
0101001010
1010101
01001
101001010
01001010
101000101
0011001
1010101
1010010101
01010101
101000100100
001000101
0100101
01010
100010101
0101001010
001010001010
10100101
010100101
100010101010
000101010
10100101
10010001001
0100011010
01010010
10010101
1000110101
010010101
1010101
10010101
01010101
000101010010
01010110
10101010
1010001010
0010101
1010101
010101
1010101
10101001
10100101
0010101001
0010101
10010101
00100101
01001010
10101010
01010101
0010101
01010010
010101010
1010101
100010101
011010010
010100010
0010101
1010011
0010001010
1101010
0101010010
1001001010
10010100
110101001
101010
01010101
10100101
010001010101
101001010
001001010
0010010101
0010101
0010101010
10001001010
001010101
010101001
011001010
0010101010
01001010
1001010
100101010
0100101010
0100010
1000110
010010001001
101010
001001000110
101010010
100101001101
10010101
000101010
00000001010
00101010
010101010
0110010
010000010
101010
01001010
010101010
101010010
10101010
1001010
010101010
0101010010
01010010
0100101010
1010100
0100011
10101010010
10101010
01010010
10001010
101001
00110101
1010101
010100
0110010
010010010
101010
00100010010
00110101
1010101
1010010101
01010101
010100101
0010100101
0100101
100100101
0101001010
01010010
010101010
10101010
0101010001
00101001
10101010
010101010
0101010101
010100101
01010101010
10001010
1001000101
01010101
01001010100
00101010
01001010
00101010
010101010
010110010
101010010
00101010
0101010
01010101
01000101010
01001010
1001010
00101010
1010101
1010101
10100100
010100110
001100101
1010101
01010101
10010101
010010010
01001000010
01010101
10010101
1000101010
010100101010
010100101
0010100101
1000101
0110101
1100101
01010101
1001010010
010101010
0101010
0101010
01010101
01010001
10010101
10010101
01001010
00101010
10100101
0100100011
0101010010
01010101010
1010010
01001010
1011001
0100101
0000101010
10010010010
00101010
011001010
100101010
1001010010
0101010
010101010
0100101010
10000100010
000010101
01010101
1010010101
10010101
01001101010
101010010
0101010
0101001010
0101001010
0000101010
0100100101
1001000001
10101010
010101010
01010101
01010101
0100101010
01011010
0010001010
00101001010
01011001010
0101010
00100101
1010101
0101010
010101010
100001010
0000101010
10101001
100011001
10010101
010010001
0101010
01001001010
10101001
10100101
100101010010
0010101
10100101
001010101
1010101
1010101
0101010010
001010010
010010101
1010101
010101010
10001010010
010100101
0010101
1000101010
101010010
0101001
010010101
010101010
00101010
0010101010
100101010
100101010
01010010
010110010
10101010
0110010
001010010
001010001
010100101
10101010
001001010
0010101010
00101010
10010101
01010101
1010101
010010101
100101
101000101
10010010
00010101010
010101
1001101
010101
1010001
010101010
001010010
00101010
01010010
00100010101
010010011
0100101010
0101010
010010101010
010010
0101001010
010101010
1010101
1010101
100101001
010101
00100101010
10101010
101001001
1010101
0101010
00101010
0000101010
101010
01010101
0010101
10001001010
0100101010
1010101
01010101
0101001010
010011010
001010101
1001010101
110001
1010101
010101010
010101010
0100101
010101
01010101
0100101
0010101
0110101
0010100101
0010101
010101
10010101
1010101
1010101
1001001001
001010001
100010001
010010101
10010001010
1001010
0101010
00101010
101010
010010010
0010101
10100101
00100101010
101000010
10100101
010101
101001001
100101
1010010
1010010
0100101
100010101
01010010
0101010
1001001010
100100010
010001010
1001001010
101000101
1010101
001010001010
001001010
0010101001
10010101
010010010
101001010
01010101
010101
10101001
1001001010
0101010100
010100101
010101
10010101
10101010
10101010
1001010101
010100
100010101
10101
1000101010
0100101010
000101010
01001010
0101010
01001010
10001010
101010010
10100101
0101001
010101010
01010010
010101010
01010011010
1000101
01001001
10101010
010101010
0100101010
00101010
0101010
011010010
100101010
0101010
1001001010
10101010
1010100101
10100101
010010101
01010101
10100101
1011001
100010
10001010
010101
01010101
010101001
01101001
01001001
1010101
10100101
100010001
10010010
010100010
1010101
010010101
010010100
10101001
100101010
10101010
0101010
0101010
10101101
0101001
0001010010
001010010
10101
00100101
01001010
0101001010
0101010101
100101001
01001010
01001010
00100101
1010101
00001010
01010010
01001
11000101
1010101
1010101
1010010
01010010
1001001
100101001
0010001010
01001010
010101010
010101010
0101010
0101010
0101010
01010100
01010101
01010
0101001
01010001
101001010
1000101010
100101010010
00101010
01001010010
01001010
010010101
001001001
01011010010
00101010010
10000101
010100101
001001010
010010010
00101010
100101010
000010101010
100101010
0101001
101000001
010101010101
101000101
010101
01010101
010101010
01010010010
0010010101
10010101
010100101
1010101
101001001
101001
0100101010
010101010
00101010
0101010
00101001010
01101010
101001010
00101010
0010101
01001
1010101
01010101
01010110101
1010110
10100101
10100101
10010010
10101010
010100101
1011001
0101000010
010101010
10010101
1001101
01001001
10100101
010010101
0101010
01010101
1010101
1010001010
00001001010
010101
010010101
1010101
01011001
100001010
10100010
0100101010
11010010
00101010010
0101010
011001
010101010100
001010010
01001010
1000100101
10010101
01001000010
00101001010
101000010
101010
0101010
10010101
00101010
101010
01001010
1110010
10101010
010101010
010100100101
1000101
0101010
10101010
1001001010
00101010
01000101
1010101
1000100101
101001001
101001010
001001010
0101000101
01010010
10001010
010101010
0010001010
010101010
010101010
10001000010
001000101
01001010101
0010100
0101001
01010101010
01001010
0101011
01010101
010101
10100010101
010101010
0101010010
0101100
0101001
010100101
010010101
01010101001
010101
0100101001
010010010
100001010
010101010
010101001
1010101
1010101
0101001
10100101
0110101
100101010
01001010
1010101
10101010
10101010
100101010
01010101
0101001
10001010
00101010
1010101
0101001
01001010
01010010
10101010
01011010
0101001010
001001010
00100101
10001001
01011010
010010110
00100010
100100110
010101
0110101
101010
0010110
01010110
100101010
0100101010
100101010
00100101
101011
10010101
010101
0010101
010011001
1010101
010010101
10101010
010101010
0101001
1010101
10101010
010101010
01010101
001010101
0110101010
010101010
0010101
00100101
00101010
100110
00101001001
101010
01001010010
10001010
1010000010010
001001010
100101010
0101001010
1010101
10100101
1010010
01001001
010101
0010010101
10011010
0101001010
10000101010
10101010
010101001
01010101
100010101
10001001001
1001001010
0101010
010100010010
01101010
010101010
01101010
010101
01011001
0101010
01011010
1010101
000101
101011
0100101
100101010
0101001010
0100101
1010101
101010010
0010101010
0101010
01001010
1001001010
0101101010
010101
0010010101
00100101
01010101
010101010
001001010
01001001
01010101
010101
01010101
00101010
10101010
100101010
1001000010
101001
010100101
01101010
100101010
00101010
10100101010
01010110
10101010
10101010
0101001010
010110
010101010
010101010
00101010
1010101
00101001
01010010
0101001010
010101
100101001
00101000101
101010101
0110010001
101001000
01000101001
100101
001010101
1010101
1010101
001001101
1010100
0100101010
10010101
101001000
10110010
0100101010
001001010
101010100010
01010010
0100101010
100101
101011001
00110010010
010101010
101000010
0010101010
001000101010
010010101010
010101010
100101010
0101010010
10100100010
0101010010
101010010
010010101
010101
01001010010
010101010
00001010
00101010
01010101
01010101
001010101
1010101
0010101010
01010101
01010
00100101
001010010
0010101
0101001001
01010101
0101001
10010101
010101
10001001
0101010
100101010
101001
010101
001010101010
10101010
1010101
010010101
010101010
0100101010
010101001
100100101
1000101001
10010101
0101001010
010101010
010010101
10010101
010101010
101001010
101010010
0101010010
1000101001
010010101
010101
01010101
010000101010
01010101010
0100101
10100101
0101010
0000101010
100010101
1010101
10010101
0010101
0100101010
0101010
1001010010
101010
1010010010
1001001010
00000101010
10101010
10010101
010101
01001010
010101010
010101010
1010010
0010101
0010101
0100101010
00101010
0101010010
101001010
0100101010
0010101010
1010100010
10101001010
01010101010
010010
1000101010
10001010
0101010
010101010
010101
10101000101
01001010010
101001010
01010101
1010010101
01000101010
01011010
1010101
10010101000
0101010
101001010
00101010101
1010101
110011
01010101
10101
01010101
00101010
010101010
010101010
01001010010
0101001
001010101
00100010010
010101010
10010101
100101001
010010010
01010101010
0110010101
101001
01010101
010100101
01010101
101001001
010010010
1010101010
01001010
0100101010
101000101
001010001
0100101010
01001010
101011010
10100010
1000101
10010101
0010101
00100101
01010100
011011
010110001010
01010100010
01101010
0101010010
010101010
0101000010
0101001010
0001001010
0101001
1010010101
010101010
0100010
0101010
01001010
010101
01010101
10101010
00101010
0101001
10010101
1010101
0101011
10101001
0100101
10010101
10010101
01010101
01010101
010010010
01010010010
1001010
01010
001001000101
100101
101010010
010010010
01010001
1010101
01001
01100101
0011010
10101010
10001010010
0100101010
1001001001
1001010010
00101010
010110010
000100110
0101010
01010100010
1001010
01001001010
10001010
010010101
0010101
01010010
01001001
10110010
10100010010
010100101
01010101
01001010
010011010
010101010
010101010
010100101
0100101
0101010010
01011010
0100010101
1010101
010100101
1010101
10000011
1010101
0101010010
0101001010
010101010
0101001010
00101001010
00101010
0101001010
00101010
01010100101
10101001
001010101
10010101
10101010
011000010
10101001
01010101
10101001
0101101
0101010
10101010
10101001
100010101
010001010
0101010
10101010
01001101010
10101010
010101010
10101010
010011010
010100101
001000101
001010010
001010101010
1010101
010010101
010101
1010101
10110101
1010110
01010101
010010101
10010101
1010101
100010101
1010010
0010101
1000001001
10100101
00101001
101001010
10110010
100010101
10100101
100101010
0101010
010101010
0001001010
1010101010
1001010010
01010101
10100011
010101100
101010101
0101001001
10100101
101001010
0010101010
10100101
01010101
01010101
010010101
101001010
00110010
01001010010
100101010
0101101
01010101
0100101010
0101001010
0101001010
001010010
00100101
0010101001
001001010
00010101010
101001010
000110010
0101010010
1001001010010
0011010
10101010
01010101
101000101
101010010
001010010
1001001010
1001001001
1001010101
01010011
000001010
001011001010
101000101
0100101001
010010000001
1000101001001
1001001010
10011010
000101010
010100010
0010100101
1010101
100101001010
101001010
100011010
010001010
0100101001
010101
100101010
10101010
01001010
010101010
010101010
0100101010
10100101010
00101010
0100101
0100100101
000010101
10100101
10010101010
0101010010
01010001
0010101001
1000101010
00101010
01010101
0100101
10101010
010001010
010101010
1010010
10101001
1010101
100100001010
0001000101010
001001001010
10101010
0100101
101000100
01011010
000101010
00100100101
01010101
01001001
01010100010
010010101
01010101
01001010
0100101010
01010101
0010101
010101010
00000101010
10001001010
1000001010
00101010010
01010010
101001010
10101010
010010101
10100101
00101010010
10100110
0000101010
010101010
10100010
101001010010
01000010110
10101010
10101010
10101001010
1000100101
1001010010
011010010
0100101010
1001000101
1010101
01001000110
1001001010
01010101010
1000101010
00101001
10010101
001010101
01001001101
10101010
010101010
00101001
010101
10001001
101000100
0010101010
01011010
101010010
0100110
1001010001
0101001
000010101
0101001
100101010
100010001010
100101001
1100100100
001010101
001101
1000010101
10100101
00101010
101001010
1000101010
010101001
10001001
100010101
1000100010
010101010
1001001010
100101010
01010101
01010101
10101010
010101010
1010101
1010101
0110110
0101010010
001001010
010101010
1000101
0110101
00100101
100101
010100110
0000101010
010100101
0101001
1000001
1000010101
10001010
0100101010
01010010010
010101010
10010101
01010101
1010000101
10100101
10101010
101010101
1010010
0100101010
101001010
10101010
01010101010
0010101010
010101010
101000101001
010101
100101001
101010101
01010101
101001010
01000101010
01010101
001000101
00010101010
0100010010
1011001
010100101
001010101
101000011
101010
001001010
00101001
10010101
100101001
00101010101
0100101010
00101010
1010101
010100101
01010010
10101010
010010101
01010101
00101010
00101010
1001001010
10101010
0010100100
010101010
000010101
10010101
10101001
010101001
01001001
001001010001
01010101010
0010100101
0100101010
1001010010
01010010
0100101010
0010010110
010101010
001001010
010101010
010101010
0100101010
1010010
0100101010
1010101
01010101
10101010
00101010
10101010
1000101010
10100101
1010101
01010110
01001010
0010100010010
100000100010
00101010
0101001010
010001010
0100100010
010010
010010010
010100010
01001010
010010101
010010101
01001001
01010101
1000101010
0101010010
10010101
0101001
0010010101
10100101
1010010010
010101010
0010101
1010101
1010101
001010101
1001010010
01010101010
01100101
0101000100
00100001
01010101
010100101
0100110010
010011010
0100101000010
0100101010
10010101010
01000010100
1010100001
0101010101
10100001
01010101
01010101
1010101
1000100101
01001010010
10101010
10101010
1010010
0101010101
00100101
01001010010
0101001010
0100100101
100010101
10010101
1001101
10001010010
101100010
01010101
1010101
010010100
000101010
100101010
001001010
10101010
0101010010
011001101
10100101
0101001010
0101010
00001000010
1000101010
10001010010
01001010010
001101001
01001101
001001010010
010101010
000101010
0001010010
10100101001
01010110
01010101
010010101
0010010101
1010000101
1010101
101101001
010010010
100101010
010101010
101010
10010101
00101001
01001001
0110101
001010010
010101010
100101010
01001010010
1100101
1010100
1010101
010010101
01010010
001101001
100100010
110001010
1010101
1010101
101001010
10101010
010101001
0100101
00101001
0101001
0010101
0010101
10100101
10010101
1000010101
001010101
010101010
11001010
0100001010
010001010
0010101
01001101
1010011
10010101
0001010101
0101001
0101011010
1000100010
10000100101010
010001010
1010101
1010101
010101100
0010101
010101010
01001010010
01010010
101010
1010101
10100101
101001010
1001001010
01010101
0101101
01010101
100100100
01001010010
00101010
0101001010
001010010
01010101010
00101010
00100001
0101001
01010010010
010101010
1010101
0101010
001001010
010101010
0101010010
0101001010
10010001
100010101
100010010
0101010
01010101
1010101
1010101
0010001001
100001010
01001010
010101001
0101010
10100101
1000101001
00100101010
000101010
10100101
100100101
010101
1010101
101001010
100100101010
1010101
01001001
100101010
10010010010
01010101
01010101
011001010
100101010
010101010
001101010
01010101
0101001001
0100100101
01011001
100101010
0100101010
0100101
010100101
00010101010
1001010
10101001
001001001
010101010
010101010
100100101
100010101
0100100101
1010101
010101
010101
10101010
10101010
10101010
0101001010
010101010
100101010
101000101
010010101
1010101
00100101
00101010
10001010010
10100101
1001010
01001010010
00101010
1010101010
1010010010
100100100
01010101
01010100010
010101010
1000110100
10010101
001010101
010010101
01001101
010101001
010100101
01010101
00100101
10100100
01001010
0101010
001010010
1001000010
001010
010101010
01001010
101001010
01010101
10100101
001001001
0101101
1010100010
0010101010
010101010
11001010
010010101
00100100010
00100101
000010101
101010010
01010010
001001001
0101101
01010101
01011001
1010101
001101
0000101001
010101
0101010
10101010
0100010101
010100101
10100110
100101
0010100101
10100011
0010000101
00110101
01100100101
1010101
1000011010
0101010010
100100100101
010101
01010101
010100101
0101010
00101010
010010101
001010100101
01010101
1010101
0010101
0101011
1000101
01010101
1000101
01000101
001010010
100101010
101010010
10010110
10101010
10101010
01001010
0010001010
00101001
010100101
01001011
10101010
010101
01001011
1010101000
01010101
01010101
10010011
010101
00101001
010101001
101001001
1000110
010101010
10100010010
00101010
00100101
01010101
010001001
01010101
0010100010
011010010
010010101
00101001
0010101
0010101
001010010
0101001010
10010010010
0101001001
00101001
0101001
010010010
001010101010
00101001
01010101
010010001010
010001010
00101010
01001001010
001101
1010101
01010101
0100101
01010101
10010010101
10101010
0100101
01010101
10100101
1010100
101010101
11000101
1010011
10101001
10100001
101001
0101010010
01011010
010101010
101011
1010100101
010101
101000101
000101010
01010110
00101011
101101
100101010
1010000010
10101010
1001010
01010010
100101010
1010101010
001001010
11001010
010101010
1010101
10010101
010110100010
010101010
1000110101
1001000101
1000100100100
100010101
010010010
010101010
0101010
100010010
0011010
01110001010
0100101001
01010101
0101001
010101001
101001000
01010101
0010101
0010101
01010010
101010010
1010101
010100100
1010101
010010101
01011001
00101001
0101010
100101011
010101010
01001010
00100110
000101010
101010010
1000101010
00101010010
101001010
0100011
0010100101
00101010
010010010010
101001010
101010010
0100001010
0100101010
01010101
100010101
01010101
10010101
001010000
10100101
0101010010
10010101010
0101010010
0001001010
101101010
10101001010
1010101
010010101
010101010
010101001010
10010101
0100101001
010100101
100010010
1010110
01010101
010010010010
01010100010
10101010
0101001010
1001001001010
0101001010
0110101
1000100100
0010101010
00101010
010100101
001010100
0100101010
000010010
10010001010
100101010
01010101001
1010101
00101010010
0011010
10101010
0101001010
010010101
0010010100
010101010
010101010
01000101010
01010000010
010101010
001001010
00010010101
010010101
00100101001
100100101
010101010
00101010
010101010
010101010
010101010
0100101010
00101010
0101010010
010101010
100101001
100101
1000101
001010001
01001001
001001001010
10011010
00101010
0101010
1001001010
10101010
1010101
100100101
00010101010
101001001
0100101010
010100110
01001010
00101010
00101
00100101
1001010010
01001010
010101010
010101010
010100101001
101000101
01010100110
0100101010
101001010
00100101010
101001010
10100101010
1010101
100010000101
1010101
0010101001
1100010101
1010101
010001000010
10101010
01010010
01010100110
010101010
0100101010
001010010
001001001010
0010101001
010101010
10101
1010101
10000011010
100001010
011001010
0101001010
0010101
1001001
10001001010
001001010
1001010000010
000101010
01010101
10010101
010101010
011001010
0010010101
101010101
01010101
0010001001
00100101010
100101010
01010101
0100101001
01001010
010101010
100101010
010101010
00110101
1010100101
01010100101
1010101
1010011010
010101010
00100010101
100101001
101010010000
101001
1001001010
101001010
0100101
01010101
0101010
100101010
1000100110
01010010
10010101
001000001
1010101
101001
0101001010
0100101010
010101
1010101
1010010101
010010101
00101010
010101010
1010101
1010101
1010100010
1010100010
000101010
101001010
001010101
101000101
0100010010
01010001010
000101010010
00101010010
10010101
010100101
0101010010
100100101
01010101
0100101
00101010
0011001010
10001010010
100101010
01010110
010101010
00100101010
10101010
1000010010010
01010100010
1010101
000101010
01010010
00100100010
01001010010
1001010
1010110
101010101
00100101010
0101010010
10100101
10000101001
1010101
1010101
001010101
00101
00101010
0100101010
1010101
010010101
1010110
01010101
0101010101
010101010
010100101
011000101
100001010101
01100101
1010101010
1000101010
10101001
01000101010
101010
0010101010
010101010
100101010
0101100101
0101010100
1010101
010010101
001010101
10101001
010101
010101
10101001
01010101
101000101
10101001001
010101001
0101010100
010101010
10101010
1010101
010101
1010101010
001000101010
1010010010
010101010
010101010
100110010
101010101
01010101
100010101
01001001
10001010
101001010
01010101
0010010101
010010010010
10000101010
010010010
0100010010
11000101
10000101
010010101
01001010101
00100101010
0010101010
00101010
01010001010
010101010
01001010
101010
10101010
01001001010
010001010
00100110010
00101010010
00101010
010101010
01000010101
010010101
01010101
010100010
10001010
001011010
101001010
0001001010
10100101
100010001
0101010
01001010010
011010
1000010101
101010101
001010100
00101010
10101010
0010000101
00100101
00100101010
010011010
0010101010
001010010
010101010
00101010
010101001
001100101
1001001
00100101010
01010101
0100010101
0100101010
0010010010
00101010
01000101010
0000101010010
01001001010
1000010101
1010101
1000101
1001001001
100100101
01001001
0101010
0100101010
100100101
100101001
101000101
001001010
101000010
0100101010
100101
101001001
001010101
01010101
01001110
0101010010
010011001
01010101
011010100
10101010
10101010
11010010
101010
01001011
0100101
01010101
1001010001
1010101
100010010010
00101010
01010010010
101001010
001000100101
10010010101
0010101
001101001
00101001010
00101010
100101010
1000101010
010101010
100101010
00001010
0011010
10101
010100101
10101101
01010101
0100101
100100101
10010101
101001
00011010
00101010
010101001
0010010101
1001010
10100011
1010110
10010101
1010010
0101010
010010101
1010101
10101010
0100101010
100101
100101010
0001010010
010010010
01010101
010100101
100010010
10101001
00100110
010010010
01010101
1000000
010100001
0101001
10010100
1010101
000010101
001001001
0101001
01010101
1010101
100010101
010101010
00101010
1100101
0010101
010010
01011001
0101000010
01010010010
010010101
0100100101
001010101
010010101
010010001010
0101010
000011010
00100010
010101010
101001010
10101010
101000011
01001010
0100101010
0100101
1010100
10100001
10010101
1010001010
10101010
01001010
01001010
010101010
1000101010
100101010
010011010
00100101001
0010101001
10101001
1001001001
11000110010
10101010
10101010
1010001010
001010101
00101001
0101010100
10010101
0010010010
10101010
0101010100101
0010100001
1010101
10100101
10100001010
1010101
00101010
000101010
10101001
001010101
0101010
10100110
00100101
00101010001
11010101
00100101
01001001010
010101010
01011101
01010101
0101010101
1010001001
001010101
0010101001
0101001010
1000101010
10010010
0101010
10101010
10101010
010010001
1010011
010010010
010101010
100000101
1000101
0010010010
101001010
0101000101
1010101
01001010
1000101010
1001010010
010101010
100100101
001010101
1010101
001010101
10010010
101010010
100101010
0100101010
00010100010
10010001010
10101010
0101010
10100100
0101001
010000101
10100101
1010011
101001010
100101010
0010101010
10001010
10100101
01010101
10010101
010101010
101001010
1010010
0101001000100
00000101010
1001010010
0100101010
0100110010
0101010010
010101010
10010100
100100101
0010101001
01010010
010101010
0010101010
10100001010
1000001010
100001010
10101001010
10010101
01010101
010100001010
10000101010
1001010001
0110101
01010011
000010101
001101001
00101001
010101
00100100
0101101
010101
101001
1010101
100010010
0100101010
0010101
101000101
1100010101
0010100101
00100101010
0000101010
10100101010
10010100010
0100101010
010101010
01010101
010101001
001010101
1000101010100
00100101010
00101010010
00110101
00101001
001001010
010101010
10101010
10101010
010101010
1001001010
0110101
10010101
1010101
100010100
1010101
01000100100
10010101
0010011
0100101010
010100110
0101001010
10101010
010101010
101100010
010010101
01001010
100101010
1001010010
00101001
01010101
00101010
010001010
0000101001
001000101
001000101010
10010010
00101010
0100001010
1001010001
001010101
1010101
1000001
0101101
100100101
101010001
0010101
100010100
010100101
001010001
1010010000
1010101
0100101
010101010
01010010
0010100100
010101011
00010101010
10001010
0000101010
100101010
01001001010
0100101010
10100101
10100101
010101
0010010101
10010101
001010110
001010010
0101010
00101001010
01001010
1000101010
1001010010
0100110010
00101010
1100101
0100101
010010101
10010101
0101010101
010100101
1010101
010100101
10010101
01010101
010001001010
00101010
1010101010
010101010
1010010010
1010010010
1001001010
001001010
1010101
010010101
0010100010
1000001010
10001010
1000010010
010100101
010101001
100101010
1001011
1010101
101001
0010101
0100101
1010010
11001010
10100010
101001010
001001010
0101010010
010101001
1010101
10101010
10101010
10100101
100100110
1010101
010101
0101001010
01001001010
1010001010
00101010
01001010
1001001010
01010101
101001001
00101001010
01010010
001010101
1001000101
100010101
010101001
0010010110
10010100101
10100001010
10010101
0100101010
0011010
010001001010
0100110010
01010110
100001010
01001010
100001010
10101010
0101010
100011010
1010001010
01010001010
0100110010
010101010
10101010
010101010
01010010110
0101001010
100101010
011000101010
101010010
0101010
010101010
0100101010
10000101010
000101010
001001010
0100101001
01010101
0100010101
1001001001
0010101010
00100100100
00101010
0100101010
0101010101
1010101
001010101
0101010101
001001010
0100101
10010101
010101
001000101010
001010001010
010101010
010101010
0100101010
10000001010
10101010
010010001010
101001001
001010101
010101010
0101010
01001001
1010101001
0001010010101
101010101
010010101
010100101
01001010101
100010101
010101010
0010010010
1001000101
00100101
0100010101
010100101
010110010
10010010
01010110
0101001010
0101001
0010101
10000101010
000101010
010101010
01010110
1010101
010101010
001010101
010101001
10010001010
0101010010
0010101001
101000101
001001010
0101001010
010101001
0010001001
001001001
0010101
100100010
101001010
0010101001
0100101
000101010010
00101010
0001001010
010101010
010101010
010101010
010101010
0101010010
0010101010
010101010
100101010
1000101010
100101001010
100101010
01010101
10010010101
0101001
0101001
001000101010
001001010
010010010
0100101010
001010010101
01001001
010000101
001010101
1001010010
010001010
0100010101
100010101
010010010
10100101010
01010010
1000101010
010100010
10010001010
10100101
11000101
01010101
0010101
1000010101
001010100
00001010010
1010001010
10101010
101001010
01001001010
0100101010
010010101
010100101
01010101
010100101
10101
01010100
01001010
0100101010
10010101
0110101
1010001
100010101
001001010
010101010
10100101
0010101
10100010101
0101001
010010101
1010101
0100101
1010101
0101001010
010101010
0010101
10101001
011010010
00101001010
0100001001
01010101
0010010010
101010010
101001010
101001010
00010101
01010101
010101010
0101001010
10101010
1001001010
101010
01010101
100101
010101
10101010
010101010
10100101
1010101
01010101
0101001001
100010101
01011001
1010101
1010101
01010001
01010011
0010101010
00101001010
0010101
010010101
0010010010
001001010
10101010
10101001
0101010000
001010010
001010001
10100101
100101010
0101010
10000100010
010101010
10101001001
01010100
10101010
00101010
01011001
010101001
010101010
100101010
010010010
00101010
1010101
010010101
0101001010
010101010
01011010
0100101010
00101010
010101010
10101001
0011011
010101
01010101
10101001
1010101
010100101
01010101
1010101
100101001
1001000101
0101010000
001001010
101001010
1010101
1000101
010101011
000010101
101001010010
0101010010
01010101
010101001
00101001
10010101
01001010
010101010
00100101
1010011
0110010
001001011
01101010
01010001010
010010101
10010101
101001010
010101010
0101010
1000101010
101010001
0101101
01010010010
00001010010
10101001
010101010
01011
1000101001
0010001010
0100101010
00100001010
001010101010
10010100
10100101
010101
1011001
101000010
10100010
010010101
1010100101
10101010001010
10101010
0010010100
010010101
1010101
1100100
01001001
001010101
010101001
10100101
00001010010
1000101010
001010100
1000010101
1010101
0101001001
10000101010
01001001010
00101001010
101010
1001001
10101001
10001001
1010010
010010101
01010101
11000101
01010101
01001010
10001010010
010010001
0100101
010100000010
0101010
0101010
00101010
0100101010
010010010010
0010010010100
10101010
10101010
0101010
0001010010
0101010010
010100101
00101001
101001010
10010100010
101011010
001010101
101001010
0010011010
1001010
01010101
10100101
01010101
0101010101
010101010
010010101
10000100100
0010101010
001101010
001011010
10101010
01010110
00100101011
001011001
1000101
101001001
100101001
101010010
0101010
010101010
01011010
1001011
10101
010010101
101000101
01010010
1010010010
1001101
100100101
01010101010
0010010010
01010101
010100101
0101010
010010010
1010001010
0100101010
1010101010
001001010
0010010101
100010101
0010101010
0010101010
01110010
10101010
000101010
00101010
01010101
0101011
101010101
01010101
01010001
100010101
1010001010
10101010
1001001010
0101010
10001010
1001001010
010101001
100101001
011001001
1000101
0101001010
010100010
10101010
010101010
010100101
0101101
0101001001
10101001
10101010
01010101
0000101010
0101010
00000101001
0010101
010101010
00100010010
101101
1010101
01101
01001001
0010100101
0010100101
1000100101
10100101
101001010
01010010110
1001001010
1000101010
010100101
010100101
10101010
00100001001010
0100100101
1010010011010
0010100100
101010101
001010010
01010010
10100101
10010101
1010101
100101100
010101010
1010001010
011000010
0010101
100101010
1001001010
10101010
0101010
1010101
000010101
0101010010
0100101010
01010101
010100011
010010101
01010101
1001001
100100110
010100101
10101001
010101010
010101001010
010101
10100101
1000100101
01010101
010100110
010101010
00010101010
010101010
010100101
1001001
10101001
100101010
0101
101010101
01011010
010101010
1010010
10101010
0101010010
1010101
10101010
100101010
0101010010
101001010
010010
1000101010
1000101010
101001010
0010100100
1010101
010100101
01010101
1010101
01010101
010100101
1010111
01010101
010101001
10101010
00101010
00101010
001001001010
010010001010
1001010010
0100101010
00101010010
0001001010
010101010
100101010
010001010
10010010
00101010
10010101010
0100101010
010101010
010001010
01010101
1010101
010101010
10101010
1010010001
10100101
0101001010
10101010
0001010101
01010101
010011010
0101010010
0001010010
010101010
010010101
010100101
010010101
1010101
010101010
10010010
010100101
001000101
101000101
00100101
0010001010
001001010
1000101
0110101
1010101
10101001
1001010100
0101010
100010101
01000101
01010101
1011100
00101010
01001010
10101010
0101010
0100110010
100101010
0010001010
01010010010
0101001010
01001010010
01010101001
100000001
1001010
101001010
01001101010
101001010
01010101
00010010101
010010101
01010101
010101010
101001010
0101010
1010101
1000101
0101010101
100101010
0101010010
010101001
100001010101
0010101010
00101010
010101
010101001
01010101
101000100
010101010
0101010
101010000
0101001
0010001010
001001010
1010101
0010101
0100110
0100001010
10000100101
1001101
100101001
1011001
00100001010
010101010
10010101
01010101
010101010
000101010
010100101
1010000
0010101
1001101
0101010010
010101010
10100011
0010101
100100101001
101001010
010100101
0101001
010000101
00100101
10010101
100010101
1010101
0010101
001010010
00100100010
10101101
10101011
10100101
1010101
001010101
010101001
0010101
01000101
11001010
101001010
0100101
00100010100
001000101
10010101
010101010
01001001
0010101010
10101010
0101001010
01001010010
01010101
001010101
1001101
0011010
0010011010
010101010
0100100001
00110101
010001010
0100010010
0101001010
10001010
000101010
00100010010
00101001
1001001010
10101010
001010010
100101
010101010
101101010
10010001010
0000101010
101001010
0110101
000010101
001010101
00101000101
010100110
1001010010
00010101010
100100010010
1010010
0010010010
01010101
010101
00100101010
01001001010
01010010101
10100101
101000010
101001010
110001010
00101010
0100101100
100011010
10100101010
010110010
01010100101
0010101
01010101
0010010100
01010101
010101
00100010010
11001010
00110010
1000101010
1000100100
010101100
01001001010
1000100100
00100100001010
10010101010
01010101
101000101
001011010
00101010
100010101
1010001
10010101
00101010100
100010101
110010
0101001010
100101010
00001010010
0010001010
0010101
01010101
01101010
101001010
001010101
1100011
0101010101
00100101
100101010
0001010100010
101010010
001011010
0110101
010010101
100100101010
0100101010
10100101
010101001
01010101
001010101
10001001010
0001010010
101001010
01000101010
0010010101
01010101
010101001
010101001
01000101010
1010001010
010101010
100110010
0010010101
0010010101
010101010
0010101010
0100100101
001001001
0101001
010101001
0011001
01010101
00000101010
0100101010
0101001010
00101010
010101010
0101011010
01010101
0010101001
01000101
010010101
000101010
0100110
0010001001010
001001010
010101010
01100010010
01010101
0000101001
010100110
10101010
01000101010
010100010
0010100
0010100101
01001010000
10011010
00110101
00010101
00101001
0010101
10100101
0100100101
00101001010
0101001010
0010101
0101010
00010101
100101101
100010010
1010010010
01000101010
1001001010
010101010
0010011010
101000010
0000001010
100100101010
01010010010
10101010
00101010
0101001
010101001
10101010
1000110010
110010
1010010
001001010
010001010
010101010
1000010010
10100101
0100000101
10010010100
01000101010
00100101001
01010101
010101001
010101010
0010101
10001000101
0010101
0100101
0010101
101000101
001010101
010101001
1010010010
010101010
01010101
01011010
1010101
010010101
001010101
0000101001
010101010
0101001010
00101010
00101010
01010101
010100101
100000010010
001001010010
001001001010
0010001010
001001010010
010101010
1000100100
1000101010
0100010101001
00010010101
100101010
0100001010010
00100101
01010001010
010101010
1001010010
1000101
1010010101
001010010
0100001010
01001010010
0101001010
00101000101
0101010101
01001010010
1010001010
01010101
1010101
010010100010
001001010
10101010
00101010
010101010
00100101010
00000110010
0100101010
1010001010
010101010
001001010
00100101010
01010101
01010101
0010001001
010000101
001010010
010011010
0101010
1011010
0011000010
1001010
00100110010
100100010
00101010
101001010
100101010
101001010
0101010100
10101
011010010
10001001010
10101010
1000101010
10101010
0010000010010
01001000010
100001010
01010010010
101010010
10000100101
1010101
010010010
1001010010
010101000
10011010
01001001010
0010001010
01010101010
00101010
01001010
010101010
101010101
10101001
00101010
010110010
00100101010
010101010
00101010
01001010
0101001001
1010101
010010
010010
000001010
001001010
10101001
10100101
10100010010
010001010
1010010100
01001001010
0010001010
0100101010
01001010
01001010
100110101
001010101
101010010
0010010010
10101010
010110010
010000101001
00100101010
1010101
0100100101
1010101
010101
0110010010
1001010
01010101
0100101
1001001010
1001010
00101010
00101001010
01001001010
10100010
10000001010
10101010
1001001
1001011
010101010
001010010
0100110010
100101010
01101001
0100100101
01000100101
1000100101
0010101010
10101010
1001001
0010101
01000101010
0101010
1011001
00010101
10010101
0101001001
0010100010
0000101010
1010010
01011010010
01001010010
0001010010
100100101
0001010101
010101010
001001001010
01010010
0101010
1010001010
01001001010
010010101
00101010101
101000101
10010101
10010100010
00110010010
010101001010
01101010
01010101
01010101
01001010
0100110010
010101
01010101
10101010
0101010010
101001010
010101010
010001010
0101010010
010101010
01010010010
10100101
010010101
001010010
01001010
0100101010
101001010
001001001
000101001
001001010
1000101010
0100101010
00100110010
1001101
0110101
011010
101010
100101010
01010101010
010101010
101010010
0101001010
001001010
0010101
00101001
00100101010
01000101010
010101010
010101010
101000101
100000100101
010101010
001001010
010010101
10101
0101001010
0101010010
001010001
01010101
0101011010
0101010101
101010101
01010101
10001001010
10000110010
101010010
101001010
1010010101
10100101
010101
01010101
101010101
010100101
10101010
010101010
10101010
010010101
01010101
010101001
1001001010
010101010
101001010
00100101010
010110
10101010
101001010
0101001010
010010100110
1010101
00100101010
0010101010
0100100010
100101001
01000010101
010100101
10010010101
010010101
010011001
001010101
10010101
0010100001
10010100
01010101
1001010
010100010
010100010
01010001010
101001010
100010010010
10010101
010010110
10010010
010101010
0010101010
0101010010
010000101010
010101010
10010101
101010100
00100101
0110101
01010101
00101001001
010101010
10101010
010101010
0101010100
10001010010
0101010
101001
1010101
0010100010
010101010
10001001010100
010010101
0101010010
101001010
001001010
010101010
100101010
010101010
001010010
010110010
010101010
1000010010
1001010
101001010
0101010010
10101010
