101001010
0100101010
0100000110
10001010010
1010101
1010101
10101010
10101010
010100101
10101001
01010101
01010101
100010101
01100101
010010101
001010101
00101010
0101010010
0100101010
101001010
0100101010
0010100010
10010101
01010101
10101010
01011010
10100101
01010101
010101010
100101010
0101010010
01001010010
010101010
01001010
1010101
00100101
1010101
10010101
01010101
01010101
010101010
10001010
01011010
010101010
01010101
1010101
010101010
1000101010
100100010
10010010010
01011001
01010101
001001010
00110010
010101010
0100101010
010101010
001001010
10101010
010101010
00110101
0010101
0101010010
10101010
00101010
10101010
0101010001
010100101
0110101
0100101
101010010
0101010010
1001010
100010101
1010101
01010101
1010101
01110001
001001010
010101010
101010010
010101010
01101010
10101010
010101010
010101010
10101010
00101010
001010101
0010101
00010101
001010101
0100101010
10101010
010101010
010101010
0101101
01010101
1010101
100010101
0101001010
0100101010
010101010
010101010
10010010
010101
100101010
010101010
0010101
01010101
10010101010
10101010
010100101
01010101
1001010
0100101
010101010
00101010
00101010
00101010
01010101
00100101
1010110
010101011
01001001010
0010101010
0010010110
10101010
101010010
001001010
010101010
010101010
1000101
01010101
100010010
0101001010
010101010
010101010
0010101
0110101
10100010
10101010
01010101010
01011010
010101010
00001001010
1010101
0010101
001001010
1010010010
010101010
010101010
00101001010
001011010
001001010
1010010010
010101010
00101010
010101010
01000101010
00101010
10001010
100101010
010101010
00101010010
0010100010
101010010
10101010
0100101010
010101010
0101001010
010101010
0010001010
00101010
010101010
010101010
1010101
100010011
0101010
0101001
00101010
10101010
1010101
01010101
0101001010
010101010
10101010
010101010
01010101
01010101
100101010
010101010
101001010
10101010
0101001010
01001010
0100101
001010101
01010101
01010101
1010101
0010101
0110101
10100101
01010101
1010011
010101
01010101
0000101010
010101010
01010101
01010101
01010010
0010101010
00100101
01001010101
1010101
01010101
100101010
0101010010
01001001
0010101
0101001010
10101010
01010101
101000101
01010101
1010101
1010101
00101001
1010101
00100101
01010101
101001
100100101
010101001
01010010010
010101010
1010101
001010101
010101010
010101010
10001001010
010101010
010100101
100010001
010101010
010101010
100101010
010101010
010101001
010101001
100010101
01010101
010101010
01001010
010010101
010100101
0110101
01010101
0010101010
100101010
1010101
01010101
10101010
01010110
0100010010
00101010
01010101
00010101
1010101
10010101
10010101
01010101
00101010
010101010
01010101
01010101
01010101
0100101
010010101
1010101
0010101010
010101010
1010101
0100101
00101010
10101010
01010101
100010101
01010101
01010101
10100101
1010101
100101010
100101010
010101010
010110010
10100101
011000101
1010101
01010101
